1 0 0 1 1 1 1 2 0 2 0 1 1 0 2 1 0 2 0 1 0 1 29 4 7 4 1 19 2 5 4 1 1 1 1 0 2.71 2 2 2 2 
2 1 1 417 3 417 2 652 1 650 415 1 0 0 3 3 3 3 0 0 0 3 2031 11 1960 17 1935 1302 693 704 18 686 1246 5 1246 3 0.66 1251 10 1251 6 
3 2 1 2 2 2 1 6 0 5 0 1 0 0 8 8 2 8 0 0 3 5 144 15 59 20 29 70 26 40 20 20 3 3 3 2 1.19 14 14 14 8 
4 1 1 2 2 2 2 6 0 6 0 2 0 0 6 6 3 6 1 0 3 2 93 12 49 17 21 32 24 36 16 20 4 4 5 2 0.65 11 11 13 9 
5 0 0 2 2 2 1 7 0 6 0 1 0 0 5 5 3 5 0 1 0 4 86 11 46 18 19 29 21 32 15 17 3 3 3 1 0.63 10 10 10 5 
6 1 1 2 2 2 1 6 0 6 0 3 2 2 35 33 5 35 1 10 0 24 390 48 255 85 138 88 128 201 82 119 7 7 7 3 0.35 73 73 78 49 
7 1 1 1 1 1 1 3 0 3 0 1 0 0 8 8 1 8 0 0 2 6 82 12 35 18 8 35 11 20 12 8 1 1 1 0 1 8 8 8 8 
8 0 0 1 1 1 1 3 0 3 0 1 1 0 8 7 1 8 0 1 0 7 71 12 37 19 9 22 12 21 13 8 2 2 2 0 0.59 9 9 9 8 
9 0 0 1 1 1 1 1 0 1 0 1 0 0 1 1 0 1 0 0 0 1 41 4 5 4 0 32 3 4 4 0 1 1 1 0 6.4 1 1 1 1 
10 3 2 2 2 2 2 9 1 7 1 1 0 2 8 8 6 8 0 0 2 6 126 21 80 29 49 32 48 65 26 39 10 10 10 4 0.4 17 17 17 15 
11 1 1 27 4 28 2 69 2 62 28 1 0 0 3 3 3 3 0 0 0 3 254 13 196 17 178 117 103 115 18 97 77 6 78 3 0.6 82 11 84 6 
12 2 2 2 2 2 1 7 0 6 1 1 0 0 3 3 0 3 0 0 0 3 53 3 27 12 11 23 11 17 8 9 3 3 3 1 0.85 5 5 5 3 
13 2 2 2 2 2 1 6 0 6 0 1 0 1 8 8 4 8 0 1 0 7 98 14 64 26 31 20 38 51 23 28 5 5 5 3 0.31 12 12 12 11 
14 2 1 2 2 3 2 9 0 8 1 1 0 0 2 2 3 2 0 0 0 2 62 8 25 11 9 29 13 18 10 8 3 3 4 2 1.16 4 4 5 4 
15 1 1 1 1 1 1 3 0 3 0 1 0 0 4 4 0 4 0 0 1 3 53 9 18 9 4 26 7 12 8 4 1 1 1 0 1.44 4 4 4 4 
16 2 2 2 2 2 1 8 1 7 0 1 0 0 2 2 1 2 0 0 0 2 48 8 21 10 10 19 13 18 10 8 3 3 3 2 0.9 4 4 4 2 
17 1 1 1 1 1 1 3 0 3 0 1 0 0 4 4 0 4 0 0 1 3 56 7 18 9 4 31 7 12 8 4 1 1 1 0 1.72 4 4 4 4 
18 1 1 4 4 4 2 11 0 10 0 1 0 0 8 8 5 8 0 4 0 4 137 13 100 31 58 24 55 84 31 53 10 10 11 4 0.24 30 30 33 15 
19 1 1 5 5 5 1 20 0 20 0 1 0 0 1 1 3 1 0 0 0 1 61 5 28 11 14 28 18 24 12 12 5 5 5 2 1 5 5 5 1 
20 4 1 2 2 2 1 7 0 7 0 1 0 2 11 11 7 11 0 0 0 11 252 24 103 36 62 131 65 84 33 51 7 6 7 1 1.27 21 20 21 11 
21 2 1 2 2 2 1 6 0 5 0 1 0 0 7 7 2 7 0 0 0 7 127 14 52 23 22 61 23 36 18 18 3 3 3 1 1.17 12 12 12 7 
22 2 2 2 2 2 1 6 0 6 0 1 0 0 2 2 2 2 0 0 0 2 61 7 20 9 8 34 11 16 8 8 3 3 3 1 1.7 4 4 4 2 
23 1 1 6 5 7 5 12 0 12 0 1 1 2 27 26 6 27 2 12 0 13 546 70 339 53 258 141 227 359 54 305 34 24 37 5 0.42 158 132 176 124 
24 1 1 2 2 2 1 6 0 6 0 1 0 0 2 2 0 2 0 0 0 2 42 5 19 9 8 18 9 13 7 6 2 2 2 1 0.95 3 3 3 2 
25 1 1 1 1 1 1 5 0 5 0 2 0 1 6 6 5 6 0 0 0 6 119 14 61 29 28 44 34 42 24 18 2 2 2 1 0.72 7 7 7 6 
26 2 2 1 1 1 1 5 0 5 0 1 5 0 10 5 4 10 0 0 0 10 191 17 70 28 30 105 37 52 27 25 4 4 4 3 1.5 14 14 14 12 
27 1 1 2 2 2 1 5 0 5 0 4 0 1 17 17 5 17 0 4 0 13 245 29 119 45 52 97 50 83 43 40 6 6 6 5 0.82 31 31 31 17 
28 4 2 2 2 2 1 6 0 6 0 2 0 3 53 53 9 53 0 4 0 49 811 72 388 100 237 352 221 299 89 210 6 6 12 4 0.91 81 81 87 60 
29 0 0 1 1 1 1 3 0 3 0 1 0 0 4 4 1 4 0 0 1 3 56 7 21 11 5 28 8 13 8 5 1 1 1 0 1.33 4 4 4 4 
30 2 2 1 1 1 1 2 0 2 0 1 0 0 7 7 0 7 0 0 3 4 161 12 25 17 3 124 13 20 17 3 1 1 1 0 4.96 7 7 7 7 
31 8 3 1 1 1 1 3 0 3 0 1 0 0 9 9 1 9 0 0 7 2 95 14 38 16 12 43 16 27 15 12 2 2 2 1 1.13 11 11 11 9 
32 1 1 2 2 2 1 6 0 6 0 1 0 0 2 2 0 2 0 0 0 2 41 5 19 9 8 17 9 13 7 6 2 2 2 1 0.89 3 3 3 2 
33 2 2 1 1 1 1 3 0 3 0 1 0 0 4 4 0 4 0 0 1 3 49 8 18 9 4 23 7 12 8 4 1 1 1 0 1.28 4 4 4 4 
34 1 1 4 4 4 1 18 0 18 0 1 5 0 5 0 0 5 0 0 0 5 177 12 100 29 64 65 48 72 29 43 5 5 5 3 0.65 18 18 18 5 
35 1 1 1 1 1 1 6 0 6 0 2 0 2 8 8 7 8 0 0 0 8 161 19 71 30 35 71 43 55 28 27 3 3 3 1 1 10 10 10 8 
36 2 1 4 4 6 1 16 1 14 1 1 0 2 2 2 2 2 0 0 0 2 76 12 40 18 23 26 24 32 18 14 6 6 10 3 0.65 7 7 11 2 
37 2 1 2 2 2 1 7 0 6 0 1 0 10 12 12 7 12 0 1 0 11 244 26 123 50 70 96 68 87 45 42 6 6 6 4 0.78 18 18 18 15 
38 1 1 3 2 3 2 12 0 10 0 1 9 27 25 16 14 25 4 11 0 10 723 103 432 127 320 201 196 243 118 125 31 12 32 4 0.47 70 51 71 54 
39 0 0 1 1 1 1 1 0 1 0 1 0 0 2 2 0 2 0 0 0 2 44 4 7 6 0 33 5 6 6 0 1 1 1 0 4.71 2 2 2 2 
40 0 0 1 1 1 1 4 0 4 0 1 0 0 6 6 1 6 0 0 0 6 80 12 35 16 12 33 13 22 12 10 3 3 3 1 0.94 8 8 8 8 
41 0 0 1 1 1 1 1 0 1 0 1 0 0 3 3 0 3 0 0 0 3 44 8 7 6 0 29 5 6 6 0 1 1 1 0 4.14 3 3 3 3 
42 0 0 1 1 1 1 5 0 4 0 1 0 0 7 7 2 7 0 0 0 7 90 17 44 20 17 29 20 30 16 14 3 3 4 1 0.66 9 9 10 9 
43 0 0 1 1 1 1 1 0 1 0 1 0 0 2 2 0 2 0 0 0 2 36 4 7 6 0 25 5 6 6 0 1 1 1 0 3.57 2 2 2 2 
44 0 0 2 2 2 1 4 0 4 0 1 0 0 9 9 1 9 0 0 0 9 101 18 52 23 19 31 20 34 18 16 4 4 6 2 0.6 15 15 17 12 
45 0 0 1 1 1 1 1 0 1 0 1 0 0 2 2 0 2 0 0 0 2 59 4 6 5 0 49 4 5 5 0 1 1 1 0 8.17 2 2 2 2 
46 0 0 2 2 2 1 5 0 4 0 1 0 0 6 6 1 6 0 0 0 6 99 13 39 17 15 47 15 25 13 12 3 3 3 1 1.21 9 9 9 8 
47 2 1 1 1 1 1 1 0 1 0 1 0 0 8 8 0 8 0 0 0 8 91 10 12 11 0 69 10 11 11 0 1 1 1 0 5.75 8 8 8 8 
48 2 1 2 2 2 1 7 0 6 0 1 0 1 16 16 2 16 0 2 0 14 226 25 121 36 65 80 59 88 31 57 6 6 6 3 0.66 30 30 30 21 
49 0 0 1 1 1 1 1 0 1 0 1 0 0 2 2 0 2 0 0 0 2 32 4 6 5 0 22 4 5 5 0 1 1 1 0 3.67 2 2 2 2 
50 0 0 1 1 1 1 4 0 3 0 1 0 1 8 8 1 8 0 0 0 8 78 14 42 19 14 22 16 27 15 12 3 3 3 1 0.52 10 10 10 10 
51 0 0 2 2 2 1 5 0 5 0 1 0 0 23 23 16 23 0 0 3 20 294 33 143 47 92 121 77 122 46 76 18 18 19 2 0.85 44 44 46 25 
52 2 2 1 1 1 1 8 1 6 0 1 7 0 8 1 0 8 0 1 0 7 124 21 61 26 34 42 34 47 26 21 2 2 2 2 0.69 10 10 10 8 
53 0 0 2 2 2 1 5 0 5 0 1 6 1 7 1 0 7 0 1 0 6 122 15 46 21 23 65 25 38 21 17 5 5 5 2 1.41 12 12 12 7 
54 0 0 3 3 3 2 9 0 9 0 2 6 16 10 4 1 10 0 3 0 7 256 24 131 41 92 103 80 113 39 74 8 8 8 1 0.79 31 31 31 24 
55 0 0 3 3 3 2 7 0 6 0 1 0 4 16 16 2 16 0 0 0 16 305 36 124 39 71 149 54 102 46 56 4 4 5 2 1.2 40 40 44 24 
56 0 0 1 1 2 1 3 0 3 0 16 3 0 59 62 12 65 0 0 0 65 566 75 269 125 144 227 131 211 69 142 8 8 11 2 0.84 94 94 97 73 
57 0 0 1 1 1 1 1 0 1 0 1 0 0 1 1 0 1 1 0 0 0 34 3 5 4 0 26 3 4 4 0 1 1 1 0 5.2 1 1 1 1 
58 1 1 0 0 0 0 0 0 0 0 1 0 0 0 2 6 2 0 0 0 2 67 8 9 8 0 50 1 2 2 0 1 1 1 0 5.56 2 2 2 2 
59 0 0 1 1 1 1 1 0 1 0 1 0 0 22 22 0 22 19 0 0 3 212 25 31 30 0 157 29 30 30 0 1 1 1 0 5.06 22 22 22 22 
60 0 0 1 1 1 1 3 0 3 0 1 0 0 1 1 0 1 0 0 0 1 28 3 5 3 1 20 2 4 3 1 1 1 1 0 4 1 1 1 1 
61 0 0 2 2 2 1 3 0 3 0 1 0 0 4 4 1 4 0 0 0 4 67 11 23 12 7 33 12 19 13 6 2 2 2 1 1.43 6 6 6 4 
62 0 0 5 5 5 1 25 4 20 1 1 2 6 2 0 0 2 0 0 0 2 138 21 53 20 37 67 28 39 18 21 6 6 6 1 1.26 10 10 10 2 
63 0 0 1 1 1 1 3 0 3 0 1 0 0 13 13 1 13 0 0 0 13 277 19 62 25 23 200 33 47 24 23 2 2 2 0 3.23 16 16 16 13 
64 0 0 2 2 2 1 7 0 7 0 1 0 0 2 2 2 2 0 0 0 2 57 5 19 8 8 33 10 15 8 7 3 3 3 1 1.74 4 4 4 2 
65 2 2 2 2 2 1 4 0 4 0 1 0 0 10 10 2 10 0 0 1 9 90 14 53 17 25 23 23 38 17 21 3 3 4 2 0.43 15 15 16 12 
66 2 2 1 1 2 1 4 0 4 0 1 0 0 2 2 1 2 0 0 1 1 36 6 14 6 4 16 6 10 6 4 1 1 2 0 1.14 2 2 3 2 
67 0 0 2 2 2 1 10 0 8 1 2 0 0 10 10 7 10 9 0 0 1 168 24 105 37 56 39 53 80 35 45 11 11 11 2 0.37 22 22 24 10 
68 3 2 2 2 2 1 10 1 7 1 2 0 3 8 8 7 8 3 0 0 5 149 28 75 30 50 50 55 68 31 37 4 4 4 2 0.67 14 14 14 8 
69 1 1 2 2 2 1 9 1 7 0 1 0 0 10 10 8 10 0 0 0 10 149 23 98 34 61 28 62 80 28 52 3 3 3 2 0.29 17 17 17 14 
70 1 1 2 2 2 1 7 0 7 0 1 0 0 6 6 4 6 0 0 0 6 89 13 50 13 27 26 28 39 13 26 3 3 3 2 0.52 10 10 10 6 
71 1 1 1 1 1 1 7 0 6 0 1 0 0 3 3 7 3 0 0 0 3 56 10 30 13 17 20 20 25 13 12 2 2 2 1 0.67 4 4 4 3 
72 5 3 7 7 7 1 34 3 30 0 8 3 1 16 13 50 16 1 7 1 7 911 141 563 139 402 208 332 449 144 305 45 45 46 5 0.37 107 107 109 23 
73 3 2 1 1 1 1 6 0 5 0 3 0 0 23 23 10 23 2 0 2 19 281 50 175 75 70 56 76 113 55 58 6 6 7 3 0.32 33 33 34 23 
74 1 1 3 3 3 1 20 2 15 3 2 0 0 7 7 9 7 1 1 0 5 247 36 125 40 84 87 71 102 42 60 8 8 8 3 0.7 24 24 24 7 
75 2 1 2 2 3 1 10 0 8 1 2 3 2 27 24 11 27 2 5 3 17 409 66 258 71 152 85 124 198 70 128 11 11 11 4 0.33 67 67 70 32 
76 0 0 1 1 1 1 3 0 3 0 1 0 0 1 1 0 1 0 0 0 1 30 3 7 4 1 20 3 5 4 1 1 1 1 0 2.86 1 1 1 1 
77 1 1 1 1 1 1 7 0 6 0 1 0 0 8 8 7 8 5 0 3 0 117 17 67 24 32 33 41 52 21 31 3 3 3 2 0.49 10 10 10 8 
78 1 1 2 2 2 1 13 0 8 4 1 0 0 6 6 11 6 4 0 2 0 136 17 69 25 36 51 45 56 23 33 3 3 3 2 0.74 10 10 10 6 
79 10 3 2 2 3 1 11 0 9 1 7 4 0 86 82 41 86 9 7 10 60 1262 174 926 269 537 214 480 695 237 458 18 18 21 6 0.23 209 209 226 121 
80 0 0 1 1 1 1 1 0 1 0 1 0 0 5 5 0 5 5 0 0 0 29 3 10 9 0 16 8 9 9 0 1 1 1 0 1.6 5 5 5 5 
81 0 0 1 1 1 1 1 0 1 0 1 0 0 2 2 0 2 2 0 0 0 33 5 6 5 0 22 4 5 5 0 1 1 1 0 3.67 2 2 2 2 
82 0 0 1 1 1 1 1 0 1 0 1 0 0 6 6 1 6 6 0 0 0 50 10 15 12 1 25 11 13 12 1 1 1 1 0 1.67 6 6 6 6 
83 0 0 1 1 1 1 1 0 1 0 1 0 0 2 2 0 2 2 0 0 0 27 3 7 6 0 17 5 6 6 0 1 1 1 0 2.43 2 2 2 2 
84 0 0 1 1 1 1 1 0 1 0 1 0 0 4 4 0 4 4 0 0 0 27 3 8 7 0 16 6 7 7 0 1 1 1 0 2 4 4 4 4 
85 0 0 1 1 1 1 8 0 7 0 2 0 0 12 12 7 12 3 0 0 9 168 28 119 47 59 21 56 81 39 42 3 3 3 2 0.18 16 16 16 12 
86 0 0 1 1 1 1 5 0 5 0 1 0 0 3 3 3 3 0 0 0 3 49 7 26 12 9 16 13 18 10 8 1 1 1 1 0.62 3 3 3 3 
87 0 0 1 1 1 1 7 0 7 0 1 0 0 5 5 4 5 0 0 0 5 75 9 50 20 25 16 26 35 15 20 3 3 3 1 0.32 7 7 7 7 
88 2 2 1 1 1 1 6 0 5 0 1 0 0 6 6 4 6 0 0 0 6 90 14 49 24 21 27 28 37 20 17 2 2 2 1 0.55 7 7 7 6 
89 0 0 1 1 1 1 3 0 3 0 1 0 0 2 2 6 2 0 0 0 2 45 9 17 11 5 19 11 14 11 3 1 1 1 0 1.12 2 2 2 2 
90 1 1 4 4 4 2 25 3 19 2 2 0 0 12 12 17 12 4 1 0 7 391 71 267 81 185 53 166 218 81 137 13 13 15 4 0.2 48 48 51 19 
91 0 0 1 1 1 1 6 1 5 0 1 0 0 7 7 2 7 3 0 0 4 97 21 57 28 25 19 31 43 24 19 3 3 3 2 0.33 9 9 9 7 
92 2 2 6 6 7 3 54 10 37 8 1 0 0 3 3 6 3 1 0 0 2 213 39 128 39 90 49 86 107 37 70 17 17 18 7 0.38 19 19 20 9 
93 1 1 1 1 1 1 4 0 4 0 2 0 0 7 7 9 7 1 1 0 5 92 16 54 27 20 22 29 39 23 16 1 1 1 1 0.41 7 7 7 7 
94 12 3 2 2 3 1 11 1 9 1 9 0 21 99 99 62 99 82 12 1 4 1621 269 1029 290 656 335 571 802 297 505 17 17 26 5 0.33 207 207 248 120 
95 0 0 1 1 1 1 6 0 6 0 1 0 0 2 2 6 2 1 0 0 1 50 7 23 11 11 23 17 20 11 9 1 1 1 0 1 2 2 2 2 
96 1 1 4 4 4 1 17 0 17 2 1 0 0 3 3 9 3 2 0 0 1 90 8 65 18 34 27 33 46 14 32 9 9 9 2 0.42 12 12 12 3 
97 3 3 2 2 2 1 9 0 8 0 1 0 10 22 22 3 22 3 2 0 17 371 40 208 80 124 124 114 167 79 88 9 9 9 4 0.6 50 50 51 26 
98 0 0 1 1 1 1 3 0 3 0 1 0 0 9 9 6 9 1 0 0 8 106 11 45 18 17 50 25 35 18 17 1 1 1 0 1.11 9 9 9 9 
99 0 0 1 1 1 1 2 0 2 0 1 0 0 4 4 0 4 0 0 0 4 79 4 14 6 3 61 4 9 6 3 1 1 1 0 4.36 4 4 4 4 
100 1 1 1 1 1 1 3 0 3 0 1 0 0 6 6 4 6 0 0 0 6 72 11 32 16 11 29 16 23 14 9 1 1 1 0 0.91 6 6 6 6 
101 4 3 3 3 3 1 14 0 12 1 2 0 0 29 29 16 29 8 9 1 11 570 67 409 114 273 99 233 307 111 196 9 9 9 5 0.24 74 74 78 35 
102 2 1 3 3 3 1 16 1 14 0 1 0 7 10 10 4 10 10 0 0 0 238 34 168 42 106 36 84 123 45 78 8 8 8 5 0.21 31 31 31 10 
103 6 2 1 1 1 1 2 0 2 0 4 0 0 51 51 3 51 0 0 5 46 299 54 196 104 71 50 82 137 66 71 1 1 1 0 0.26 51 51 51 51 
104 1 1 1 1 1 1 1 0 1 0 1 0 0 2 2 0 2 2 0 0 0 34 6 6 5 0 22 4 5 5 0 1 1 1 0 3.67 2 2 2 2 
105 1 1 2 2 2 1 14 2 11 1 1 0 0 5 5 14 5 5 0 0 0 129 26 77 29 44 27 51 62 27 35 5 5 7 1 0.35 10 10 12 5 
106 1 1 1 1 1 1 1 0 1 0 1 0 0 2 2 0 2 2 0 0 0 36 5 6 5 0 25 4 5 5 0 1 1 1 0 4.17 2 2 2 2 
107 1 1 1 1 1 1 11 1 9 1 1 0 0 3 3 7 3 2 0 0 1 75 12 41 16 21 22 24 28 14 14 1 1 1 0 0.54 3 3 3 3 
108 1 1 1 1 1 1 1 0 1 0 1 0 0 2 2 0 2 2 0 0 0 31 6 6 5 0 19 4 5 5 0 1 1 1 0 3.17 2 2 2 2 
109 1 1 2 2 2 1 9 0 8 0 1 0 0 5 5 6 5 5 0 0 0 89 15 53 19 31 21 31 42 17 25 4 4 4 2 0.4 11 11 11 5 
110 1 1 1 1 2 1 3 0 3 0 1 0 0 3 3 1 3 3 0 0 0 46 8 16 9 6 22 11 14 9 5 2 2 3 1 1.38 4 4 5 3 
111 1 1 1 1 1 1 6 0 4 0 1 0 0 5 5 8 5 5 0 0 0 73 14 38 18 14 21 23 30 16 14 2 2 2 1 0.55 6 6 6 5 
112 2 2 3 3 3 2 18 2 15 1 1 0 0 3 3 12 3 1 0 0 2 105 20 61 20 40 24 41 52 20 32 6 6 6 3 0.39 10 10 10 5 
113 2 2 5 5 5 2 28 5 17 4 2 1 0 8 7 6 8 5 1 0 2 287 63 167 68 112 62 110 155 72 83 19 19 20 5 0.37 40 40 42 13 
114 2 2 2 2 2 1 9 0 7 0 1 0 0 12 12 8 12 9 0 0 3 167 24 116 35 66 27 62 86 29 57 5 5 6 3 0.23 23 23 25 14 
115 0 0 1 1 1 1 2 0 2 0 1 0 0 5 5 2 5 2 0 0 3 45 7 22 13 4 16 7 13 9 4 1 1 1 0 0.73 5 5 5 5 
116 2 1 1 1 1 1 1 0 1 0 1 0 0 12 12 0 12 0 0 0 12 118 17 31 21 7 70 19 24 19 5 2 2 3 1 2.26 13 13 14 12 
117 0 0 1 1 1 1 1 0 1 0 1 0 0 2 2 0 2 0 0 0 2 98 6 7 6 0 85 5 6 6 0 1 1 1 0 12.14 2 2 2 2 
118 10 3 3 3 3 1 12 1 10 1 3 0 1 33 33 23 33 11 4 0 18 650 91 381 110 215 180 188 293 113 180 17 17 18 6 0.47 94 94 103 35 
119 2 2 4 4 5 3 11 0 11 0 1 1 1 4 3 2 4 0 1 0 3 92 8 55 16 32 29 29 45 18 27 7 7 9 2 0.53 15 15 18 13 
120 3 2 3 3 3 3 6 0 6 0 1 3 26 3 0 0 3 3 0 0 0 200 31 102 37 86 67 36 45 32 13 4 4 4 2 0.66 8 8 8 8 
121 8 3 1 1 1 1 4 0 3 0 3 14 12 77 63 4 77 0 3 9 65 1182 106 331 131 157 746 174 249 126 123 12 12 12 4 2.25 94 94 94 77 
122 21 4 3 3 3 1 17 2 13 2 4 6 15 177 171 47 177 29 51 5 92 4977 675 2412 458 1676 1913 1210 1855 478 1377 31 31 35 7 0.79 561 561 618 223 
123 1 1 2 2 2 1 9 0 8 0 1 0 0 3 3 7 3 0 0 0 3 65 12 35 13 21 22 22 29 13 16 3 3 3 2 0.63 6 6 6 3 
124 0 0 1 1 1 1 1 0 1 0 1 0 0 6 6 1 6 6 0 0 0 47 10 15 12 1 22 11 13 12 1 1 1 1 0 1.47 6 6 6 6 
125 0 0 1 1 1 1 1 0 1 0 1 0 0 5 5 0 5 5 0 0 0 44 9 10 9 0 25 8 9 9 0 1 1 1 0 2.5 5 5 5 5 
126 0 0 1 1 1 1 1 0 1 0 1 0 0 4 4 0 4 4 0 0 0 27 3 8 7 0 16 6 7 7 0 1 1 1 0 2 4 4 4 4 
127 0 0 1 1 1 1 1 0 1 0 1 0 0 5 5 0 5 5 0 0 0 30 3 11 10 0 16 9 10 10 0 1 1 1 0 1.45 5 5 5 5 
128 0 0 1 1 1 1 1 0 1 0 1 0 0 2 2 0 2 2 0 0 0 23 2 5 4 0 16 3 4 4 0 1 1 1 0 3.2 2 2 2 2 
129 0 0 1 1 1 1 1 0 1 0 1 0 0 4 4 0 4 4 0 0 0 25 2 7 6 0 16 5 6 6 0 1 1 1 0 2.29 4 4 4 4 
130 0 0 2 2 2 1 6 0 4 1 1 0 0 2 2 0 2 0 0 0 2 50 6 13 6 4 31 7 11 7 4 2 2 2 1 2.38 3 3 3 2 
131 0 0 1 1 1 1 3 0 3 0 1 0 2 6 6 0 6 0 0 1 5 85 10 27 12 10 48 12 19 11 8 1 1 1 0 1.78 6 6 6 6 
132 0 0 1 1 1 1 4 0 3 0 1 0 1 4 4 0 4 0 0 1 3 63 9 20 9 7 34 9 14 8 6 1 1 1 0 1.7 4 4 4 4 
133 0 0 3 3 4 1 13 1 9 1 1 0 3 24 24 7 24 0 3 4 17 482 73 257 83 169 152 135 206 81 125 19 19 21 6 0.59 73 73 85 30 
134 0 0 7 7 8 6 38 3 30 7 1 0 0 2 2 6 2 0 0 0 2 110 11 69 19 49 40 44 59 20 39 9 9 10 4 0.58 14 14 15 11 
135 1 1 1 1 1 1 3 0 3 0 5 0 0 21 21 18 21 6 0 0 15 267 34 113 58 38 131 64 92 56 36 6 6 6 2 1.16 29 29 29 21 
136 0 0 1 1 1 1 1 0 1 0 1 0 0 2 2 0 2 2 0 0 0 46 6 8 7 0 32 4 5 5 0 1 1 1 0 4 2 2 2 2 
137 0 0 2 2 2 1 9 0 7 0 2 0 0 17 17 17 17 5 2 3 7 279 48 165 50 84 74 95 131 48 83 7 7 9 3 0.45 36 36 39 20 
138 0 0 3 3 3 1 11 1 8 1 1 0 0 6 6 3 6 2 0 4 0 151 23 60 19 30 68 39 55 23 32 4 4 5 2 1.13 17 17 19 6 
139 2 2 2 2 2 1 7 0 7 1 1 0 0 34 34 7 34 0 2 6 26 430 49 290 104 150 122 153 222 86 136 11 11 12 4 0.42 66 66 68 40 
140 2 2 2 2 2 1 5 0 4 0 3 0 0 22 22 8 22 7 1 0 14 218 40 127 44 62 51 64 100 46 54 5 5 6 2 0.4 33 33 35 22 
141 1 1 4 4 4 1 20 4 14 1 1 0 1 6 6 1 6 3 0 0 3 177 39 104 43 66 34 70 92 42 50 17 17 18 6 0.33 22 22 23 6 
142 0 0 1 1 2 1 6 0 6 0 1 0 0 5 5 7 5 2 0 0 3 79 12 45 19 21 22 27 35 17 18 3 3 4 2 0.49 7 7 8 5 
143 0 0 1 1 1 1 2 0 2 0 1 0 0 6 6 2 6 5 0 0 1 45 7 22 14 4 16 7 14 10 4 1 1 1 0 0.73 6 6 6 6 
145 3 2 2 2 2 1 7 0 6 0 4 0 0 59 59 13 59 1 0 6 52 654 103 446 157 240 114 191 325 133 192 11 11 12 4 0.26 123 123 126 71 
146 0 0 2 2 2 1 6 0 5 0 1 0 0 14 14 3 14 0 0 0 14 201 20 92 28 46 90 41 66 26 40 6 6 6 4 0.98 24 24 27 19 
147 1 1 2 2 2 1 5 0 5 0 2 0 0 11 11 7 11 1 0 0 10 170 24 80 30 29 66 37 56 28 28 4 4 4 2 0.82 18 18 18 11 
148 1 1 0 0 0 0 0 0 0 0 1 0 1 0 0 3 0 0 0 0 0 36 4 7 6 1 25 5 6 6 0 0 0 0 0 3.57 0 0 0 0 
149 1 1 1 1 1 1 3 0 3 0 1 0 0 4 4 0 4 3 0 1 0 43 7 20 11 4 16 8 13 9 4 1 1 1 0 0.8 4 4 4 4 
150 0 0 1 1 1 1 3 0 3 0 1 1 0 3 2 0 3 1 0 1 1 36 5 14 7 3 17 4 8 5 3 1 1 2 0 1.21 3 3 4 3 
151 1 1 2 2 2 2 6 0 6 0 1 0 0 4 4 3 4 1 0 0 3 60 4 36 14 18 20 21 27 11 16 3 3 3 1 0.56 6 6 6 6 
152 5 3 3 3 4 2 14 0 12 1 1 0 4 38 38 16 38 14 2 0 22 728 75 501 109 330 171 281 394 112 282 24 24 33 5 0.34 117 117 135 57 
153 8 4 3 3 3 1 14 1 10 2 3 16 14 43 27 7 43 7 2 2 32 915 120 511 134 335 300 251 370 137 233 28 28 32 7 0.59 114 114 119 62 
154 1 1 2 2 2 1 9 0 9 0 1 0 0 5 5 8 5 5 0 0 0 85 9 58 19 29 21 32 45 19 26 5 5 5 4 0.36 12 12 12 5 
155 1 1 2 2 2 1 4 0 4 0 1 0 0 3 3 0 3 2 0 1 0 42 6 20 9 8 16 8 14 8 6 2 2 2 1 0.8 5 5 5 3 
156 4 3 4 4 5 2 22 2 18 2 4 0 2 27 27 19 27 11 12 0 4 774 95 519 158 347 168 294 412 165 247 12 12 14 7 0.32 109 109 122 47 
157 6 3 2 2 3 1 11 0 9 1 5 7 0 85 78 44 85 31 4 9 41 1320 196 917 245 540 218 450 660 211 449 15 15 30 4 0.24 197 197 243 99 
158 1 1 3 3 3 1 11 0 10 1 1 0 0 13 13 16 13 1 1 3 8 212 31 156 46 98 38 92 126 45 81 7 7 7 3 0.24 35 35 41 18 
159 1 1 2 2 2 1 10 1 9 1 1 0 0 13 13 15 13 8 0 1 4 216 32 142 42 85 50 78 106 35 71 7 7 7 3 0.35 27 27 28 13 
160 1 1 2 2 3 1 8 0 8 0 1 0 1 3 3 2 3 0 0 0 3 64 6 30 10 16 28 15 23 10 13 3 3 4 1 0.93 7 7 9 3 
161 1 1 2 2 2 1 8 0 7 1 1 0 0 15 15 7 15 2 4 2 7 203 29 126 36 67 53 66 95 30 65 4 4 4 2 0.42 28 28 31 15 
162 1 1 2 2 2 1 6 0 5 0 1 0 0 8 8 3 8 1 0 0 7 90 14 51 18 24 25 29 43 19 24 4 4 4 3 0.49 15 15 15 8 
163 2 2 1 1 1 1 7 0 7 0 1 0 0 2 2 8 2 0 0 0 2 50 6 28 16 9 16 21 24 15 9 1 1 1 0 0.57 2 2 2 2 
164 0 0 2 2 2 2 5 0 5 0 1 0 0 2 2 0 2 0 0 0 2 43 6 16 9 5 21 5 10 6 4 3 3 3 2 1.31 4 4 4 4 
165 3 1 1 1 1 1 4 0 4 0 2 0 0 16 16 4 16 1 1 0 14 149 13 91 40 33 45 38 62 32 30 3 3 3 1 0.49 21 21 22 16 
166 1 1 3 3 4 1 12 0 11 0 1 0 1 5 5 4 5 0 0 0 5 131 14 68 20 35 49 30 43 18 25 10 10 18 3 0.72 14 14 22 5 
167 0 0 1 1 1 1 3 0 3 0 1 0 0 1 1 0 1 0 0 0 1 36 3 7 4 1 26 3 5 4 1 1 1 1 0 3.71 1 1 1 1 
168 3 3 2 2 2 1 8 0 7 0 2 0 0 15 15 10 15 7 1 0 7 195 32 134 39 77 29 72 101 36 65 4 4 4 2 0.22 27 27 27 15 
169 0 0 2 2 2 1 8 0 7 1 1 0 0 5 5 4 5 0 0 0 5 79 11 47 14 23 21 26 36 14 22 2 2 2 1 0.45 8 8 8 5 
170 2 1 2 2 2 2 5 0 5 0 1 0 0 12 12 2 12 2 1 0 9 135 18 70 24 40 50 33 56 20 36 10 10 10 2 0.71 25 25 25 21 
171 1 1 2 2 2 1 10 0 9 0 1 1 0 9 8 6 9 1 1 1 6 140 18 101 32 65 27 62 81 30 51 4 4 4 2 0.27 19 19 19 11 
172 2 2 1 1 1 1 1 0 1 0 1 0 0 8 8 0 8 8 0 0 0 83 14 13 12 0 56 11 12 12 0 1 1 1 0 4.31 8 8 8 8 
173 2 2 1 1 1 1 1 0 1 0 1 0 0 4 4 0 4 0 0 0 4 40 8 9 8 0 23 7 8 8 0 1 1 1 0 2.56 4 4 4 4 
174 1 1 1 1 1 1 1 0 1 0 1 0 0 6 6 0 6 0 0 0 6 71 11 9 8 0 51 7 8 8 0 1 1 1 0 5.67 6 6 6 6 
175 1 1 1 1 1 1 5 0 5 0 1 0 0 5 5 4 5 5 0 0 0 59 9 32 12 18 18 20 26 11 15 1 1 1 0 0.56 5 5 5 5 
176 1 1 3 3 3 2 14 1 11 1 2 0 1 14 14 12 14 5 5 0 4 280 47 184 53 116 53 100 142 53 89 10 10 17 6 0.29 38 38 47 28 
177 1 1 3 3 3 2 14 1 12 2 1 0 3 9 9 16 9 4 5 0 0 228 39 135 48 89 69 88 110 43 67 6 6 8 2 0.51 23 23 28 15 
178 0 0 1 1 1 1 1 0 1 0 1 0 0 2 2 0 2 0 0 0 2 42 4 4 4 0 34 3 4 4 0 1 1 1 0 8.5 2 2 2 2 
179 3 2 1 1 1 1 1 0 1 0 1 0 0 4 4 0 4 3 0 0 1 79 8 10 8 0 61 6 7 7 0 1 1 1 0 6.1 4 4 4 4 
180 1 1 1 1 1 1 4 0 3 0 1 0 0 13 13 5 13 3 0 0 10 101 21 61 24 24 19 26 43 21 22 5 5 6 1 0.31 18 18 19 16 
181 0 0 3 3 3 1 13 0 13 0 1 0 0 1 1 0 1 0 0 0 1 40 3 17 5 7 20 7 11 5 6 3 3 3 2 1.18 3 3 3 1 
182 1 1 1 1 1 1 2 0 2 0 1 0 0 7 7 2 7 0 0 2 5 101 11 23 11 4 67 9 15 11 4 1 1 1 0 2.91 7 7 7 7 
183 0 0 2 2 2 2 4 0 4 0 1 0 1 8 8 2 8 0 0 0 8 93 14 41 18 16 38 21 34 16 18 5 5 5 1 0.93 12 12 12 12 
184 3 2 3 3 4 1 18 1 15 2 2 0 7 24 24 16 24 11 7 1 5 599 84 400 119 265 116 248 334 121 213 16 16 16 4 0.29 83 83 88 24 
185 3 3 2 2 2 1 11 1 9 0 3 0 0 18 18 17 18 12 0 0 6 298 52 214 64 127 35 125 171 60 111 7 7 7 2 0.16 41 41 41 20 
186 3 3 3 3 3 2 19 3 14 1 1 0 0 10 10 11 10 8 0 0 2 260 56 170 60 113 34 113 142 55 87 11 11 13 4 0.2 30 30 33 15 
187 1 1 1 1 1 1 6 0 6 0 1 0 0 7 7 7 7 2 0 0 5 91 14 58 22 27 19 25 38 17 21 2 2 2 2 0.33 10 10 10 7 
188 3 2 7 7 8 1 42 6 34 2 1 0 0 4 4 5 4 2 0 0 2 218 33 148 47 111 40 105 133 48 85 15 15 17 5 0.27 29 29 31 4 
189 1 1 3 3 3 1 15 2 12 1 1 0 0 11 11 9 11 6 0 0 5 242 48 159 52 100 35 96 130 47 83 8 8 8 3 0.22 32 32 32 11 
190 1 1 1 1 1 1 1 0 1 0 1 0 0 7 7 1 7 7 0 0 0 37 5 16 13 1 16 12 14 13 1 1 1 1 0 1 7 7 7 7 
191 2 2 1 1 1 1 1 0 1 0 1 0 0 7 7 0 7 7 0 0 0 37 5 12 11 0 20 10 11 11 0 1 1 1 0 1.67 7 7 7 7 
192 0 0 1 1 1 1 1 0 1 0 1 0 0 4 4 0 4 2 0 0 2 27 3 8 7 0 16 6 7 7 0 1 1 1 0 2 4 4 4 4 
193 6 3 4 4 5 2 24 3 19 1 1 0 0 19 19 23 19 10 2 0 7 558 99 397 105 295 62 259 337 105 232 18 18 24 4 0.16 84 84 96 38 
194 4 3 2 2 2 1 9 0 8 0 1 1 0 8 7 10 8 3 1 0 4 125 21 85 27 48 19 49 67 24 43 3 3 3 1 0.22 17 17 17 8 
195 0 0 1 1 1 1 1 0 1 0 1 0 0 4 4 0 4 0 0 0 4 37 8 9 8 0 20 7 8 8 0 1 1 1 0 2.22 4 4 4 4 
196 0 0 1 1 1 1 4 0 4 0 1 0 1 7 7 2 7 0 0 0 7 72 15 37 16 15 20 18 28 16 12 4 4 4 2 0.54 10 10 10 7 
197 0 0 3 3 3 1 10 0 8 1 2 10 1 12 2 0 12 0 5 2 5 208 21 119 45 66 68 52 80 41 39 5 5 5 4 0.57 30 30 30 16 
198 0 0 1 1 1 1 1 0 1 0 1 0 0 1 1 0 1 0 0 0 1 34 2 4 3 0 28 2 3 3 0 1 1 1 0 7 1 1 1 1 
199 0 0 1 1 1 1 1 0 1 0 1 0 0 12 12 0 12 12 0 0 0 112 15 15 14 0 82 13 14 14 0 1 1 1 0 5.47 12 12 12 12 
200 0 0 1 1 1 1 5 0 5 0 1 0 0 14 14 6 14 0 1 0 13 124 18 82 28 45 35 39 60 27 33 5 5 5 2 0.43 20 20 20 14 
201 2 2 3 3 4 1 11 0 11 0 1 3 0 12 9 2 12 0 1 6 5 323 20 153 46 84 154 81 119 51 68 7 7 7 5 1.01 37 37 44 14 
202 0 0 5 3 5 2 21 0 21 0 1 0 0 5 5 5 5 0 0 1 4 198 13 113 22 79 72 70 88 23 65 12 10 13 3 0.64 25 17 26 8 
203 5 3 4 4 5 1 15 0 14 0 4 5 10 77 74 38 79 0 14 21 44 1805 136 1212 253 849 458 680 927 270 657 62 47 63 6 0.38 330 287 366 111 
204 0 0 0 0 0 0 0 0 0 0 1 0 0 0 0 38 0 0 0 0 0 125 6 76 75 71 43 39 40 40 0 0 0 0 0 0.57 0 0 0 0 
205 2 1 10 8 11 5 31 0 31 0 1 3 10 36 33 11 36 0 28 1 7 1260 19 1228 172 892 13 582 830 146 684 171 113 179 6 0.01 366 275 378 194 
206 0 0 1 1 1 1 4 0 4 0 1 2 0 7 5 8 7 0 0 0 7 124 15 39 17 8 70 16 25 17 8 1 2 1 1 1.79 7 8 7 7 
207 0 0 3 2 3 1 10 0 10 0 1 2 4 6 4 1 6 0 0 2 4 141 14 73 17 50 54 37 47 17 30 12 4 13 3 0.74 18 10 19 6 
208 0 0 1 1 1 1 2 0 2 0 5 0 0 13 15 5 15 0 0 0 15 107 25 48 22 18 34 20 35 19 16 3 3 4 1 0.71 18 18 20 15 
209 0 0 3 3 3 2 10 0 9 0 4 2 1 31 29 5 31 0 0 0 31 483 60 315 104 199 127 153 239 92 147 12 12 13 4 0.4 82 82 91 48 
210 0 0 2 2 2 1 8 0 7 0 6 0 2 22 22 28 22 1 0 1 20 345 55 230 93 127 81 130 181 81 100 9 9 11 4 0.35 45 45 52 30 
211 0 0 2 2 2 1 9 0 8 1 5 0 1 22 22 17 22 2 7 1 12 313 39 200 64 113 87 89 128 58 70 5 5 5 2 0.44 42 42 42 24 
212 1 1 2 2 2 1 5 0 5 0 2 0 0 9 9 4 9 0 1 1 7 109 19 58 24 26 32 27 40 20 20 3 3 3 1 0.55 14 14 14 9 
213 3 2 2 2 2 1 8 0 6 0 5 0 0 13 15 9 15 0 0 3 12 222 33 108 35 55 81 50 76 33 43 6 6 7 3 0.75 29 29 30 17 
214 0 0 1 1 1 1 1 0 1 0 1 0 0 4 4 0 4 0 0 0 4 177 9 9 8 0 159 7 8 8 0 1 1 1 0 17.67 4 4 4 4 
215 0 0 2 2 2 1 3 0 3 0 1 0 0 6 6 1 6 0 0 1 5 71 8 26 12 12 37 11 19 10 9 3 3 3 1 1.42 9 9 9 6 
216 0 0 2 2 2 2 12 0 8 2 2 0 0 8 8 3 8 0 1 0 7 137 16 82 28 45 40 47 66 28 38 5 5 5 1 0.49 19 19 19 13 
217 2 2 1 1 1 1 4 0 4 0 3 0 0 20 20 7 20 0 0 0 20 184 30 127 57 51 27 53 81 41 40 3 3 4 2 0.21 26 26 27 22 
218 0 0 1 1 1 1 3 0 3 0 1 0 0 9 9 1 9 0 0 0 9 101 13 44 21 13 44 15 26 14 12 2 2 2 1 1 10 10 10 9 
219 0 0 2 2 2 1 7 0 7 0 2 0 0 19 19 4 19 0 0 0 19 286 30 173 68 96 88 89 139 62 77 8 8 8 3 0.51 43 43 46 21 
220 0 0 3 3 3 2 12 0 11 0 1 0 0 9 9 4 9 0 4 0 5 184 17 117 33 74 50 62 88 29 59 6 6 6 3 0.43 25 25 26 20 
221 0 0 3 3 3 2 9 0 8 0 1 0 0 11 11 7 11 0 1 2 8 236 26 113 29 61 101 48 79 24 55 8 8 8 4 0.89 33 33 34 26 
222 0 0 1 1 1 1 1 0 1 0 3 0 1 7 7 1 7 0 0 0 7 67 9 26 7 16 32 11 18 12 6 1 1 1 0 1.23 7 7 7 7 
223 0 0 1 1 1 1 1 0 1 0 1 0 1 3 3 1 3 0 0 0 3 99 9 9 8 2 81 7 8 8 0 1 1 1 0 9 3 3 3 3 
224 2 2 4 4 4 3 14 1 12 4 1 0 0 2 2 0 2 1 0 1 0 56 7 30 9 17 24 17 23 8 15 6 6 6 4 0.8 7 7 7 6 
225 0 0 1 1 1 1 4 0 4 0 2 0 0 15 15 3 15 0 0 2 13 150 23 74 28 37 56 44 66 30 36 4 4 4 2 0.76 22 22 22 15 
226 4 3 1 1 1 1 2 0 2 0 21 0 12 67 67 4 67 0 0 11 56 614 61 263 110 127 295 119 176 115 61 5 5 5 2 1.12 76 76 80 71 
227 9 3 2 2 3 2 9 0 9 0 13 0 0 52 52 11 52 13 2 9 28 682 69 545 211 315 79 267 394 172 222 9 9 10 4 0.14 122 122 132 92 
228 3 2 3 3 3 2 15 0 13 0 18 13 0 48 35 10 48 9 1 0 38 602 59 402 86 288 143 183 283 102 181 10 10 13 2 0.36 126 126 162 89 
229 3 2 2 2 2 1 5 0 5 0 3 0 0 9 9 5 9 0 0 0 9 173 17 70 29 26 87 29 47 24 23 3 3 3 2 1.24 15 15 15 9 
230 2 1 2 2 2 1 5 0 5 0 12 2 0 91 89 57 91 10 1 2 78 938 118 626 273 260 195 275 419 206 213 6 6 7 2 0.31 142 142 144 131 
231 0 0 1 1 1 1 1 0 1 0 1 0 0 1 1 0 1 0 0 0 1 43 4 7 6 0 32 4 5 5 0 1 1 1 0 4.57 1 1 1 1 
232 1 1 1 1 1 1 6 0 5 1 1 0 0 3 3 1 3 0 0 0 3 75 6 22 8 10 48 13 18 8 10 2 2 2 1 2.18 4 4 4 3 
233 1 1 3 3 4 1 11 0 10 1 1 0 0 5 5 2 5 3 1 1 0 134 18 60 20 37 56 33 50 21 29 10 10 11 3 0.93 17 17 18 5 
234 0 0 2 2 2 1 8 1 6 0 4 1 0 13 12 6 13 5 1 3 4 221 39 103 41 51 79 58 82 38 44 3 3 3 2 0.77 23 23 23 15 
235 0 0 1 1 1 1 1 0 1 0 1 0 0 1 1 0 1 0 0 0 1 53 5 7 6 0 41 5 6 6 0 1 1 1 0 5.86 1 1 1 1 
236 0 0 2 2 2 1 11 0 9 1 4 1 3 9 8 8 9 0 0 1 8 203 22 100 38 51 83 54 76 39 37 5 5 6 3 0.83 17 17 18 11 
237 0 0 1 1 1 1 3 0 3 0 2 0 0 5 5 1 5 0 0 2 3 79 8 22 10 7 49 8 13 9 4 1 1 1 0 2.23 5 5 5 5 
238 0 0 2 2 2 2 7 0 7 0 1 0 0 5 5 2 5 0 0 1 4 85 9 44 13 19 32 16 28 10 18 5 5 5 4 0.73 12 12 12 11 
239 0 0 2 2 2 1 12 1 11 0 3 0 0 20 20 4 20 0 1 0 19 224 28 150 43 96 46 68 99 48 51 5 5 5 2 0.31 33 33 39 23 
240 2 2 2 2 2 2 4 0 4 0 1 0 0 9 9 2 9 0 0 3 6 104 14 53 22 26 38 29 44 18 26 6 6 6 3 0.72 17 17 18 14 
241 3 2 3 3 3 2 9 0 8 0 2 0 2 13 13 6 13 0 0 1 12 227 29 137 47 85 65 74 109 42 67 9 9 9 3 0.47 34 34 35 25 
242 2 2 3 3 3 2 14 1 9 3 1 0 0 9 9 10 9 0 2 1 6 284 35 106 37 61 148 66 88 36 52 11 11 12 3 1.4 24 24 26 14 
243 0 0 2 2 2 1 5 0 4 1 1 0 0 3 3 1 3 1 0 2 0 86 7 20 9 7 59 8 13 7 6 2 2 2 1 2.95 5 5 5 3 
244 1 1 2 2 2 1 7 0 7 0 1 0 0 20 20 6 20 0 2 1 17 306 40 170 68 83 98 89 125 56 69 8 8 9 3 0.58 35 35 36 26 
245 1 1 1 1 1 1 4 0 3 0 3 0 0 20 20 8 20 1 0 0 19 167 28 115 59 37 24 47 72 41 31 2 2 2 1 0.21 26 26 26 20 
246 5 2 3 3 3 1 11 1 9 0 2 0 0 22 22 9 22 0 2 0 20 372 58 250 86 163 70 136 196 81 115 8 8 8 4 0.28 57 57 60 31 
247 1 1 2 2 2 1 8 0 7 0 5 0 0 36 36 22 36 0 0 2 34 449 63 315 136 157 92 189 253 128 125 6 6 6 3 0.29 58 58 58 42 
248 3 2 2 2 2 1 6 0 5 0 7 0 6 27 27 4 27 0 0 6 21 416 48 202 82 111 170 95 145 74 71 6 6 7 4 0.84 44 44 45 40 
249 9 3 2 2 2 2 9 0 8 0 1 0 0 7 7 1 7 0 0 1 6 144 15 74 28 40 55 38 56 25 31 7 7 7 6 0.74 16 16 16 15 
250 1 1 1 1 1 1 4 0 4 0 1 8 0 14 6 0 14 0 1 0 13 189 18 70 35 30 104 18 33 19 14 1 1 1 0 1.49 14 14 14 14 
251 1 1 3 2 3 2 9 0 8 0 4 8 0 28 20 11 28 1 2 4 21 558 47 267 83 157 246 116 178 57 121 19 18 23 3 0.92 70 68 84 46 
252 2 2 2 2 2 1 8 0 7 0 4 0 0 17 17 5 17 1 0 0 16 241 31 150 60 80 64 88 122 67 55 5 5 5 1 0.43 30 30 30 17 
253 1 1 2 2 2 1 7 0 7 1 1 0 0 5 5 7 5 5 0 0 0 81 9 47 16 23 39 29 38 16 22 2 2 2 1 0.83 8 8 8 5 
254 4 3 2 2 2 1 10 1 9 0 2 0 0 20 20 11 20 0 0 0 20 340 57 223 86 146 67 133 178 75 103 8 8 9 2 0.3 45 45 49 26 
255 0 0 2 2 2 2 7 0 6 1 1 0 0 2 2 0 2 1 0 1 0 39 4 17 6 8 18 6 11 5 6 3 3 3 2 1.06 4 4 4 4 
256 2 2 2 2 3 1 8 0 7 1 1 0 0 13 13 9 13 1 3 3 6 185 23 118 34 68 61 66 96 32 64 5 5 6 3 0.52 31 31 34 16 
257 0 0 1 1 1 1 4 0 3 0 1 0 0 5 5 2 5 0 0 0 5 63 11 29 15 7 23 11 18 11 7 2 2 2 1 0.79 6 6 6 5 
258 0 0 1 1 1 1 3 0 3 0 1 0 0 3 3 0 3 0 0 0 3 47 10 16 8 7 21 9 13 7 6 1 1 1 0 1.31 3 3 3 3 
259 3 2 2 2 2 2 6 0 6 0 1 0 0 6 6 1 6 0 0 1 5 87 11 51 21 28 25 27 41 17 24 7 7 7 2 0.49 14 14 14 12 
260 2 2 1 1 1 1 4 0 4 0 1 0 0 5 5 2 5 0 0 3 2 66 11 31 15 10 24 14 21 12 9 2 2 3 1 0.77 6 6 7 5 
261 0 0 2 2 2 1 7 0 7 0 1 1 0 14 13 1 14 0 0 0 14 240 27 111 43 65 103 60 94 45 49 8 8 9 3 0.93 31 31 33 18 
262 2 1 2 2 2 1 9 0 8 0 1 0 0 10 10 2 10 0 1 0 9 148 21 101 41 55 26 61 84 44 40 5 5 5 4 0.26 22 22 22 10 
263 0 0 1 1 1 1 4 0 4 0 2 0 0 7 7 1 7 0 0 0 7 76 10 35 15 14 31 13 22 13 9 2 2 2 1 0.89 8 8 8 7 
264 0 0 3 3 3 3 9 0 9 1 1 0 0 6 6 3 6 0 1 0 5 120 10 69 18 38 49 31 48 14 34 6 6 6 3 0.71 17 17 17 17 
265 0 0 2 2 2 1 6 0 6 0 1 0 0 5 5 2 5 0 0 0 5 84 11 40 19 15 34 17 25 13 12 4 4 5 1 0.85 8 8 9 7 
266 0 0 1 1 1 1 3 0 3 0 1 0 0 8 8 3 8 0 0 1 7 86 14 44 22 14 28 17 27 15 12 2 2 2 1 0.64 9 9 9 8 
267 0 0 1 1 1 1 3 0 3 0 1 0 0 2 2 2 2 0 0 0 2 43 6 13 7 3 24 6 9 6 3 1 1 1 0 1.85 2 2 2 2 
268 0 0 1 1 1 1 4 0 4 0 1 0 0 5 5 1 5 0 0 2 3 97 9 28 11 11 60 14 21 11 10 2 2 2 1 2.14 7 7 7 5 
269 0 0 1 1 1 1 1 0 1 0 1 0 0 11 11 0 11 11 0 0 0 165 16 21 20 0 128 18 19 19 0 1 1 1 0 6.1 11 11 11 11 
270 0 0 1 1 1 1 2 0 2 0 1 0 0 20 20 1 20 0 0 1 19 170 15 58 34 14 97 31 43 30 13 2 2 2 1 1.67 21 21 21 20 
271 1 1 1 1 1 1 4 0 4 0 3 5 3 20 15 0 20 0 0 0 20 840 27 88 38 44 726 48 66 43 23 2 2 2 0 8.25 21 21 21 20 
272 0 0 1 1 1 1 3 0 3 0 1 0 0 9 9 1 9 0 0 0 9 76 13 40 21 9 23 12 22 13 9 1 1 1 0 0.57 9 9 9 9 
273 2 2 1 1 1 1 4 0 4 0 1 0 0 4 4 2 4 0 0 2 2 67 8 30 14 11 29 14 20 11 9 2 2 2 1 0.97 5 5 5 4 
274 2 2 7 7 8 3 28 2 23 4 1 0 0 5 5 4 5 1 3 1 0 217 20 126 36 84 82 83 118 42 76 18 18 19 5 0.65 35 35 40 16 
275 0 0 1 1 1 1 4 0 4 0 1 0 2 9 9 1 9 0 0 0 9 181 18 48 22 19 115 23 37 19 18 3 3 3 2 2.4 13 13 13 11 
276 1 1 3 2 4 2 10 1 8 0 1 0 13 20 20 6 20 0 2 0 18 430 68 204 56 140 163 115 157 52 105 15 7 15 2 0.8 64 44 70 34 
277 0 0 1 1 1 1 1 0 1 0 1 0 0 1 1 0 1 0 0 0 1 38 4 6 5 0 28 4 5 5 0 1 1 1 0 4.67 1 1 1 1 
278 0 0 1 1 1 1 3 0 3 0 3 0 0 10 10 6 10 0 0 0 10 117 22 50 22 13 46 22 35 22 13 1 1 1 0 0.92 10 10 10 10 
279 0 0 1 1 1 1 5 0 5 0 1 0 0 8 8 1 8 0 0 1 7 105 15 58 30 21 32 28 39 25 14 3 3 3 2 0.55 10 10 11 8 
280 2 1 2 2 2 1 8 1 7 0 2 0 0 15 15 7 15 0 0 0 15 208 38 143 63 83 31 82 107 48 59 6 6 7 3 0.22 23 23 25 15 
281 1 1 1 1 1 1 2 0 2 0 1 2 0 10 8 0 10 0 0 0 10 108 13 25 16 10 70 12 23 13 10 1 1 1 0 2.8 10 10 10 10 
282 2 2 3 3 3 2 6 0 6 0 1 0 0 12 12 6 12 0 0 1 11 205 19 98 33 67 88 59 90 28 62 18 18 18 2 0.9 40 40 40 29 
283 2 2 4 4 7 3 19 0 16 2 1 0 0 4 4 7 4 0 0 2 2 154 12 83 25 49 62 40 55 21 34 11 11 20 5 0.75 17 17 26 11 
284 2 2 2 2 2 2 9 0 9 1 1 0 2 8 8 10 8 1 0 1 6 167 20 96 35 57 65 56 74 28 46 4 4 4 3 0.68 19 19 19 15 
285 0 0 1 1 1 1 4 0 4 0 3 2 3 16 14 9 16 0 2 0 14 228 27 98 42 39 104 44 67 36 31 3 3 3 2 1.06 20 20 20 16 
286 0 0 1 1 1 1 3 0 3 0 1 0 0 4 4 3 4 1 0 0 3 55 6 20 9 6 29 10 15 9 6 1 1 1 0 1.45 4 4 4 4 
287 0 0 2 2 2 1 7 0 4 2 1 0 1 7 7 2 7 0 0 3 4 148 21 38 15 16 89 22 33 17 16 4 4 6 1 2.34 14 14 16 7 
288 0 0 3 3 3 2 13 0 10 1 13 1 1 51 50 14 51 7 1 2 41 997 122 644 176 356 231 319 486 154 332 13 13 13 4 0.36 154 154 160 107 
289 0 0 1 1 1 1 4 0 4 0 1 0 0 1 1 1 1 0 0 0 1 39 5 8 5 2 26 4 6 4 2 1 1 1 0 3.25 1 1 1 1 
290 0 0 2 2 2 1 7 0 6 1 3 1 0 11 10 3 11 0 3 1 7 162 24 85 30 40 53 40 60 24 36 4 4 4 2 0.62 17 17 19 11 
291 0 0 1 1 1 1 1 0 1 0 1 0 0 7 7 0 7 0 0 0 7 118 12 14 13 1 92 11 13 12 1 1 1 1 0 6.57 7 7 7 7 
292 3 2 2 2 3 2 8 0 8 0 1 0 0 7 7 3 7 0 0 1 6 119 12 75 28 44 32 37 54 22 32 7 7 7 2 0.43 17 17 20 13 
293 2 2 4 4 5 4 25 2 18 4 1 1 2 5 4 6 5 0 0 1 4 190 22 111 33 56 57 52 74 31 43 13 13 16 5 0.51 22 22 25 19 
294 0 0 1 1 1 1 6 0 5 0 2 0 0 10 10 1 10 1 0 0 9 121 11 56 19 27 54 20 32 19 13 3 3 3 1 0.96 13 13 13 10 
295 0 0 3 3 3 2 9 0 9 0 1 0 0 5 5 1 5 0 0 0 5 164 11 56 18 29 98 34 48 21 27 5 5 5 1 1.75 13 13 13 9 
296 0 0 2 2 2 1 7 0 7 0 4 0 0 36 36 13 36 0 2 1 33 499 52 312 108 159 144 167 238 103 135 6 6 6 3 0.46 74 74 77 42 
297 0 0 2 2 2 1 4 0 4 0 1 0 0 12 12 4 12 1 1 0 10 190 17 61 22 31 112 32 46 22 24 7 7 7 2 1.84 18 18 18 15 
298 0 0 1 1 1 1 3 0 3 0 1 0 0 8 8 1 8 0 0 0 8 111 12 37 19 12 62 15 22 15 7 2 2 3 1 1.68 9 9 10 8 
299 0 0 2 2 2 2 6 0 6 0 2 1 4 4 3 1 4 0 2 0 2 128 11 35 13 16 82 14 24 12 12 5 5 5 1 2.34 8 8 8 8 
300 0 0 1 1 1 1 5 0 5 0 2 0 0 9 9 1 9 1 0 0 8 114 10 51 19 24 53 19 30 18 12 3 3 3 1 1.04 12 12 12 9 
301 0 0 1 1 1 1 6 0 5 0 2 0 0 10 10 1 10 1 0 0 9 121 11 56 19 27 54 20 32 19 13 3 3 3 1 0.96 13 13 13 10 
302 1 1 1 1 1 1 5 0 5 0 2 0 1 9 9 1 9 1 0 0 8 116 11 47 18 22 58 18 29 18 11 2 2 2 1 1.23 10 10 10 9 
303 1 1 1 1 1 1 6 0 5 0 2 0 1 10 10 1 10 1 0 0 9 126 13 53 20 27 60 21 33 21 12 2 2 2 1 1.13 11 11 11 10 
304 0 0 1 1 1 1 6 0 5 0 2 0 0 10 10 1 10 1 0 0 9 121 11 56 19 27 54 20 32 19 13 3 3 3 1 0.96 13 13 13 10 
305 0 0 1 1 1 1 1 0 1 0 1 0 0 5 5 0 5 0 0 0 5 76 10 17 14 1 49 10 12 11 1 1 1 1 0 2.88 5 5 5 5 
306 1 1 1 1 1 1 4 0 3 0 3 0 0 19 19 9 19 0 1 0 18 196 28 113 60 36 55 49 72 43 29 2 2 3 1 0.49 22 22 23 19 
307 0 0 2 2 2 2 5 0 5 0 1 0 0 4 4 0 4 0 0 0 4 57 7 28 12 13 22 11 19 8 11 4 4 4 1 0.79 8 8 8 7 
308 0 0 2 2 2 2 6 0 6 0 1 0 0 4 4 0 4 0 0 0 4 60 6 32 12 16 22 12 21 8 13 4 4 4 1 0.69 9 9 9 7 
309 0 0 2 2 2 2 6 0 6 0 1 0 0 4 4 0 4 0 0 0 4 59 7 32 12 16 20 12 21 8 13 4 4 4 1 0.63 9 9 9 7 
310 0 0 1 1 1 1 1 0 1 0 1 0 0 4 4 0 4 0 0 0 4 65 8 10 9 0 47 6 7 7 0 1 1 1 0 4.7 4 4 4 4 
311 0 0 2 2 2 2 9 0 9 0 3 0 0 15 15 6 15 0 0 4 11 242 24 176 71 95 43 95 133 59 74 10 10 10 3 0.24 37 37 37 24 
312 0 0 7 7 7 1 29 3 25 0 1 0 0 4 4 1 4 0 2 0 2 188 23 126 55 75 39 81 110 60 50 21 21 21 4 0.31 27 27 27 4 
313 1 1 2 2 2 2 8 0 7 0 3 0 0 14 14 6 14 0 0 5 9 220 27 137 58 69 58 72 99 47 52 8 8 8 2 0.42 28 28 30 21 
314 0 0 1 1 1 1 5 0 5 0 1 0 0 11 11 2 11 0 0 0 11 160 19 81 37 34 60 38 53 28 25 3 3 4 1 0.74 14 14 16 11 
315 0 0 3 3 4 2 11 0 10 0 2 2 0 18 16 13 18 1 5 0 12 343 37 232 70 145 86 131 183 67 116 12 12 17 5 0.37 55 55 65 39 
316 0 0 2 2 2 1 7 0 6 0 3 0 0 29 29 15 29 0 8 1 20 318 49 235 81 122 64 115 177 67 110 11 11 12 3 0.27 61 61 71 34 
317 0 0 1 1 2 1 7 0 6 0 2 0 0 19 19 3 19 0 0 0 19 167 30 114 38 68 28 56 84 39 45 3 3 5 2 0.25 27 27 30 23 
318 0 0 3 3 3 2 8 0 7 0 1 0 0 13 13 5 13 0 0 0 13 187 29 127 49 72 38 78 111 45 66 6 6 6 3 0.3 33 33 33 20 
319 0 0 2 2 3 1 11 1 9 1 2 0 0 19 19 6 19 0 0 0 19 212 38 150 39 103 42 73 111 43 68 6 6 11 2 0.28 37 37 49 25 
320 0 0 2 2 3 2 11 1 10 0 3 0 0 22 22 3 22 0 2 1 19 257 39 198 55 122 28 96 149 61 88 5 5 7 3 0.14 52 52 60 33 
321 0 0 1 1 1 1 1 0 1 0 1 0 0 3 3 0 3 0 0 0 3 41 7 14 11 1 20 9 11 10 1 1 1 1 0 1.43 3 3 3 3 
322 0 0 2 2 2 1 8 0 8 0 1 0 0 7 7 7 7 0 0 3 4 115 17 77 31 40 24 44 58 26 32 4 4 4 1 0.31 16 16 17 7 
323 2 1 2 2 2 2 4 0 4 0 1 0 0 8 8 1 8 0 0 0 8 86 13 54 26 29 19 28 44 20 24 7 7 7 2 0.35 16 16 16 14 
324 0 0 1 1 1 1 12 2 9 1 1 0 0 7 7 8 7 0 0 0 7 142 29 91 45 53 26 61 71 35 36 4 4 4 1 0.29 10 10 10 7 
325 1 1 1 1 1 1 1 0 1 0 1 0 0 7 7 0 7 0 0 0 7 90 10 12 11 0 68 10 11 11 0 1 1 1 0 5.67 7 7 7 7 
326 1 1 2 2 2 1 5 0 5 0 1 0 0 10 10 6 10 0 0 0 10 118 20 77 32 32 21 40 54 24 30 3 3 3 2 0.27 15 15 15 12 
327 0 0 1 1 1 1 3 0 3 0 1 0 0 1 1 0 1 0 0 0 1 28 2 6 3 1 20 2 4 3 1 1 1 1 0 3.33 1 1 1 1 
328 0 0 2 2 2 1 9 0 7 1 1 0 1 15 15 5 15 0 2 3 10 208 27 132 40 86 58 72 101 33 68 7 7 8 3 0.44 31 31 34 15 
329 0 0 2 2 2 1 7 0 6 1 1 0 1 9 9 3 9 0 1 1 7 139 15 70 26 38 57 34 49 19 30 8 8 8 4 0.81 17 17 17 9 
330 0 0 1 1 1 1 3 0 3 0 1 0 0 8 8 2 8 0 0 0 8 73 12 43 23 12 18 18 27 16 11 1 1 1 0 0.42 8 8 8 8 
331 0 0 1 1 1 1 4 0 3 0 1 0 0 11 11 2 11 0 0 0 11 99 14 55 27 18 30 24 36 20 16 1 1 1 0 0.55 11 11 11 11 
332 7 3 2 2 2 1 4 0 3 0 1 1 0 18 17 2 18 0 0 1 17 229 28 85 41 39 116 43 63 34 29 8 8 8 3 1.36 27 27 27 20 
333 4 2 2 2 2 1 8 0 7 0 2 5 3 23 18 3 23 1 1 2 19 439 45 209 71 120 187 100 151 59 92 7 7 8 3 0.89 47 47 50 23 
334 0 0 2 2 2 1 4 0 4 0 1 0 0 2 2 1 2 0 0 1 1 53 8 13 6 5 32 6 10 6 4 2 2 2 1 2.46 3 3 3 2 
335 2 1 1 1 1 1 4 0 4 0 1 1 0 15 14 4 15 0 1 0 14 141 21 89 38 36 31 37 57 28 29 2 2 2 2 0.35 18 18 18 15 
336 1 1 2 2 2 1 5 0 5 0 1 0 0 18 18 1 18 0 1 0 17 237 24 109 45 59 106 63 87 46 41 4 4 4 2 0.97 29 29 29 18 
337 1 1 2 2 2 1 5 0 5 0 1 0 1 18 18 1 18 0 0 0 18 223 22 111 35 63 90 65 90 36 54 4 4 7 2 0.81 31 31 37 18 
338 0 0 2 2 2 1 6 0 6 0 2 0 2 7 7 3 7 0 0 1 6 143 18 58 23 32 67 32 45 23 22 7 7 9 3 1.16 14 14 16 7 
339 0 0 1 1 1 1 2 0 2 0 1 0 0 4 4 1 4 0 0 0 4 74 9 13 8 3 52 7 10 8 2 1 1 1 0 4 4 4 4 4 
340 0 0 1 1 1 1 3 0 3 0 1 0 0 1 1 0 1 0 0 0 1 33 3 7 4 1 23 3 5 4 1 1 1 1 0 3.29 1 1 1 1 
341 0 0 1 1 1 1 3 0 3 0 1 0 0 1 1 0 1 0 0 0 1 31 3 7 4 1 21 3 5 4 1 1 1 1 0 3 1 1 1 1 
342 0 0 11 11 12 1 76 14 62 0 1 1 0 1 0 0 1 0 0 0 1 110 19 67 16 52 24 30 39 16 23 11 11 12 2 0.36 11 11 12 1 
343 0 0 5 5 5 1 28 5 22 0 1 2 0 2 0 0 2 0 1 0 1 96 17 53 19 37 26 34 44 19 25 8 8 8 3 0.49 9 9 9 2 
344 2 1 2 2 2 1 8 0 8 0 4 0 1 26 26 14 26 1 1 0 24 422 46 260 89 144 119 132 185 73 112 6 6 6 3 0.46 48 48 51 26 
345 2 1 2 2 2 1 12 0 10 1 2 0 0 8 8 4 8 0 0 2 6 177 20 99 32 55 60 48 67 26 41 8 8 9 3 0.61 16 16 18 8 
347 3 1 3 3 4 1 20 1 14 3 2 0 1 12 12 6 12 0 2 0 10 365 36 204 46 125 125 79 133 39 94 13 13 14 5 0.61 41 41 43 17 
349 0 0 1 1 1 1 2 0 2 0 2 1 2 7 6 0 7 0 0 0 7 68 12 32 20 7 24 11 18 13 5 1 1 1 0 0.75 7 7 7 7 
350 0 0 1 1 1 1 3 0 3 0 1 0 0 1 1 0 1 0 0 0 1 31 4 7 4 1 20 3 5 4 1 1 1 1 0 2.86 1 1 1 1 
351 1 1 2 2 2 1 8 0 8 0 1 0 1 13 13 2 13 0 1 0 12 209 21 128 45 70 60 66 95 37 58 4 4 4 2 0.47 22 22 22 13 
352 0 0 1 1 1 1 3 0 3 0 1 0 1 11 11 5 11 1 0 7 3 98 19 52 22 20 27 23 38 22 16 2 2 2 1 0.52 12 12 12 11 
353 0 0 2 2 3 1 8 0 7 0 1 0 1 8 8 7 8 1 1 0 6 120 17 79 28 39 24 39 55 22 33 4 4 4 2 0.3 18 18 20 8 
354 1 1 2 2 2 1 7 0 6 0 1 0 1 14 14 6 14 0 2 0 12 164 24 111 39 58 30 57 80 32 48 4 4 4 2 0.27 24 24 25 14 
355 1 1 2 2 2 1 6 0 6 0 4 0 0 19 19 8 19 1 0 2 16 226 25 148 57 67 54 60 94 42 52 6 6 6 3 0.36 29 29 29 19 
357 0 0 2 2 2 1 5 0 5 0 2 0 0 10 10 2 10 0 0 0 10 145 18 66 25 26 61 22 41 18 23 4 4 5 2 0.92 18 18 20 10 
359 0 0 1 1 1 1 5 0 4 0 2 0 0 7 7 3 7 0 0 0 7 91 14 48 22 14 29 15 28 15 13 2 2 2 1 0.6 8 8 8 7 
360 0 0 1 1 1 1 5 0 5 0 2 0 0 9 9 5 9 0 1 0 8 125 15 73 35 30 37 35 50 26 24 3 3 3 2 0.51 13 13 13 9 
361 4 2 2 2 2 1 8 0 7 0 1 17 0 17 0 0 17 0 1 0 16 238 27 137 39 88 74 68 105 40 65 7 7 8 2 0.54 37 37 40 17 
362 0 0 0 0 0 0 0 0 0 0 1 0 0 0 0 0 0 0 0 0 0 24 2 3 2 0 19 1 2 2 0 0 0 0 0 6.33 0 0 0 0 
363 0 0 2 2 2 2 6 0 6 0 1 0 0 6 6 0 6 0 0 0 6 126 9 47 21 24 71 26 35 18 17 6 6 6 3 1.51 12 12 12 9 
364 0 0 3 3 3 1 10 0 10 0 5 1 3 27 26 7 27 0 3 0 24 473 51 292 75 170 131 131 211 79 132 10 10 12 4 0.45 76 76 80 36 
365 0 0 1 1 1 1 3 0 3 0 2 0 0 4 4 1 4 0 0 0 4 78 8 33 14 13 37 16 21 9 12 1 1 1 0 1.12 4 4 4 4 
366 0 0 4 4 4 2 52 5 39 8 1 14 1 14 0 0 14 0 0 0 14 816 94 553 160 386 171 383 436 160 276 8 8 8 2 0.31 52 52 52 24 
367 1 1 2 2 2 1 9 0 8 1 1 0 1 18 18 3 18 1 5 0 12 278 25 186 68 124 82 103 144 54 90 5 5 7 2 0.44 39 39 43 22 
368 0 0 2 2 2 2 10 0 8 1 1 0 0 4 4 2 4 0 0 1 3 105 13 44 16 24 48 24 34 17 17 3 3 3 2 1.09 9 9 9 6 
369 1 1 1 1 1 1 2 0 2 0 1 1 14 2 1 3 2 0 2 0 0 86 11 44 24 28 32 26 33 22 11 1 1 1 0 0.73 2 2 2 2 
370 0 0 1 1 1 1 4 0 3 0 2 0 0 8 8 3 8 1 0 0 7 83 14 45 24 13 24 20 30 19 11 2 2 2 0 0.53 10 10 10 8 
371 1 1 1 1 1 1 2 0 2 0 1 0 1 6 6 0 6 0 0 0 6 51 11 20 13 4 20 9 16 13 3 1 1 1 0 1 6 6 6 6 
372 1 1 2 2 3 1 12 2 9 1 4 2 3 19 17 7 19 0 4 0 15 428 60 214 89 125 156 116 175 91 84 10 10 10 4 0.73 46 46 50 24 
373 0 0 3 3 4 1 20 0 19 1 2 6 1 9 3 7 9 2 1 0 6 315 15 192 55 140 115 92 122 45 77 11 11 12 5 0.6 31 31 33 11 
374 0 0 2 2 2 1 7 0 7 0 1 0 0 4 4 1 4 0 0 0 4 81 9 36 13 16 36 20 27 13 14 2 2 2 1 1 6 6 6 4 
375 0 0 1 1 1 1 1 0 1 0 1 0 0 4 4 0 4 0 0 0 4 48 7 7 6 0 34 5 6 6 0 1 1 1 0 4.86 4 4 4 4 
376 1 1 2 2 2 1 5 0 5 0 1 1 2 3 2 3 3 0 1 0 2 67 7 28 16 14 32 17 21 15 6 2 2 3 0 1.14 5 5 6 3 
377 5 2 2 2 2 1 7 0 7 0 3 20 5 25 5 0 25 0 3 0 22 467 41 192 73 110 239 93 142 60 82 9 9 10 2 1.24 49 48 54 28 
378 1 1 2 2 2 1 8 0 6 1 1 5 0 57 52 2 57 0 0 1 56 817 138 411 176 265 310 249 356 175 181 8 8 8 2 0.75 107 107 108 83 
379 0 0 2 2 2 1 6 0 6 0 1 0 0 6 6 0 6 0 0 0 6 102 9 44 18 18 49 20 32 18 14 3 3 4 1 1.11 11 11 12 6 
380 0 0 3 3 3 2 11 0 10 1 1 0 1 6 6 7 6 0 1 0 5 195 21 104 51 70 73 44 62 19 43 5 5 5 3 0.7 17 17 17 13 
381 0 0 1 1 1 1 5 0 4 0 1 0 1 5 5 1 5 0 2 2 1 77 14 34 18 12 29 17 25 16 9 2 2 2 1 0.85 7 7 7 5 
382 0 0 2 2 2 1 9 0 8 2 1 0 0 12 12 3 12 0 2 3 7 247 15 110 29 69 134 63 87 30 57 5 5 7 2 1.22 24 24 29 14 
383 1 1 3 3 3 2 14 1 12 1 1 1 3 8 7 6 8 0 2 0 6 197 25 111 31 68 62 59 84 33 51 11 11 13 5 0.56 24 24 26 15 
384 2 2 3 3 3 2 13 0 12 1 1 4 0 4 0 0 4 0 0 0 4 111 9 56 23 36 51 33 45 23 22 5 5 6 3 0.91 11 11 12 7 
385 0 0 1 1 2 1 6 0 6 1 2 0 0 19 19 6 19 3 4 0 12 217 26 129 41 73 78 74 103 42 61 4 4 7 2 0.6 27 27 32 21 
386 0 0 2 2 3 2 13 1 10 1 2 0 0 3 3 5 3 0 1 0 2 81 11 41 17 21 29 25 34 17 17 5 5 7 2 0.71 7 7 9 5 
387 0 0 3 3 3 2 10 0 9 1 1 6 0 6 0 0 6 0 0 0 6 124 11 57 18 37 59 29 45 18 27 4 4 4 1 1.04 18 18 18 12 
388 0 0 2 2 2 1 8 0 8 0 3 0 3 18 18 8 18 3 3 0 12 239 31 139 41 80 72 71 103 48 55 4 4 4 2 0.52 30 30 30 20 
389 0 0 4 4 4 2 14 0 14 0 1 0 2 10 10 0 10 0 6 3 1 176 11 146 31 98 21 83 111 33 78 11 11 11 3 0.14 35 35 36 19 
390 0 0 3 3 3 2 5 0 5 0 1 3 1 4 1 0 4 0 1 0 3 75 7 27 11 14 41 15 24 13 11 4 4 4 2 1.52 10 10 10 8 
391 0 0 1 1 1 1 3 0 3 0 1 0 0 2 2 0 2 0 0 0 2 37 2 9 4 2 26 3 6 4 2 1 1 1 0 2.89 2 2 2 2 
392 1 1 1 1 1 1 3 0 3 0 1 0 0 1 1 0 1 0 0 0 1 30 3 6 3 1 21 2 4 3 1 1 1 1 0 3.5 1 1 1 1 
393 0 0 2 2 2 1 5 0 5 0 1 1 0 1 0 0 1 0 0 0 1 31 3 8 3 3 20 3 6 3 3 2 2 2 1 2.5 2 2 2 1 
394 7 3 6 6 7 4 34 3 28 3 3 4 9 7 3 5 7 0 0 0 7 447 50 217 56 171 180 140 182 57 125 9 9 12 4 0.83 39 39 49 26 
395 1 1 1 1 1 1 1 0 1 0 1 0 0 1 3 8 3 0 0 0 3 80 13 14 12 1 53 3 4 3 1 1 1 1 0 3.79 3 3 3 3 
396 0 0 1 1 1 1 2 0 2 0 2 1 0 13 12 2 13 4 0 0 9 111 18 46 24 11 47 19 34 19 15 1 1 1 0 1.02 13 13 13 13 
397 0 0 1 1 1 1 5 0 5 0 2 0 1 2 2 0 2 0 0 1 1 44 5 14 6 6 25 6 9 7 2 1 1 1 0 1.79 2 2 2 2 
398 0 0 1 1 1 1 3 0 3 0 2 0 0 15 15 3 15 3 0 0 12 111 19 67 35 15 25 22 44 24 20 1 1 1 0 0.37 15 15 15 15 
