1 0 0 1 1 1 1 2 0 2 0 1 1 0 2 1 0 2 0 1 0 1 29 4 7 4 1 19 2 5 4 1 1 1 1 0 2.71 2 2 2 2 
2 0 0 313 3 313 2 490 0 488 311 1 1 0 4 3 3 4 0 0 0 4 2047 11 1965 20 1937 1313 695 707 21 686 1245 4 1245 3 0.67 1252 11 1252 7 
3 0 0 2 2 2 1 6 0 6 0 1 0 0 9 9 1 9 0 1 3 5 153 15 69 20 37 69 28 43 20 23 3 3 5 2 1 15 15 18 9 
4 0 0 4 4 4 3 11 1 10 0 1 0 0 4 4 3 4 0 0 3 1 85 13 49 14 31 23 24 37 13 24 8 8 9 2 0.47 14 14 15 10 
5 0 0 2 2 2 1 7 0 6 0 1 0 0 5 5 3 5 0 1 0 4 86 11 46 18 19 29 21 32 15 17 3 3 3 1 0.63 10 10 10 5 
399 0 0 2 2 2 1 6 0 6 0 7 3 2 70 67 14 70 5 12 0 53 700 79 491 167 265 134 236 360 150 210 7 7 7 3 0.27 126 126 132 86 
6 0 0 1 1 1 1 4 0 4 0 2 3 2 26 23 3 26 1 2 0 23 327 31 134 53 56 162 54 93 43 50 4 4 4 2 1.21 37 37 38 30 
7 0 0 1 1 1 1 3 0 3 0 1 0 0 8 8 1 8 0 0 2 6 79 12 35 18 8 32 11 20 12 8 1 1 1 0 0.91 8 8 8 8 
8 0 0 1 1 1 1 3 0 3 0 1 1 0 8 7 1 8 0 1 0 7 71 12 37 19 9 22 12 21 13 8 2 2 2 0 0.59 9 9 9 8 
9 0 0 1 1 1 1 1 0 1 0 1 0 0 1 1 0 1 0 0 0 1 41 4 5 4 0 32 3 4 4 0 1 1 1 0 6.4 1 1 1 1 
10 1 3 2 2 2 2 10 0 9 1 1 0 4 15 15 9 15 0 2 4 9 393 39 174 63 104 201 93 128 46 82 11 11 11 4 1.16 35 35 37 30 
400 0 0 2 2 2 2 6 0 6 0 1 0 0 5 5 2 5 0 0 1 4 94 10 41 14 18 45 17 28 13 15 7 7 7 4 1.1 11 11 11 10 
11 0 0 27 4 28 2 69 2 62 28 1 0 0 3 3 3 3 0 0 0 3 254 13 196 18 178 117 102 114 18 96 77 6 78 3 0.6 82 11 84 6 
12 0 0 1 1 1 1 2 0 2 0 1 0 0 2 2 0 2 0 0 1 1 34 4 10 6 1 20 3 6 5 1 1 1 1 0 2 2 2 2 2 
401 0 0 2 2 2 1 6 0 6 0 1 0 0 3 3 3 3 0 0 0 3 82 8 31 15 12 43 15 21 13 8 3 3 3 2 1.39 6 6 6 3 
13 0 0 2 2 2 1 6 0 6 0 1 0 1 7 7 4 7 0 0 0 7 91 13 58 25 30 20 34 46 22 24 5 5 5 3 0.34 11 11 11 10 
14 0 0 1 1 1 1 4 0 4 0 1 0 0 3 3 3 3 0 0 0 3 62 9 22 13 7 31 12 16 11 5 1 1 2 0 1.41 3 3 4 3 
15 0 0 1 1 1 1 3 0 3 0 1 0 0 7 7 0 7 0 0 1 6 128 12 31 16 7 85 11 19 12 7 1 1 1 0 2.74 7 7 7 7 
402 0 0 1 1 1 1 3 0 3 0 1 0 0 6 6 2 6 0 0 0 6 69 10 36 18 11 23 13 20 13 7 1 1 1 0 0.64 6 6 6 6 
403 0 0 1 1 2 1 5 0 5 0 1 0 0 3 3 2 3 0 0 0 3 53 7 23 10 9 23 11 16 8 8 2 2 3 1 1 4 4 5 3 
16 0 0 2 2 2 1 6 0 6 0 1 0 0 3 3 2 3 0 0 0 3 72 7 31 15 14 34 17 22 14 8 3 3 3 2 1.1 5 5 5 3 
17 0 0 1 1 1 1 3 0 3 0 1 0 0 7 7 0 7 0 0 1 6 130 11 31 16 7 88 11 19 12 7 1 1 1 0 2.84 7 7 7 7 
18 0 0 4 4 4 2 11 0 10 0 1 0 0 8 8 5 8 0 4 0 4 137 13 100 31 58 24 55 84 31 53 10 10 11 4 0.24 30 30 33 15 
19 0 0 5 5 5 1 20 0 20 0 1 0 0 1 1 3 1 0 0 0 1 61 5 28 11 14 28 18 24 12 12 5 5 5 2 1 5 5 5 1 
20 0 0 2 2 2 1 7 0 6 0 1 0 2 12 12 7 12 0 0 0 12 252 25 104 35 63 127 64 84 32 52 7 6 7 1 1.22 22 21 22 12 
21 0 0 2 2 2 1 5 0 5 0 1 0 0 8 8 2 8 0 0 0 8 131 16 56 27 23 59 25 39 21 18 2 2 2 1 1.05 13 13 13 8 
22 0 0 2 2 3 1 5 0 5 0 1 0 0 2 2 3 2 0 0 0 2 67 7 20 11 9 40 11 16 10 6 3 3 4 1 2 4 4 5 2 
23 0 0 6 5 7 5 12 0 12 0 1 1 1 27 26 6 27 2 12 0 13 547 71 339 54 254 140 227 359 55 304 34 24 37 5 0.41 158 132 176 124 
404 0 0 1 1 1 1 4 0 4 0 2 0 0 8 8 2 8 0 0 4 4 169 14 47 24 16 108 20 30 17 13 2 2 3 1 2.3 9 9 10 8 
24 0 0 1 1 1 1 3 0 3 0 1 0 0 3 3 1 3 0 0 1 2 60 7 17 10 3 36 7 11 8 3 1 1 1 0 2.12 3 3 3 3 
25 0 0 1 1 1 1 3 0 3 0 1 0 1 5 5 2 5 0 0 1 4 109 13 43 23 18 53 19 25 18 7 1 1 1 0 1.23 5 5 5 5 
26 0 0 1 1 1 1 3 0 3 0 1 9 0 15 6 2 15 0 1 1 13 265 19 72 36 21 175 30 46 28 18 2 2 2 0 2.43 16 16 16 15 
405 0 0 1 1 1 1 5 0 5 0 1 1 0 4 3 2 4 0 0 3 1 105 11 31 19 10 63 17 22 16 6 2 2 2 0 2.03 5 5 5 4 
27 0 0 2 2 2 1 5 0 5 0 4 0 1 17 17 5 17 0 4 0 13 245 29 119 45 52 97 49 83 43 40 6 6 6 5 0.82 31 31 31 17 
28 0 0 1 1 2 1 6 0 6 0 2 0 1 42 42 7 42 0 1 0 41 648 56 296 82 175 297 171 226 70 156 5 5 11 2 1 57 57 63 46 
29 0 0 1 1 1 1 3 0 3 0 1 0 0 4 4 1 4 0 0 1 3 56 7 21 11 5 28 8 13 8 5 1 1 1 0 1.33 4 4 4 4 
30 0 0 1 1 1 1 3 0 3 0 1 0 0 8 8 0 8 0 1 3 4 182 13 41 20 15 128 21 30 20 10 2 2 4 1 3.12 9 9 11 8 
31 0 0 1 1 1 1 3 0 3 0 1 0 0 9 9 1 9 0 0 7 2 95 14 38 16 12 43 16 27 15 12 2 2 2 1 1.13 11 11 11 9 
32 0 0 1 1 1 1 3 0 3 0 1 0 0 3 3 1 3 0 0 1 2 62 8 18 11 3 36 7 11 8 3 1 1 1 0 2 3 3 3 3 
33 0 0 1 1 1 1 3 0 3 0 1 0 0 7 7 0 7 0 0 1 6 121 11 31 16 7 79 11 19 12 7 1 1 1 0 2.55 7 7 7 7 
34 0 0 3 3 3 1 15 0 15 0 1 9 0 9 0 0 9 0 0 0 9 284 16 147 47 91 121 65 102 41 61 7 7 7 4 0.82 27 27 27 9 
406 0 0 1 1 1 1 4 0 4 0 2 0 2 8 8 2 8 0 0 2 6 140 15 53 27 22 72 32 41 27 14 1 1 1 0 1.36 8 8 8 8 
407 0 0 4 4 6 1 15 1 13 1 1 0 2 2 2 2 2 0 0 0 2 73 11 38 18 23 26 22 30 18 12 6 6 10 3 0.68 7 7 11 2 
408 0 0 2 2 2 1 7 0 6 0 1 0 10 11 11 7 11 0 1 0 10 234 26 114 50 66 95 59 77 43 34 6 6 6 4 0.83 17 17 17 14 
409 0 0 3 2 3 2 13 1 11 1 1 9 28 24 15 14 24 2 11 0 11 738 106 445 130 331 200 203 253 119 134 32 13 33 4 0.45 73 54 74 56 
35 0 0 1 1 1 1 4 0 4 0 2 0 2 8 8 2 8 0 0 2 6 133 15 48 22 22 70 27 36 22 14 1 1 1 0 1.46 8 8 8 8 
36 0 0 3 3 4 1 10 0 9 1 1 0 2 4 4 3 4 0 0 0 4 87 13 52 24 29 25 29 40 23 17 6 6 10 3 0.48 10 10 14 4 
37 0 0 2 2 2 1 7 0 6 0 1 0 15 11 11 7 11 0 1 0 10 246 26 130 60 77 91 64 82 48 34 6 6 6 4 0.7 18 18 18 14 
38 0 0 3 2 3 2 12 1 11 1 1 9 25 24 15 14 24 0 11 0 13 1089 106 781 126 668 215 195 245 115 130 28 13 29 4 0.28 69 54 70 52 
410 0 0 1 1 1 1 1 0 1 0 1 0 1 5 5 0 5 5 0 0 0 66 11 12 11 1 43 10 11 11 0 1 1 1 0 3.58 5 5 5 5 
411 0 0 3 2 3 2 12 0 10 1 1 9 27 30 21 20 30 0 21 0 9 3775 119 3414 153 3275 255 234 300 138 162 41 22 42 4 0.07 89 70 90 71 
412 0 0 1 1 1 1 1 0 1 0 1 0 0 11 11 0 11 0 0 0 11 91 12 15 14 0 64 13 14 14 0 1 1 1 0 4.27 11 11 11 11 
413 0 0 2 2 2 1 6 0 6 0 1 0 1 31 31 2 31 0 2 0 29 305 42 223 69 128 46 108 166 55 111 12 12 15 3 0.21 57 57 61 43 
39 0 0 1 1 1 1 1 0 1 0 1 0 0 2 2 0 2 0 0 0 2 44 4 7 6 0 33 5 6 6 0 1 1 1 0 4.71 2 2 2 2 
40 0 0 1 1 1 1 4 0 4 0 1 0 0 6 6 1 6 0 0 0 6 80 12 35 16 12 33 13 22 12 10 3 3 3 1 0.94 8 8 8 8 
414 0 0 1 1 1 1 1 0 1 0 1 0 0 2 2 0 2 0 0 0 2 49 5 7 6 0 37 5 6 6 0 1 1 1 0 5.29 2 2 2 2 
415 0 0 2 2 2 1 4 0 4 0 1 0 0 6 6 1 6 0 0 0 6 82 10 35 18 12 37 14 23 13 10 3 3 3 1 1.06 9 9 9 8 
41 0 0 1 1 1 1 1 0 1 0 1 0 0 3 3 0 3 0 0 0 3 44 8 7 6 0 29 5 6 6 0 1 1 1 0 4.14 3 3 3 3 
42 0 0 1 1 1 1 5 0 4 0 1 0 0 7 7 2 7 0 0 0 7 90 17 44 20 17 29 20 30 16 14 3 3 4 1 0.66 9 9 10 9 
43 0 0 1 1 1 1 1 0 1 0 1 0 0 2 2 0 2 0 0 0 2 36 4 7 6 0 25 5 6 6 0 1 1 1 0 3.57 2 2 2 2 
44 0 0 2 2 2 1 4 0 4 0 1 0 0 9 9 1 9 0 0 0 9 101 18 52 23 19 31 20 34 18 16 4 4 6 2 0.6 15 15 17 12 
45 0 0 1 1 1 1 1 0 1 0 1 0 0 2 2 0 2 0 0 0 2 59 4 6 5 0 49 4 5 5 0 1 1 1 0 8.17 2 2 2 2 
46 0 0 2 2 2 1 5 0 4 0 1 0 0 6 6 1 6 0 0 0 6 99 13 39 17 15 47 15 25 13 12 3 3 3 1 1.21 9 9 9 8 
47 0 0 1 1 1 1 1 0 1 0 1 0 0 8 8 0 8 0 0 0 8 93 10 13 12 0 70 10 11 11 0 1 1 1 0 5.38 8 8 8 8 
48 0 0 0 0 0 0 0 0 0 0 1 0 0 0 0 0 0 0 0 0 0 27 2 4 3 0 21 1 2 2 0 0 0 0 0 5.25 0 0 0 0 
49 0 0 1 1 1 1 1 0 1 0 1 0 1 2 2 0 2 0 0 0 2 36 6 7 6 1 23 5 6 6 0 1 1 1 0 3.29 2 2 2 2 
50 0 0 2 2 2 1 4 0 4 0 1 0 0 8 8 1 8 0 0 0 8 78 14 42 19 14 22 16 27 15 12 4 4 4 1 0.52 12 12 12 10 
416 0 0 1 1 1 1 7 0 7 0 2 0 0 3 3 3 3 0 0 0 3 113 10 38 21 13 65 22 28 18 10 2 2 2 1 1.71 4 4 4 3 
417 0 0 2 2 2 1 10 0 9 1 1 0 0 2 2 2 2 0 0 0 2 105 8 30 16 14 67 18 22 14 8 2 2 2 1 2.23 3 3 3 2 
51 0 0 2 2 2 1 5 0 5 0 1 0 0 23 23 16 23 0 0 3 20 295 33 144 48 92 122 78 123 47 76 18 18 19 2 0.85 44 44 46 25 
52 1 3 1 1 1 1 8 1 6 0 1 7 0 8 1 0 8 0 1 0 7 124 21 61 26 34 42 34 47 26 21 2 2 2 2 0.69 10 10 10 8 
53 0 0 2 2 2 1 5 0 5 0 1 6 1 7 1 0 7 0 1 0 6 123 15 47 22 23 65 25 38 21 17 5 5 5 2 1.38 12 12 12 7 
54 0 0 3 2 3 2 9 0 8 0 4 6 2 9 5 15 11 0 1 1 9 259 24 132 37 93 105 84 104 35 69 8 8 8 1 0.8 32 20 32 18 
55 1 3 3 3 3 2 7 0 6 0 1 0 4 16 16 2 16 0 0 0 16 319 36 126 41 71 161 54 102 46 56 4 4 5 2 1.28 40 40 44 24 
56 1 2 1 1 2 1 3 0 3 0 16 3 0 61 64 12 67 0 0 0 67 597 78 281 129 148 243 134 217 71 146 8 8 11 2 0.86 97 97 100 75 
57 0 0 1 1 1 1 1 0 1 0 1 0 0 1 1 0 1 1 0 0 0 34 3 5 4 0 26 3 4 4 0 1 1 1 0 5.2 1 1 1 1 
58 0 0 0 0 0 0 0 0 0 0 1 0 0 0 2 7 2 0 0 0 2 76 9 10 9 0 57 1 2 2 0 1 1 1 0 5.7 2 2 2 2 
59 0 0 1 1 1 1 1 0 1 0 1 0 0 22 22 0 22 19 0 0 3 212 25 31 30 0 159 29 30 30 0 1 1 1 0 5.13 22 22 22 22 
60 0 0 1 1 1 1 3 0 3 0 1 0 0 1 1 0 1 0 0 0 1 28 3 5 3 1 20 2 4 3 1 1 1 1 0 4 1 1 1 1 
61 0 0 2 2 2 1 3 0 3 0 1 0 0 4 4 1 4 0 0 0 4 67 11 23 12 7 33 12 19 13 6 2 2 2 1 1.43 6 6 6 4 
62 0 0 5 5 5 1 25 4 20 1 1 2 6 2 0 0 2 0 0 0 2 139 21 54 21 37 67 28 39 18 21 6 6 6 1 1.24 10 10 10 2 
63 1 1 2 2 2 1 4 0 4 0 2 0 0 15 17 7 17 0 0 0 17 316 22 96 31 47 202 54 79 30 49 8 5 8 3 2.1 30 27 30 17 
64 0 0 2 2 2 1 7 0 7 0 1 0 0 2 2 2 2 0 0 0 2 57 5 19 8 8 33 10 15 8 7 3 3 3 1 1.74 4 4 4 2 
65 0 0 2 2 2 1 4 0 4 0 1 0 0 10 10 2 10 0 0 1 9 90 14 53 17 25 23 23 38 17 21 3 3 4 2 0.43 15 15 16 12 
66 0 0 1 1 2 1 4 0 4 0 1 0 0 2 2 1 2 0 0 1 1 37 6 15 7 4 16 6 10 6 4 1 1 2 0 1.07 2 2 3 2 
67 1 3 2 2 2 1 10 0 8 1 4 0 5 17 17 7 17 5 0 0 12 243 34 149 44 86 60 73 111 53 58 6 6 6 2 0.4 34 34 37 17 
447 2 2 3 3 3 2 15 1 12 1 4 0 1 20 20 12 20 1 6 0 13 433 66 289 81 184 78 165 231 88 143 23 23 25 5 0.27 61 61 64 30 
68 0 0 2 2 2 1 10 1 7 1 2 0 3 8 8 6 8 3 0 0 5 151 29 76 32 50 50 55 68 32 36 4 4 4 2 0.66 14 14 14 8 
69 0 0 2 2 2 1 9 1 7 0 1 0 0 10 10 8 10 0 0 0 10 149 23 98 34 61 28 62 80 28 52 3 3 3 2 0.29 17 17 17 14 
70 1 2 2 2 2 1 7 0 7 0 1 0 0 6 6 4 6 0 0 0 6 89 13 50 13 27 26 28 39 13 26 3 3 3 2 0.52 10 10 10 6 
71 0 0 1 1 1 1 7 0 7 0 1 0 0 3 3 7 3 0 0 0 3 60 11 33 16 18 20 22 27 15 12 2 2 2 1 0.61 4 4 4 3 
72 2 5 8 8 8 2 38 4 33 1 8 3 1 16 13 50 16 1 7 1 7 970 147 617 150 442 207 362 494 157 337 48 48 49 7 0.34 122 122 123 29 
73 1 4 2 2 2 1 7 0 6 0 3 0 0 24 24 10 24 2 0 2 20 327 54 206 81 92 67 95 139 62 77 9 9 10 3 0.33 40 40 41 24 
74 2 3 3 3 3 1 16 2 11 2 2 0 3 8 8 10 8 1 1 0 6 252 37 119 42 76 97 72 99 45 54 7 7 7 2 0.82 21 21 21 8 
75 1 4 3 3 3 1 12 1 10 1 3 3 3 32 29 13 32 2 2 7 21 582 81 354 89 211 147 160 258 88 170 12 12 12 4 0.42 89 89 93 47 
76 0 0 1 1 1 1 3 0 3 0 1 0 0 1 1 0 1 0 0 0 1 30 3 7 4 1 20 3 5 4 1 1 1 1 0 2.86 1 1 1 1 
77 0 0 1 1 1 1 7 0 6 0 1 0 0 8 8 7 8 5 0 3 0 117 17 67 24 32 33 41 52 21 31 3 3 3 2 0.49 10 10 10 8 
78 0 0 2 2 2 1 13 0 8 4 1 0 0 6 6 11 6 4 0 2 0 136 17 69 25 36 51 45 56 23 33 3 3 3 2 0.74 10 10 10 6 
79 1 5 2 2 3 1 11 0 9 1 7 4 0 89 85 40 89 9 7 10 63 1338 185 989 281 582 216 513 736 244 492 17 17 20 6 0.22 217 217 235 124 
80 1 2 1 1 1 1 1 0 1 0 1 0 0 4 4 0 4 4 0 0 0 28 3 9 8 0 16 7 8 8 0 1 1 1 0 1.78 4 4 4 4 
81 1 4 1 1 1 1 1 0 1 0 1 0 0 2 2 0 2 2 0 0 0 33 5 6 5 0 22 4 5 5 0 1 1 1 0 3.67 2 2 2 2 
82 1 5 1 1 1 1 1 0 1 0 1 0 0 5 5 1 5 5 0 0 0 46 9 14 11 1 23 10 12 11 1 1 1 1 0 1.64 5 5 5 5 
83 1 1 1 1 1 1 1 0 1 0 1 0 0 2 2 0 2 2 0 0 0 27 3 7 6 0 17 5 6 6 0 1 1 1 0 2.43 2 2 2 2 
84 1 1 1 1 1 1 1 0 1 0 1 0 0 4 4 0 4 4 0 0 0 27 3 8 7 0 16 6 7 7 0 1 1 1 0 2 4 4 4 4 
88 5 6 1 1 1 1 7 0 5 0 1 0 0 5 5 4 5 0 0 0 5 84 13 44 22 18 27 26 34 19 15 2 2 2 1 0.61 6 6 6 5 
89 1 1 1 1 1 1 3 0 3 0 1 0 0 2 2 6 2 0 0 0 2 45 9 17 11 5 19 11 14 11 3 1 1 1 0 1.12 2 2 2 2 
90 3 5 3 3 3 1 20 2 15 2 3 0 1 12 12 17 12 3 1 0 8 339 60 226 75 148 53 140 183 75 108 13 13 15 4 0.23 37 37 39 14 
91 2 6 1 1 1 1 7 1 6 0 1 0 0 6 6 2 6 3 0 0 3 91 20 52 26 23 19 29 40 23 17 3 3 3 2 0.37 8 8 8 6 
92 2 5 6 6 6 3 52 9 35 8 1 0 0 3 3 6 3 1 0 0 2 205 37 122 37 85 49 81 101 35 66 16 16 17 7 0.4 18 18 19 9 
93 1 1 1 1 1 1 4 0 4 0 2 0 0 7 7 9 7 1 1 0 5 92 16 54 27 20 22 29 39 23 16 1 1 1 1 0.41 7 7 7 7 
94 6 6 3 3 3 1 17 2 13 2 9 0 13 64 64 45 64 50 5 1 8 1462 232 938 235 587 297 490 705 243 462 23 23 27 5 0.32 184 184 204 88 
95 1 4 1 1 1 1 6 0 6 0 1 0 0 2 2 5 2 1 0 0 1 48 7 21 10 10 22 15 18 10 8 1 1 1 0 1.05 2 2 2 2 
96 3 5 4 4 5 1 18 0 18 2 1 0 0 3 3 9 3 2 0 0 1 95 10 68 18 37 27 36 49 14 35 9 9 10 2 0.4 12 12 14 3 
97 4 7 2 2 2 1 9 0 8 0 1 0 10 23 23 3 23 3 2 0 18 387 42 219 81 132 127 118 173 80 93 9 9 10 4 0.58 52 52 55 27 
98 0 0 1 1 1 1 3 0 3 0 1 0 0 13 13 7 13 1 0 0 12 128 15 59 23 22 54 31 45 23 22 1 1 1 0 0.92 13 13 13 13 
99 0 0 1 1 1 1 2 0 2 0 1 0 0 4 4 0 4 0 0 0 4 79 4 14 6 3 61 4 9 6 3 1 1 1 0 4.36 4 4 4 4 
100 0 0 1 1 1 1 3 0 3 0 1 0 0 6 6 4 6 0 0 0 6 72 11 32 16 11 29 16 23 14 9 1 1 1 0 0.91 6 6 6 6 
101 1 5 3 3 3 1 16 0 14 1 2 1 0 31 30 17 31 9 11 0 11 655 68 490 125 340 103 274 355 121 234 10 7 10 5 0.21 96 80 100 42 
102 3 6 3 3 3 1 14 0 13 0 1 0 14 10 10 5 10 10 0 0 0 238 34 168 53 111 36 104 137 55 82 14 8 14 2 0.21 34 28 34 10 
103 0 0 1 1 1 1 2 0 2 0 4 0 0 54 54 3 54 0 0 5 49 318 57 214 112 79 47 91 149 71 78 1 1 1 0 0.22 54 54 54 54 
104 0 0 1 1 1 1 1 0 1 0 1 0 0 2 2 0 2 2 0 0 0 34 6 6 5 0 22 4 5 5 0 1 1 1 0 3.67 2 2 2 2 
105 0 0 2 2 2 1 14 2 10 1 1 0 0 5 5 14 5 5 0 0 0 127 26 75 28 42 27 49 60 26 34 5 5 7 1 0.36 10 10 12 5 
106 0 0 1 1 1 1 1 0 1 0 1 0 0 2 2 0 2 2 0 0 0 36 5 6 5 0 25 4 5 5 0 1 1 1 0 4.17 2 2 2 2 
107 0 0 1 1 1 1 10 1 8 1 1 0 0 3 3 7 3 2 0 0 1 72 11 39 16 19 22 22 26 14 12 1 1 1 0 0.56 3 3 3 3 
108 0 0 1 1 1 1 1 0 1 0 1 0 0 2 2 0 2 2 0 0 0 31 6 6 5 0 19 4 5 5 0 1 1 1 0 3.17 2 2 2 2 
109 0 0 2 2 2 1 8 0 7 0 1 0 0 5 5 6 5 5 0 0 0 87 15 51 18 29 21 29 40 16 24 4 4 4 2 0.41 11 11 11 5 
110 0 0 1 1 2 1 3 0 3 0 1 0 0 3 3 1 3 3 0 0 0 47 8 17 10 6 22 12 15 10 5 2 2 3 1 1.29 4 4 5 3 
111 0 0 1 1 1 1 6 0 4 0 1 0 0 5 5 8 5 5 0 0 0 73 14 38 18 14 21 23 30 16 14 2 2 2 1 0.55 6 6 6 5 
112 1 3 3 3 3 2 16 2 13 0 1 0 0 4 4 13 4 1 0 0 3 118 22 72 25 46 24 48 61 25 36 6 6 6 3 0.33 12 12 12 6 
113 3 5 8 8 9 2 54 9 34 11 1 1 0 5 4 2 5 2 1 0 2 324 58 189 62 134 78 113 163 67 96 24 24 26 8 0.41 42 42 45 10 
114 1 5 2 2 2 1 8 0 7 0 2 0 0 17 17 12 17 13 0 0 4 218 36 155 52 84 31 85 115 42 73 5 5 6 3 0.2 28 28 30 19 
115 1 1 1 1 1 1 2 0 2 0 1 0 0 5 5 2 5 2 0 0 3 45 7 22 13 4 16 7 13 9 4 1 1 1 0 0.73 5 5 5 5 
448 1 2 1 1 1 1 11 1 9 1 5 0 2 13 13 8 13 1 0 0 12 145 21 85 24 48 39 44 63 34 29 4 4 4 1 0.46 17 17 18 13 
116 0 0 1 1 1 1 2 0 2 0 1 0 0 13 13 0 13 0 0 0 13 130 19 42 24 15 69 24 32 22 10 3 3 3 1 1.64 16 16 17 15 
117 0 0 1 1 1 1 1 0 1 0 1 0 0 2 2 0 2 0 0 0 2 98 6 7 6 0 85 5 6 6 0 1 1 1 0 12.14 2 2 2 2 
118 2 4 3 3 3 1 12 1 9 1 3 0 1 36 36 22 36 12 3 0 21 680 91 401 108 220 190 181 292 110 182 22 22 25 5 0.47 100 100 111 36 
119 0 0 4 4 5 3 11 0 11 0 1 1 1 4 3 2 4 0 1 0 3 94 8 55 16 32 31 25 43 18 25 7 7 9 2 0.56 15 15 18 13 
120 1 4 3 3 3 2 9 0 8 1 1 6 26 6 0 0 6 0 0 0 6 277 36 133 46 105 108 47 65 40 25 4 4 4 2 0.81 16 16 16 11 
418 0 0 1 1 1 1 3 0 3 0 1 0 0 1 1 0 1 0 0 0 1 32 5 7 4 1 20 3 5 4 1 1 1 1 0 2.86 1 1 1 1 
121 3 7 1 1 1 1 4 0 4 0 4 15 12 85 70 5 85 0 3 11 71 1389 115 389 148 186 887 198 290 143 147 12 12 12 4 2.28 109 109 110 85 
449 2 1 2 2 2 1 11 0 11 0 1 2 0 6 4 4 6 0 1 0 5 143 16 82 27 47 45 49 66 27 39 6 6 6 2 0.55 14 14 14 6 
122 15 8 3 3 3 1 14 1 11 1 5 6 14 184 178 49 184 26 35 6 117 4864 577 2240 484 1418 2065 1050 1641 455 1186 21 21 22 6 0.92 522 522 569 222 
419 4 5 1 1 2 1 5 0 4 0 2 2 9 38 38 21 40 2 0 0 38 624 54 236 76 127 334 132 181 74 107 4 4 6 1 1.42 57 57 63 40 
123 1 2 2 2 2 1 9 0 8 0 1 0 0 3 3 6 3 0 0 0 3 63 12 33 12 20 22 20 27 12 15 3 3 3 2 0.67 6 6 6 3 
124 1 5 1 1 1 1 1 0 1 0 1 0 0 5 5 1 5 5 0 0 0 44 9 14 11 1 21 10 12 11 1 1 1 1 0 1.5 5 5 5 5 
125 0 0 1 1 1 1 1 0 1 0 1 0 0 5 5 0 5 5 0 0 0 44 9 10 9 0 25 8 9 9 0 1 1 1 0 2.5 5 5 5 5 
126 1 1 1 1 1 1 1 0 1 0 1 0 0 4 4 0 4 4 0 0 0 27 3 8 7 0 16 6 7 7 0 1 1 1 0 2 4 4 4 4 
127 1 5 1 1 1 1 1 0 1 0 1 0 0 4 4 0 4 4 0 0 0 29 3 10 9 0 16 8 9 9 0 1 1 1 0 1.6 4 4 4 4 
128 0 0 1 1 1 1 1 0 1 0 1 0 0 2 2 0 2 2 0 0 0 23 2 5 4 0 16 3 4 4 0 1 1 1 0 3.2 2 2 2 2 
129 1 1 1 1 1 1 1 0 1 0 1 0 0 4 4 0 4 4 0 0 0 25 2 7 6 0 16 5 6 6 0 1 1 1 0 2.29 4 4 4 4 
130 0 0 2 2 2 1 6 0 4 1 1 0 0 2 2 0 2 0 0 0 2 50 6 13 6 4 31 7 11 7 4 2 2 2 1 2.38 3 3 3 2 
131 0 0 1 1 1 1 3 0 3 0 1 0 3 8 8 0 8 0 0 1 7 107 14 34 15 13 59 15 24 14 10 1 1 1 0 1.74 8 8 8 8 
132 0 0 1 1 1 1 4 0 3 0 1 0 1 4 4 0 4 0 0 1 3 64 10 20 9 7 34 9 14 8 6 1 1 1 0 1.7 4 4 4 4 
133 3 3 4 4 4 2 15 1 12 1 2 0 4 28 28 11 28 0 2 7 19 646 89 376 118 253 181 210 308 118 190 25 25 27 4 0.48 101 101 123 44 
134 1 1 7 7 8 6 38 3 30 7 1 0 0 2 2 6 2 0 0 0 2 110 11 69 19 49 40 44 59 20 39 9 9 10 4 0.58 14 14 15 11 
135 4 3 2 2 2 1 4 0 4 0 5 0 0 25 25 17 25 5 0 0 20 323 38 155 66 62 139 80 123 67 56 6 6 6 2 0.9 40 40 40 25 
136 0 0 1 1 1 1 1 0 1 0 1 0 0 2 2 0 2 0 0 0 2 38 5 8 7 0 25 4 5 5 0 1 1 1 0 3.13 2 2 2 2 
137 0 0 2 2 2 1 9 0 7 0 2 0 0 17 17 17 17 5 2 3 7 279 48 165 50 84 74 95 131 48 83 7 7 9 3 0.45 36 36 39 20 
138 0 0 3 3 3 1 11 1 8 1 1 0 0 6 6 3 6 2 0 4 0 151 23 60 19 30 68 39 55 23 32 4 4 5 2 1.13 17 17 19 6 
139 0 0 2 2 2 1 8 0 7 1 1 0 0 37 37 7 37 0 2 6 29 472 51 330 111 173 121 165 246 92 154 11 11 12 4 0.37 76 76 78 43 
140 0 0 2 2 2 1 5 0 4 0 3 0 0 22 22 8 22 7 1 0 14 220 39 127 44 60 54 63 99 46 53 5 5 6 2 0.43 33 33 35 22 
420 0 0 1 1 1 1 1 0 1 0 1 0 1 3 3 0 3 0 1 0 2 41 8 10 8 1 23 4 8 8 0 1 1 1 0 2.3 3 3 3 3 
421 0 0 1 1 1 1 2 0 2 0 1 0 2 8 8 1 8 0 1 0 7 79 14 31 26 8 34 12 21 15 6 1 1 1 0 1.1 8 8 8 8 
422 0 0 1 1 1 1 1 0 1 0 1 0 1 3 3 0 3 0 1 0 2 46 7 11 9 1 28 3 7 7 0 1 1 1 0 2.55 3 3 3 3 
141 3 6 4 4 4 1 24 5 16 2 1 0 0 5 5 2 5 2 0 0 3 173 38 101 41 65 34 69 90 41 49 17 17 18 6 0.34 21 21 22 5 
142 1 2 2 2 2 1 6 0 6 0 1 0 0 5 5 7 5 2 0 0 3 81 12 47 19 22 22 27 36 17 19 4 4 5 2 0.47 8 8 9 5 
143 1 1 1 1 1 1 2 0 2 0 1 0 0 6 6 2 6 5 0 0 1 45 7 22 14 4 16 7 14 10 4 1 1 1 0 0.73 6 6 6 6 
423 0 0 1 1 1 1 4 0 4 0 1 0 1 5 5 4 5 5 0 0 0 58 9 33 16 14 16 21 27 16 11 1 1 1 0 0.48 5 5 5 5 
145 0 0 2 2 2 1 7 0 6 0 4 0 0 62 62 13 62 1 0 6 55 684 104 474 166 254 114 202 345 141 204 11 11 12 4 0.24 130 130 133 74 
146 0 0 2 2 2 1 6 0 5 0 1 0 0 14 14 3 14 0 0 0 14 201 20 92 28 46 90 41 66 26 40 6 6 6 4 0.98 24 24 27 19 
424 0 0 1 1 1 1 1 0 1 0 3 0 0 4 4 0 4 0 0 0 4 89 13 13 10 0 63 7 10 10 0 1 1 1 0 4.85 4 4 4 4 
425 1 2 3 3 3 1 13 0 11 2 1 1 1 7 6 1 7 0 1 0 6 203 16 99 37 51 90 52 74 34 40 5 5 5 3 0.91 18 18 18 7 
147 0 0 2 2 2 1 5 0 5 0 2 0 0 11 11 7 11 1 0 0 10 170 24 80 30 29 66 37 56 28 28 4 4 4 2 0.82 18 18 18 11 
149 0 0 1 1 1 1 3 0 3 0 1 0 0 4 4 0 4 3 0 1 0 45 7 22 13 4 16 9 14 10 4 1 1 1 0 0.73 4 4 4 4 
150 0 0 1 1 1 1 3 0 3 0 1 1 0 3 2 0 3 1 0 1 1 36 5 14 7 3 17 4 8 5 3 1 1 2 0 1.21 3 3 4 3 
151 0 0 2 2 2 2 6 0 6 0 1 0 0 4 4 3 4 1 0 0 3 60 4 36 14 18 20 20 27 11 16 3 3 3 1 0.56 6 6 6 6 
450 1 1 4 4 4 1 18 2 14 1 1 0 0 10 10 16 10 10 0 0 0 257 43 168 38 97 47 82 120 38 82 11 11 11 3 0.28 36 36 37 10 
152 5 7 3 3 4 2 14 0 12 1 1 0 4 43 43 20 43 17 2 0 24 871 87 602 123 390 203 320 458 124 334 24 24 33 5 0.34 139 139 156 67 
153 4 7 3 3 3 1 12 0 10 1 3 16 16 61 45 12 61 10 2 2 47 1144 143 680 173 433 336 317 485 179 306 36 36 40 7 0.49 159 159 166 78 
154 0 0 2 2 2 1 9 0 9 0 1 0 0 5 5 9 5 5 0 0 0 88 10 60 21 29 21 34 47 21 26 5 5 5 4 0.35 12 12 12 5 
155 0 0 2 2 2 1 4 0 4 0 1 0 0 3 3 0 3 2 0 1 0 42 6 20 9 8 16 8 14 8 6 2 2 2 1 0.8 5 5 5 3 
156 7 6 4 4 4 2 23 1 19 2 3 1 1 24 23 21 24 6 12 0 6 695 80 493 154 328 129 287 394 158 236 12 12 13 7 0.26 99 99 105 40 
451 2 1 3 3 4 1 18 1 14 2 1 0 1 10 10 10 10 1 1 0 8 267 37 166 34 108 65 92 123 33 90 4 4 6 3 0.39 26 26 40 10 
157 6 6 2 2 3 1 10 0 8 0 2 7 0 66 59 19 66 21 4 9 32 926 126 654 199 374 153 308 460 159 301 15 15 30 4 0.23 144 144 177 80 
158 0 0 3 3 3 1 11 0 10 1 1 0 0 13 13 16 13 1 1 3 8 212 31 156 46 98 38 92 126 45 81 7 7 8 3 0.24 35 35 42 18 
159 0 0 2 2 2 1 10 1 9 1 1 0 0 13 13 15 13 8 0 1 4 216 32 142 42 85 50 78 106 35 71 7 7 7 3 0.35 27 27 28 13 
160 0 0 2 2 3 1 8 0 8 0 1 0 1 3 3 2 3 0 0 0 3 64 6 30 10 16 28 15 23 10 13 3 3 4 1 0.93 7 7 9 3 
161 0 0 2 2 2 1 8 0 7 1 1 0 0 15 15 7 15 2 4 2 7 203 29 126 36 67 53 66 95 30 65 4 4 4 2 0.42 28 28 31 15 
162 0 0 2 2 2 1 6 0 5 0 1 0 0 8 8 3 8 1 0 0 7 90 14 51 18 24 25 29 43 19 24 4 4 4 3 0.49 15 15 15 8 
163 1 4 1 1 1 1 10 0 10 0 1 0 0 1 1 11 1 0 0 0 1 75 10 27 18 9 38 22 24 17 7 1 1 1 0 1.41 1 1 1 1 
164 0 0 2 2 2 2 5 0 5 0 1 0 0 2 2 0 2 0 0 0 2 43 6 16 9 5 21 5 10 6 4 3 3 3 2 1.31 4 4 4 4 
165 0 0 2 2 2 1 6 0 5 0 3 0 0 26 26 8 26 0 0 5 21 367 41 189 71 79 137 74 131 64 67 9 9 9 3 0.72 46 46 46 26 
166 0 0 3 3 4 1 12 0 11 0 1 0 1 5 5 4 5 0 0 0 5 131 14 68 20 35 49 30 43 18 25 10 10 18 3 0.72 14 14 22 5 
167 0 0 1 1 1 1 3 0 3 0 1 0 0 1 1 0 1 0 0 0 1 36 3 7 4 1 26 3 5 4 1 1 1 1 0 3.71 1 1 1 1 
168 1 6 2 2 2 1 7 0 6 0 2 0 0 13 13 10 13 7 1 0 5 155 24 107 34 54 24 57 80 31 49 4 4 4 2 0.22 21 21 21 13 
169 1 4 2 2 2 1 8 0 7 1 1 0 0 5 5 4 5 0 0 0 5 79 11 47 14 23 21 26 36 14 22 2 2 2 1 0.45 8 8 8 5 
170 0 0 2 2 2 2 5 0 5 0 1 0 0 12 12 2 12 2 1 0 9 135 18 70 24 40 50 33 56 20 36 10 10 10 2 0.71 25 25 25 21 
171 0 0 2 2 2 1 10 0 9 0 1 1 0 9 8 6 9 1 1 1 6 140 18 101 32 65 27 62 81 30 51 4 4 4 2 0.27 19 19 19 11 
172 0 0 1 1 1 1 1 0 1 0 1 0 0 8 8 0 8 8 0 0 0 83 14 13 12 0 56 11 12 12 0 1 1 1 0 4.31 8 8 8 8 
173 0 0 1 1 1 1 1 0 1 0 1 0 0 4 4 0 4 0 0 0 4 40 8 9 8 0 23 7 8 8 0 1 1 1 0 2.56 4 4 4 4 
174 0 0 1 1 1 1 1 0 1 0 1 0 0 6 6 0 6 0 0 0 6 71 11 9 8 0 51 7 8 8 0 1 1 1 0 5.67 6 6 6 6 
175 0 0 1 1 1 1 5 0 5 0 1 0 0 5 5 4 5 5 0 0 0 59 9 32 12 18 18 20 26 11 15 1 1 1 0 0.56 5 5 5 5 
176 0 0 2 2 3 2 12 1 10 1 4 0 1 20 20 14 20 5 6 0 9 341 57 236 69 142 52 119 174 66 108 11 11 18 6 0.22 49 49 59 37 
177 0 0 3 3 3 2 14 1 11 2 1 0 3 9 9 16 9 4 5 0 0 228 40 134 48 87 69 87 109 43 66 6 6 8 2 0.51 23 23 28 15 
178 0 0 1 1 1 1 1 0 1 0 1 0 0 2 2 0 2 0 0 0 2 42 4 4 4 0 34 3 4 4 0 1 1 1 0 8.5 2 2 2 2 
179 0 0 1 1 1 1 1 0 1 0 1 0 0 4 4 0 4 3 0 0 1 79 8 10 8 0 61 6 7 7 0 1 1 1 0 6.1 4 4 4 4 
180 0 0 1 1 1 1 4 0 3 0 1 0 0 13 13 5 13 3 0 0 10 101 21 61 24 24 19 26 43 21 22 5 5 6 1 0.31 18 18 19 16 
181 0 0 3 3 3 1 13 0 13 0 1 0 0 1 1 0 1 0 0 0 1 40 3 17 5 7 20 7 11 5 6 3 3 3 2 1.18 3 3 3 1 
182 0 0 1 1 1 1 2 0 2 0 1 0 0 7 7 2 7 0 0 2 5 101 11 23 11 4 67 9 15 11 4 1 1 1 0 2.91 7 7 7 7 
183 0 0 2 2 2 2 4 0 4 0 1 0 1 8 8 2 8 0 0 0 8 93 14 41 18 16 38 21 34 16 18 5 5 5 1 0.93 12 12 12 12 
184 0 0 3 3 4 1 18 1 14 2 2 0 7 24 24 16 24 11 7 1 5 593 84 394 119 258 116 244 328 121 207 16 16 16 4 0.29 81 81 86 24 
185 4 5 2 2 2 1 11 0 10 0 2 0 0 14 14 14 14 9 0 0 5 243 38 178 51 104 27 103 139 49 90 5 5 5 2 0.15 32 32 32 14 
186 1 5 2 2 3 1 15 2 11 1 2 0 0 15 15 14 15 12 0 0 3 309 65 205 76 127 42 130 167 67 100 11 11 13 4 0.2 35 35 38 20 
187 1 1 1 1 1 1 6 0 6 0 1 0 0 7 7 7 7 2 0 0 5 91 14 58 22 27 19 25 38 17 21 2 2 2 2 0.33 10 10 10 7 
188 2 2 7 7 8 1 42 6 34 2 1 0 0 4 4 5 4 2 0 0 2 218 33 148 47 111 40 105 132 48 84 15 15 17 5 0.27 28 28 30 4 
189 2 6 2 2 2 1 9 1 7 0 1 0 0 7 7 4 7 4 0 0 3 119 22 73 32 37 24 40 57 28 29 8 8 8 3 0.33 15 15 15 7 
190 1 5 1 1 1 1 1 0 1 0 1 0 0 4 4 1 4 4 0 0 0 34 5 13 10 1 16 9 11 10 1 1 1 1 0 1.23 4 4 4 4 
191 0 0 1 1 1 1 1 0 1 0 1 0 0 8 8 0 8 8 0 0 0 39 6 13 12 0 20 11 12 12 0 1 1 1 0 1.54 8 8 8 8 
192 1 1 1 1 1 1 1 0 1 0 1 0 0 4 4 0 4 2 0 0 2 27 3 8 7 0 16 6 7 7 0 1 1 1 0 2 4 4 4 4 
193 1 5 3 3 4 2 21 2 17 1 2 0 0 25 25 26 25 8 6 4 7 577 97 418 118 307 62 268 348 124 224 18 18 24 4 0.15 83 83 94 38 
194 1 5 2 2 2 1 9 1 8 0 1 0 0 6 6 8 6 2 0 0 4 103 17 68 23 37 18 37 51 19 32 3 3 3 1 0.26 13 13 13 6 
452 3 2 3 3 4 2 15 1 12 1 4 0 0 33 33 9 33 2 5 1 25 667 91 434 127 289 142 228 332 130 202 26 26 31 4 0.33 100 100 118 55 
453 3 2 2 2 2 1 7 0 6 0 1 0 0 11 11 1 11 0 2 1 8 157 23 83 31 36 51 32 59 27 32 12 12 13 3 0.61 23 23 25 11 
195 0 0 1 1 1 1 1 0 1 0 1 0 0 4 4 0 4 0 0 0 4 37 8 9 8 0 20 7 8 8 0 1 1 1 0 2.22 4 4 4 4 
196 0 0 1 1 1 1 4 0 4 0 1 0 1 7 7 2 7 0 0 0 7 72 15 37 16 15 20 18 28 16 12 4 4 4 2 0.54 10 10 10 7 
197 0 0 3 3 3 1 10 0 8 1 2 10 1 12 2 0 12 0 5 2 5 206 21 117 43 66 68 52 80 41 39 5 5 5 4 0.58 30 30 30 16 
198 0 0 1 1 1 1 1 0 1 0 1 0 0 1 1 0 1 0 0 0 1 34 2 4 3 0 28 2 3 3 0 1 1 1 0 7 1 1 1 1 
199 0 0 1 1 1 1 1 0 1 0 1 0 0 12 12 0 12 12 0 0 0 112 15 15 14 0 82 13 14 14 0 1 1 1 0 5.47 12 12 12 12 
200 0 0 1 1 1 1 5 0 5 0 1 0 0 14 14 6 14 0 1 0 13 124 18 82 28 45 35 39 60 27 33 5 5 5 2 0.43 20 20 20 14 
201 0 0 4 4 4 1 13 0 13 0 1 3 0 12 9 2 12 0 1 6 5 350 20 178 56 98 157 91 135 56 79 7 7 7 5 0.88 43 43 50 16 
202 0 0 5 3 5 2 21 0 21 0 1 0 0 5 5 5 5 0 0 1 4 198 13 113 22 79 72 70 88 23 65 12 10 13 3 0.64 25 17 26 8 
203 0 0 4 4 5 1 15 0 13 0 4 5 12 80 77 40 82 0 14 22 46 1864 142 1244 270 865 480 692 944 279 665 63 48 64 6 0.39 338 295 380 114 
204 0 0 0 0 0 0 0 0 0 0 1 0 0 0 0 38 0 0 0 0 0 125 6 76 75 71 43 39 40 40 0 0 0 0 0 0.57 0 0 0 0 
205 0 0 10 8 11 5 31 0 31 0 1 3 10 36 33 11 36 0 28 1 7 1260 19 1228 172 892 13 582 830 146 684 171 113 179 6 0.01 366 275 378 194 
206 0 0 1 1 1 1 4 0 4 0 1 2 0 7 5 8 7 0 0 0 7 124 15 39 17 8 70 16 25 17 8 1 2 1 1 1.79 7 8 7 7 
207 0 0 3 2 3 1 10 0 10 0 1 2 4 6 4 1 6 0 0 2 4 141 14 73 17 50 54 37 47 17 30 12 4 13 3 0.74 18 10 19 6 
208 0 0 1 1 1 1 2 0 2 0 5 0 0 13 15 5 15 0 0 0 15 107 25 48 22 18 34 20 35 19 16 3 3 4 1 0.71 18 18 20 15 
209 1 5 3 3 3 2 10 0 9 0 3 2 1 28 26 7 28 0 0 0 28 475 59 310 102 197 124 156 239 91 148 13 13 13 4 0.4 80 80 89 45 
210 0 0 2 2 2 1 9 0 7 1 6 0 2 24 24 26 24 1 0 2 21 377 58 241 96 129 99 132 188 82 106 9 9 11 4 0.41 51 51 56 32 
211 0 0 2 2 2 1 9 0 8 1 5 0 0 24 24 17 24 2 7 2 13 337 36 224 73 121 90 93 140 63 77 5 5 5 2 0.4 50 50 50 26 
454 6 2 2 2 2 1 8 0 7 0 6 2 3 29 27 18 29 3 2 0 24 428 67 263 83 153 98 141 199 73 126 6 6 6 3 0.37 53 53 54 37 
212 0 0 2 2 2 1 5 0 5 0 2 0 0 9 9 4 9 0 1 1 7 109 19 58 24 26 32 27 40 20 20 3 3 3 1 0.55 14 14 14 9 
213 0 0 2 2 2 1 7 0 6 0 5 0 0 13 15 9 15 0 0 3 12 227 32 108 35 55 87 50 76 33 43 6 6 7 3 0.81 29 29 30 17 
214 0 0 1 1 1 1 1 0 1 0 1 0 0 4 4 0 4 0 0 0 4 176 9 9 8 0 158 7 8 8 0 1 1 1 0 17.56 4 4 4 4 
215 0 0 2 2 2 1 3 0 3 0 1 0 0 6 6 1 6 0 0 1 5 71 8 26 12 12 37 11 19 10 9 3 3 3 1 1.42 9 9 9 6 
216 0 0 2 2 2 2 12 0 8 3 2 0 0 8 8 3 8 0 1 0 7 139 16 82 28 45 42 47 66 28 38 5 5 5 1 0.51 19 19 19 13 
427 0 0 2 2 2 1 8 0 6 0 2 0 2 11 11 8 11 1 0 2 8 164 26 98 39 53 41 50 73 35 38 6 6 6 3 0.42 20 20 21 16 
217 0 0 2 2 2 1 6 0 6 0 4 0 0 30 30 8 30 0 1 1 28 292 37 207 69 104 48 84 133 54 79 6 6 7 2 0.23 52 52 55 38 
218 0 0 1 1 1 1 3 0 3 0 1 0 0 8 8 1 8 0 0 0 8 93 12 40 19 13 41 14 24 13 11 2 2 2 1 1.02 9 9 9 8 
219 0 0 2 2 2 1 7 0 7 0 2 0 0 19 19 4 19 0 0 0 19 286 30 173 68 96 88 89 139 62 77 8 8 8 3 0.51 43 43 46 21 
220 0 0 3 3 3 2 12 0 11 0 1 0 0 9 9 6 9 0 4 0 5 189 17 119 34 74 53 64 90 30 60 6 6 6 3 0.45 25 25 26 20 
221 0 0 3 3 3 2 9 0 8 0 1 0 0 11 11 7 11 0 1 2 8 237 26 113 29 61 102 48 79 24 55 8 8 8 4 0.9 33 33 34 26 
222 0 0 1 1 1 1 1 0 1 0 3 0 1 7 7 1 7 0 0 0 7 67 9 26 7 16 32 11 18 12 6 1 1 1 0 1.23 7 7 7 7 
223 1 2 1 1 1 1 1 0 1 0 1 0 1 3 3 0 3 0 0 0 3 98 8 8 7 1 82 6 7 7 0 1 1 1 0 10.25 3 3 3 3 
224 0 0 6 6 6 5 31 3 24 3 2 0 2 9 9 18 9 1 1 0 7 354 55 257 63 162 44 138 192 60 132 18 18 22 6 0.17 53 53 58 43 
225 0 0 1 1 1 1 4 0 4 0 2 0 0 15 15 3 15 0 0 2 13 150 23 74 28 37 56 44 66 30 36 4 4 4 2 0.76 22 22 22 15 
226 0 0 1 1 1 1 2 0 2 0 21 0 12 67 67 4 67 0 0 11 56 599 61 263 110 127 280 119 176 115 61 5 5 5 2 1.06 76 76 80 71 
227 0 0 2 2 3 2 9 0 9 0 14 0 1 53 53 11 53 13 2 9 29 699 70 559 209 326 81 268 406 178 228 9 9 10 4 0.14 124 124 134 97 
228 0 0 3 3 3 2 15 0 13 0 18 13 0 48 35 10 48 9 1 0 38 602 59 402 86 288 143 183 283 102 181 10 10 13 2 0.36 126 126 162 89 
229 1 4 2 2 2 1 5 0 5 0 3 0 0 9 9 5 9 0 0 0 9 173 17 70 29 26 87 29 47 24 23 3 3 3 2 1.24 15 15 15 9 
230 0 0 2 2 2 1 5 0 5 0 12 2 0 90 88 56 90 10 0 2 78 927 116 616 269 255 196 269 410 202 208 6 6 6 3 0.32 139 139 139 130 
231 0 0 1 1 1 1 1 0 1 0 1 0 0 1 1 0 1 0 0 0 1 42 4 7 6 0 31 4 5 5 0 1 1 1 0 4.43 1 1 1 1 
232 0 0 1 1 1 1 6 0 5 1 1 0 0 3 3 1 3 0 0 0 3 75 6 22 8 10 48 13 18 8 10 2 2 2 1 2.18 4 4 4 3 
233 0 0 3 3 4 1 11 0 10 1 1 0 0 5 5 2 5 3 1 1 0 134 18 60 20 37 56 33 50 21 29 10 10 11 3 0.93 17 17 18 5 
234 0 0 2 2 2 1 7 1 6 0 4 1 0 13 12 6 13 5 1 3 4 215 39 100 41 49 76 57 80 38 42 3 3 3 2 0.76 22 22 22 15 
235 0 0 1 1 1 1 1 0 1 0 1 0 0 1 1 0 1 0 0 0 1 53 5 7 6 0 41 5 6 6 0 1 1 1 0 5.86 1 1 1 1 
236 0 0 2 2 2 1 11 0 9 1 4 1 3 9 8 8 9 0 0 1 8 207 22 101 39 51 86 54 76 39 37 5 5 6 3 0.85 17 17 18 11 
237 0 0 1 1 1 1 3 0 3 0 2 0 0 5 5 1 5 0 0 2 3 79 8 22 10 7 49 8 13 9 4 1 1 1 0 2.23 5 5 5 5 
238 0 0 2 2 2 2 7 0 7 0 1 0 0 5 5 2 5 0 0 1 4 85 9 44 13 19 32 16 28 10 18 5 5 5 4 0.73 12 12 12 11 
239 0 0 2 2 2 1 12 1 11 0 3 0 0 20 20 4 20 0 1 0 19 224 28 150 43 96 46 68 99 48 51 5 5 5 2 0.31 33 33 39 23 
240 0 0 2 2 2 2 4 0 4 0 1 0 0 9 9 2 9 0 0 3 6 104 14 53 22 26 38 29 44 18 26 6 6 6 3 0.72 17 17 18 14 
241 0 0 2 2 2 2 7 0 7 0 1 0 3 11 11 4 11 0 0 1 10 192 24 100 33 60 69 52 79 28 51 9 9 9 2 0.69 27 27 27 19 
242 0 0 3 3 3 2 14 1 9 3 1 0 0 9 9 10 9 0 2 1 6 284 35 106 37 61 148 66 88 36 52 11 11 12 3 1.4 24 24 26 14 
243 1 2 2 2 2 1 5 0 4 1 1 0 0 3 3 1 3 1 0 2 0 86 7 20 9 7 59 8 13 7 6 2 2 2 1 2.95 5 5 5 3 
244 2 4 2 2 2 1 8 0 7 0 6 0 0 51 51 29 51 1 2 3 45 857 91 484 184 244 291 254 360 162 198 8 8 9 3 0.6 95 95 96 61 
245 0 0 1 1 1 1 4 0 3 0 3 0 0 20 20 8 20 1 0 0 19 167 28 115 59 37 24 47 72 41 31 2 2 2 1 0.21 26 26 26 20 
428 0 0 3 3 3 2 10 0 9 0 1 1 0 6 5 1 6 0 1 0 5 124 13 69 20 33 42 24 52 23 29 10 10 10 3 0.61 20 20 20 13 
246 2 4 3 3 3 2 12 1 10 0 2 0 0 22 22 10 22 0 2 0 20 407 64 276 92 178 73 152 216 87 129 9 9 9 4 0.26 60 60 64 33 
247 0 0 2 2 2 1 8 0 7 0 5 0 0 37 37 22 37 1 0 2 34 467 62 321 139 160 105 190 256 130 126 6 6 6 3 0.33 59 59 59 43 
248 0 0 1 1 1 1 3 0 3 0 7 0 4 24 24 2 24 0 0 10 14 336 35 126 54 57 176 52 84 47 37 6 6 6 1 1.4 29 29 29 29 
249 0 0 2 2 2 2 9 0 8 0 1 0 0 7 7 1 7 0 0 1 6 144 15 74 28 40 55 38 56 25 31 7 7 7 6 0.74 16 16 16 15 
250 0 0 1 1 1 1 4 0 4 0 1 8 0 15 7 0 15 0 1 0 14 188 19 71 36 31 101 19 35 20 15 1 1 1 0 1.42 15 15 15 15 
251 0 0 2 2 3 2 9 0 8 0 4 8 0 29 21 11 29 1 2 4 22 557 48 268 84 158 243 117 180 58 122 19 18 23 3 0.91 71 69 85 47 
252 0 0 2 2 2 1 8 0 7 0 5 0 0 21 21 7 21 2 0 0 19 294 36 188 76 98 74 109 154 85 69 5 5 5 2 0.39 38 38 38 21 
253 1 2 2 2 2 1 7 0 7 1 1 0 0 5 5 8 5 5 0 0 0 83 9 49 17 24 40 31 40 17 23 2 2 2 1 0.82 8 8 8 5 
254 2 5 3 3 3 2 11 1 9 0 3 0 0 25 25 15 25 0 0 0 25 413 62 290 107 186 68 170 234 92 142 9 9 9 2 0.23 63 63 67 40 
255 1 2 3 3 3 3 10 0 9 1 1 0 0 2 2 0 2 1 0 1 0 45 4 23 6 11 18 7 13 5 8 4 4 4 3 0.78 5 5 5 5 
256 1 4 2 2 3 1 8 0 7 1 1 0 0 13 13 8 13 1 3 3 6 184 22 118 33 67 61 63 93 30 63 5 5 6 3 0.52 31 31 34 16 
257 0 0 1 1 1 1 4 0 3 0 1 0 0 5 5 2 5 0 0 0 5 63 11 29 15 7 23 11 18 11 7 2 2 2 1 0.79 6 6 6 5 
258 0 0 1 1 1 1 3 0 3 0 1 0 0 3 3 0 3 0 0 0 3 47 10 16 8 7 21 9 13 7 6 1 1 1 0 1.31 3 3 3 3 
259 0 0 2 2 2 2 6 0 6 0 1 0 0 6 6 1 6 0 0 1 5 87 11 51 21 28 25 27 41 17 24 7 7 7 2 0.49 14 14 14 12 
260 0 0 1 1 1 1 4 0 4 0 1 0 0 5 5 2 5 0 0 3 2 66 11 31 15 10 24 14 21 12 9 2 2 3 1 0.77 6 6 7 5 
261 0 0 2 2 2 1 7 0 7 0 1 1 0 14 13 1 14 0 0 0 14 243 27 112 44 65 105 60 94 45 49 8 8 9 3 0.94 31 31 33 18 
262 1 2 2 2 2 1 9 0 8 0 1 0 0 10 10 2 10 0 1 0 9 154 21 107 42 58 26 64 88 45 43 6 6 6 4 0.24 23 23 23 10 
263 0 0 1 1 1 1 4 0 4 0 2 0 0 7 7 1 7 0 0 0 7 74 10 35 15 14 29 13 22 13 9 2 2 2 1 0.83 8 8 8 7 
264 0 0 3 3 3 3 9 0 9 1 1 0 0 6 6 3 6 0 1 0 5 120 10 69 18 38 48 31 48 14 34 6 6 6 3 0.7 17 17 17 17 
265 0 0 2 2 2 1 6 0 6 0 1 0 0 5 5 2 5 0 0 0 5 84 11 40 19 15 33 17 25 13 12 4 4 5 1 0.82 8 8 9 7 
266 0 0 1 1 1 1 3 0 3 0 1 0 0 8 8 3 8 0 0 1 7 86 14 44 22 14 28 17 27 15 12 2 2 2 1 0.64 9 9 9 8 
267 0 0 1 1 1 1 3 0 3 0 1 0 0 2 2 2 2 0 0 0 2 43 6 13 7 3 24 6 9 6 3 1 1 1 0 1.85 2 2 2 2 
268 0 0 1 1 1 1 4 0 4 0 2 0 0 13 13 2 13 0 0 5 8 219 18 68 27 29 134 29 47 23 24 5 3 5 1 1.97 19 17 19 13 
429 0 0 1 1 1 1 6 0 5 0 4 0 2 7 7 0 7 0 0 4 3 103 9 50 17 32 45 26 35 20 15 2 2 2 1 0.9 8 8 8 7 
269 0 0 1 1 1 1 1 0 1 0 1 0 0 11 11 0 11 11 0 0 0 169 16 22 21 0 131 18 19 19 0 1 1 1 0 5.95 11 11 11 11 
270 0 0 1 1 1 1 2 0 2 0 1 0 0 21 21 1 21 0 0 1 20 187 16 63 37 15 108 32 45 31 14 2 2 2 1 1.71 22 22 22 21 
271 0 0 1 1 1 1 4 0 4 0 3 5 5 23 18 1 23 0 0 0 23 921 34 111 51 53 779 55 77 49 28 2 2 2 0 7.02 25 25 25 23 
272 0 0 1 1 1 1 3 0 3 0 1 0 0 8 8 1 8 0 0 0 8 74 12 37 20 8 25 11 20 12 8 1 1 1 0 0.68 8 8 8 8 
273 0 0 1 1 1 1 4 0 4 0 1 0 0 4 4 2 4 0 0 2 2 67 8 30 14 11 29 14 20 11 9 2 2 2 1 0.97 5 5 5 4 
274 1 4 7 7 8 4 29 2 24 5 1 0 0 5 5 4 5 1 3 1 0 229 19 133 35 88 90 84 121 41 80 19 19 20 5 0.68 37 37 42 21 
275 0 0 1 1 1 1 4 0 4 0 1 0 2 9 9 1 9 0 0 0 9 181 18 48 22 19 115 23 37 19 18 3 3 3 2 2.4 13 13 13 11 
276 0 0 3 2 4 2 10 1 8 0 1 0 13 20 20 6 20 0 2 0 18 425 68 200 52 140 161 111 153 48 105 15 7 15 2 0.81 64 44 70 34 
277 0 0 1 1 1 1 1 0 1 0 1 0 0 1 1 0 1 0 0 0 1 38 4 6 5 0 28 4 5 5 0 1 1 1 0 4.67 1 1 1 1 
278 0 0 1 1 1 1 3 0 3 0 3 0 0 10 10 6 10 0 0 0 10 116 22 50 22 13 45 22 35 22 13 1 1 1 0 0.9 10 10 10 10 
279 0 0 1 1 1 1 5 0 5 0 1 0 0 8 8 1 8 0 0 1 7 102 15 58 30 21 29 28 39 25 14 3 3 3 2 0.5 10 10 11 8 
430 0 0 2 2 2 2 3 0 3 0 2 0 0 4 4 0 4 1 0 3 0 50 8 23 12 9 19 12 17 12 5 3 3 4 3 0.83 6 6 7 6 
280 0 0 2 2 2 1 10 1 8 0 3 0 0 16 16 8 16 0 0 1 15 235 41 167 69 100 31 95 124 55 69 6 6 7 3 0.19 27 27 30 18 
281 0 0 1 1 1 1 2 0 2 0 1 2 0 10 8 0 10 0 0 0 10 108 13 25 16 10 70 12 23 13 10 1 1 1 0 2.8 10 10 10 10 
282 0 0 3 3 3 2 6 0 6 0 1 0 0 12 12 6 12 0 0 1 11 205 19 98 33 67 88 59 90 28 62 18 18 18 2 0.9 40 40 40 29 
283 0 0 4 4 7 3 19 0 16 2 1 0 0 4 4 7 4 0 0 2 2 154 12 83 25 49 62 40 55 21 34 11 11 20 5 0.75 17 17 26 11 
284 0 0 2 2 2 2 9 0 8 1 1 0 1 9 9 10 9 1 0 1 7 172 21 100 35 58 65 57 76 27 49 4 4 4 3 0.65 20 20 20 16 
285 0 0 1 1 1 1 4 0 4 0 3 2 3 16 14 10 16 0 2 0 14 231 28 100 43 40 104 46 69 37 32 3 3 3 2 1.04 20 20 20 16 
286 0 0 1 1 1 1 3 0 3 0 1 0 0 4 4 3 4 1 0 0 3 55 6 20 9 6 29 10 15 9 6 1 1 1 0 1.45 4 4 4 4 
287 0 0 2 2 2 1 7 0 4 2 1 0 1 7 7 2 7 0 0 3 4 151 21 38 15 16 92 22 33 17 16 4 4 6 1 2.42 14 14 16 7 
288 0 0 3 3 3 2 13 0 11 1 13 1 1 51 50 14 51 7 1 2 41 1000 123 647 176 358 230 320 488 154 334 14 14 14 4 0.36 155 155 161 107 
289 0 0 1 1 1 1 4 0 4 0 1 0 0 1 1 1 1 0 0 0 1 39 5 8 5 2 26 4 6 4 2 1 1 1 0 3.25 1 1 1 1 
290 0 0 2 2 2 1 8 0 6 1 3 1 0 11 10 3 11 0 3 1 7 166 25 88 30 42 53 41 62 24 38 4 4 4 2 0.6 18 18 20 11 
431 1 3 2 2 2 2 8 0 6 1 3 0 0 8 8 4 8 0 0 1 7 112 17 61 24 31 35 34 51 24 27 5 5 5 1 0.57 16 16 17 12 
432 0 0 1 1 1 1 2 0 2 0 1 0 0 5 5 1 5 0 0 0 5 51 9 22 13 3 20 6 12 9 3 1 1 1 0 0.91 5 5 5 5 
291 0 0 1 1 1 1 1 0 1 0 1 0 0 7 7 0 7 0 0 0 7 118 12 14 13 1 92 11 13 12 1 1 1 1 0 6.57 7 7 7 7 
292 0 0 2 2 3 2 8 0 8 0 1 0 0 7 7 3 7 0 0 1 6 119 12 75 28 44 32 37 54 22 32 7 7 7 2 0.43 17 17 20 13 
293 0 0 5 5 5 4 25 2 19 4 1 1 2 5 4 6 5 0 0 1 4 191 22 112 33 57 57 52 75 31 44 14 14 18 5 0.51 23 23 27 19 
294 0 0 1 1 1 1 6 0 5 0 2 0 0 10 10 1 10 1 0 0 9 115 11 56 19 27 48 20 32 19 13 3 3 3 1 0.86 13 13 13 10 
295 0 0 3 3 3 2 9 0 9 0 1 0 0 5 5 1 5 0 0 0 5 162 11 55 17 29 97 33 47 20 27 5 5 5 1 1.76 13 13 13 9 
296 0 0 2 2 2 1 7 0 7 0 3 0 0 28 28 12 28 0 2 1 25 386 43 249 94 121 103 137 194 86 108 6 6 8 3 0.41 60 60 63 32 
297 0 0 2 2 2 1 4 0 4 0 1 0 0 12 12 4 12 1 1 0 10 187 17 61 22 31 109 32 46 22 24 7 7 7 2 1.79 18 18 18 15 
298 0 0 1 1 1 1 3 0 3 0 1 0 0 8 8 1 8 0 0 0 8 108 12 37 19 12 59 15 22 15 7 2 2 3 1 1.59 9 9 10 8 
299 0 0 2 2 2 2 6 0 6 0 2 1 4 4 3 1 4 0 2 0 2 125 11 35 13 16 79 14 24 12 12 5 5 5 1 2.26 8 8 8 8 
300 0 0 1 1 1 1 5 0 5 0 2 0 0 9 9 1 9 1 0 0 8 108 10 51 19 24 47 19 30 18 12 3 3 3 1 0.92 12 12 12 9 
301 0 0 1 1 1 1 6 0 5 0 2 0 0 10 10 1 10 1 0 0 9 115 11 56 19 27 48 20 32 19 13 3 3 3 1 0.86 13 13 13 10 
302 0 0 1 1 1 1 6 0 5 0 2 0 1 9 9 1 9 1 0 0 8 115 11 49 18 24 55 20 33 18 15 4 4 4 1 1.12 12 12 12 12 
303 0 0 1 1 1 1 6 0 5 0 2 0 1 10 10 1 10 1 0 0 9 125 13 55 20 29 57 23 37 21 16 4 4 4 1 1.04 13 13 13 13 
304 0 0 1 1 1 1 6 0 5 0 2 0 0 10 10 1 10 1 0 0 9 115 11 56 19 27 48 20 32 19 13 3 3 3 1 0.86 13 13 13 10 
305 0 0 1 1 1 1 1 0 1 0 1 0 0 5 5 0 5 0 0 0 5 73 10 17 14 1 46 10 12 11 1 1 1 1 0 2.71 5 5 5 5 
306 0 0 1 1 1 1 4 0 4 0 3 0 0 19 19 8 19 0 1 0 18 195 28 115 59 39 52 49 74 42 32 4 4 5 1 0.45 24 24 25 22 
307 0 0 2 2 2 2 5 0 5 0 1 0 0 5 5 0 5 0 0 0 5 66 7 37 17 18 22 17 26 12 14 4 4 4 1 0.59 10 10 10 8 
308 0 0 2 2 2 2 6 0 6 0 1 0 0 5 5 0 5 0 0 0 5 69 6 41 17 21 22 18 28 12 16 4 4 4 1 0.54 11 11 11 8 
309 0 0 2 2 2 2 6 0 6 0 1 0 0 5 5 0 5 0 0 0 5 68 7 41 17 21 20 18 28 12 16 4 4 4 1 0.49 11 11 11 8 
310 0 0 1 1 1 1 1 0 1 0 1 0 0 5 5 0 5 0 0 0 5 72 8 17 13 4 47 12 13 10 3 1 1 1 0 2.76 5 5 5 5 
311 0 0 2 2 3 2 9 0 9 0 3 0 0 15 15 6 15 0 0 4 11 246 23 179 70 98 45 98 136 59 77 10 10 10 3 0.25 37 37 38 24 
312 0 0 7 7 7 1 29 3 25 0 1 0 0 4 4 1 4 0 2 0 2 184 23 126 55 75 35 81 110 60 50 21 21 21 4 0.28 27 27 27 4 
313 0 0 2 2 2 2 8 0 7 0 3 0 0 14 14 6 14 0 0 5 9 220 27 137 58 69 58 72 99 47 52 8 8 8 2 0.42 28 28 30 21 
314 0 0 1 1 1 1 5 0 5 0 1 0 0 11 11 2 11 0 0 0 11 160 19 81 37 34 60 38 53 28 25 3 3 4 1 0.74 14 14 16 11 
315 1 2 3 3 4 2 11 0 10 0 2 2 0 18 16 13 18 1 5 0 12 343 37 232 70 145 86 131 183 67 116 12 12 17 5 0.37 55 55 65 39 
316 0 0 2 2 2 1 7 0 6 0 3 0 0 29 29 15 29 0 8 1 20 318 49 235 81 122 64 115 177 67 110 11 11 12 3 0.27 61 61 71 34 
317 0 0 2 2 2 2 7 0 6 0 1 0 0 6 6 0 6 0 0 1 5 90 14 51 19 29 26 27 38 14 24 3 3 5 1 0.51 10 10 12 10 
433 0 0 2 2 2 1 6 0 5 0 6 0 1 22 22 5 22 0 0 6 16 265 30 156 52 85 80 68 106 49 57 5 5 5 3 0.51 36 36 36 30 
434 0 0 3 3 3 2 11 0 10 1 1 0 0 6 6 1 6 0 0 1 5 116 11 74 25 43 32 38 57 23 34 7 7 7 5 0.43 15 15 17 14 
318 0 0 3 3 3 2 8 0 7 0 1 0 0 13 13 5 13 0 0 0 13 191 29 127 49 72 42 78 111 45 66 6 6 6 3 0.33 33 33 33 20 
319 0 0 2 2 3 1 11 1 9 1 2 0 0 19 19 6 19 0 0 0 19 212 38 150 39 103 42 73 111 43 68 6 6 11 2 0.28 37 37 49 25 
320 0 0 2 2 3 1 11 1 10 0 3 0 0 23 23 3 23 0 2 1 20 261 40 200 55 122 28 96 150 61 89 5 5 7 3 0.14 53 53 61 34 
435 0 0 2 2 3 2 10 0 9 1 1 0 0 6 6 1 6 0 0 1 5 118 11 71 26 40 37 38 55 23 32 5 5 5 4 0.52 14 14 16 12 
436 0 0 2 2 2 1 3 0 3 0 3 0 0 17 19 5 19 0 0 2 17 174 35 95 45 41 47 43 68 33 35 7 5 7 3 0.49 30 28 30 25 
437 0 0 2 2 2 2 6 0 6 0 1 0 0 8 8 2 8 0 0 1 7 104 17 60 23 34 28 33 46 18 28 3 3 6 1 0.47 12 12 16 12 
321 0 0 1 1 1 1 1 0 1 0 1 0 0 3 3 0 3 0 0 0 3 41 7 14 11 1 20 9 11 10 1 1 1 1 0 1.43 3 3 3 3 
322 0 0 2 2 2 1 7 0 7 0 1 0 0 8 8 6 8 0 0 3 5 118 18 79 32 40 24 43 58 26 32 4 4 4 1 0.3 17 17 18 8 
323 0 0 2 2 2 2 4 0 4 0 1 0 0 8 8 1 8 0 0 0 8 86 13 54 26 29 19 28 44 20 24 7 7 7 2 0.35 16 16 16 14 
324 0 0 1 1 1 1 12 2 9 1 1 0 0 7 7 8 7 0 0 0 7 142 29 91 45 53 26 61 71 35 36 4 4 4 1 0.29 10 10 10 7 
325 0 0 1 1 1 1 1 0 1 0 1 0 0 7 7 0 7 0 0 0 7 87 10 12 11 0 65 10 11 11 0 1 1 1 0 5.42 7 7 7 7 
326 0 0 2 2 2 1 5 0 5 0 1 0 0 10 10 6 10 0 0 0 10 118 20 77 32 32 21 40 54 24 30 3 3 3 2 0.27 15 15 15 12 
327 0 0 1 1 1 1 3 0 3 0 1 0 0 1 1 0 1 0 0 0 1 28 2 6 3 1 20 2 4 3 1 1 1 1 0 3.33 1 1 1 1 
328 0 0 2 2 2 1 9 0 8 1 1 0 1 21 21 5 21 0 2 4 15 294 34 202 60 129 67 102 147 48 99 7 7 8 3 0.33 47 47 50 21 
329 0 0 2 2 2 1 7 0 6 1 1 0 1 9 9 3 9 0 1 1 7 139 15 70 26 38 57 34 49 19 30 8 8 8 4 0.81 17 17 17 9 
330 0 0 1 1 1 1 3 0 3 0 1 0 0 8 8 2 8 0 0 0 8 76 12 43 23 12 21 18 27 16 11 1 1 1 0 0.49 8 8 8 8 
331 0 0 1 1 1 1 4 0 3 0 1 0 0 11 11 2 11 0 0 0 11 102 14 55 27 18 33 24 36 20 16 1 1 1 0 0.6 11 11 11 11 
332 1 4 1 1 1 1 3 0 3 0 1 1 0 21 20 2 21 0 0 1 20 288 27 89 46 30 174 38 60 37 23 4 4 4 2 1.96 28 28 28 21 
333 2 4 2 2 2 1 7 0 7 0 3 5 3 34 29 7 34 0 1 4 29 548 57 296 108 158 201 138 208 86 122 7 7 8 3 0.68 63 63 70 36 
334 0 0 2 2 2 1 4 0 4 0 1 0 0 2 2 1 2 0 0 1 1 53 8 13 6 5 32 6 10 6 4 2 2 2 1 2.46 3 3 3 2 
335 1 2 1 1 1 1 5 0 5 0 1 1 0 16 15 4 16 0 1 0 15 166 24 110 47 45 32 46 74 37 37 3 3 3 2 0.29 23 23 23 16 
336 0 0 2 2 2 2 8 0 7 1 1 0 0 19 19 2 19 0 1 0 18 318 30 151 50 98 139 98 135 47 88 9 9 9 2 0.92 43 43 43 31 
337 0 0 2 2 2 1 5 0 5 0 1 0 1 18 18 1 18 0 0 0 18 225 22 113 37 63 90 64 90 36 54 4 4 7 2 0.8 31 31 37 18 
338 0 0 2 2 2 1 6 0 6 0 2 0 2 7 7 3 7 0 0 1 6 143 18 58 23 32 67 32 45 23 22 7 7 9 3 1.16 14 14 16 7 
339 0 0 1 1 1 1 2 0 2 0 1 0 0 4 4 1 4 0 0 0 4 74 9 13 8 3 52 7 10 8 2 1 1 1 0 4 4 4 4 4 
340 0 0 1 1 1 1 3 0 3 0 1 0 0 1 1 0 1 0 0 0 1 33 3 7 4 1 23 3 5 4 1 1 1 1 0 3.29 1 1 1 1 
341 0 0 1 1 1 1 3 0 3 0 1 0 0 1 1 0 1 0 0 0 1 31 3 7 4 1 21 3 5 4 1 1 1 1 0 3 1 1 1 1 
342 0 0 11 11 12 1 76 14 62 0 1 1 0 1 0 0 1 0 0 0 1 110 19 67 16 52 24 30 39 16 23 11 11 12 2 0.36 11 11 12 1 
343 0 0 5 5 5 1 28 5 22 0 1 2 0 2 0 0 2 0 1 0 1 96 17 53 19 37 26 34 44 19 25 8 8 8 3 0.49 9 9 9 2 
344 0 0 2 2 2 1 8 0 8 0 4 0 2 29 29 13 29 1 1 0 27 462 47 295 97 165 123 139 203 78 125 6 6 6 3 0.42 58 58 61 29 
345 1 3 2 2 2 1 13 0 11 1 2 0 0 7 7 4 7 0 0 2 5 181 19 96 32 53 70 48 66 27 39 8 8 9 3 0.73 15 15 17 7 
347 0 0 3 3 3 1 18 1 13 4 2 0 1 11 11 5 11 0 1 0 10 330 34 169 36 98 127 62 108 30 78 13 13 14 5 0.75 33 33 34 16 
349 0 0 1 1 1 1 2 0 2 0 2 1 2 8 7 0 8 0 0 0 8 77 13 34 21 7 30 9 19 14 5 1 1 1 0 0.88 8 8 8 8 
350 0 0 1 1 1 1 3 0 3 0 1 0 0 1 1 0 1 0 0 0 1 31 4 7 4 1 20 3 5 4 1 1 1 1 0 2.86 1 1 1 1 
351 1 3 2 2 2 1 7 0 7 0 1 0 1 14 14 2 14 0 1 1 12 226 24 132 51 69 70 66 95 43 52 4 4 4 2 0.53 27 27 27 14 
352 1 2 1 1 1 1 3 0 3 0 1 0 1 11 11 5 11 1 0 7 3 96 19 50 22 19 27 23 37 22 15 2 2 2 1 0.54 12 12 12 11 
353 0 0 2 2 3 1 9 0 8 0 1 0 1 9 9 7 9 1 1 0 7 138 20 96 33 51 22 49 68 26 42 4 4 4 2 0.23 22 22 24 9 
354 0 0 2 2 2 1 7 0 7 0 1 0 1 15 15 6 15 0 2 0 13 185 28 128 42 69 30 65 92 34 58 4 4 4 2 0.23 28 28 29 15 
355 1 2 2 2 2 1 6 0 6 0 3 0 0 13 13 6 13 1 0 2 10 171 20 104 42 46 48 45 68 32 36 6 6 6 3 0.46 20 20 20 13 
357 0 0 2 2 2 1 5 0 5 0 2 0 0 10 10 2 10 0 0 0 10 145 18 66 24 26 61 21 41 18 23 4 4 5 2 0.92 18 18 20 10 
359 0 0 1 1 1 1 5 0 4 0 2 0 0 7 7 3 7 0 0 0 7 91 14 48 21 14 29 14 28 15 13 2 2 2 1 0.6 8 8 8 7 
360 0 0 1 1 1 1 5 0 5 0 2 0 0 9 9 5 9 0 1 0 8 125 15 73 35 30 37 35 50 26 24 3 3 3 2 0.51 13 13 13 9 
361 0 0 2 2 2 1 8 0 7 0 3 45 0 54 9 2 54 0 3 8 43 655 83 367 87 237 206 166 268 100 168 14 8 14 3 0.56 106 100 111 68 
362 0 0 0 0 0 0 0 0 0 0 1 0 0 0 0 0 0 0 0 0 0 24 2 3 2 0 19 1 2 2 0 0 0 0 0 6.33 0 0 0 0 
363 0 0 2 2 3 2 10 0 9 0 2 0 1 8 8 1 8 0 1 0 7 202 14 83 32 46 107 41 59 29 30 8 8 9 3 1.29 19 19 22 12 
438 0 0 1 1 1 1 1 0 1 0 1 0 0 1 1 0 1 0 0 0 1 34 4 4 3 0 26 2 3 3 0 1 1 1 0 6.5 1 1 1 1 
364 1 1 2 2 3 1 10 0 9 0 6 2 3 32 30 7 32 1 3 0 28 536 52 309 87 178 176 146 227 93 134 8 8 10 4 0.57 79 79 84 41 
365 0 0 1 1 1 1 3 0 3 0 2 0 0 4 4 1 4 0 0 0 4 78 8 33 14 13 37 16 21 9 12 1 1 1 0 1.12 4 4 4 4 
366 0 0 4 4 4 2 49 4 36 7 1 14 1 15 1 0 15 0 1 0 14 817 95 554 161 386 171 383 437 161 276 8 8 8 2 0.31 53 53 53 25 
367 0 0 2 2 2 1 9 0 8 1 1 0 1 18 18 3 18 1 5 0 12 278 25 186 68 124 82 103 144 54 90 5 5 7 2 0.44 39 39 43 22 
439 1 1 1 1 1 1 3 0 3 0 4 2 2 21 19 4 21 3 0 0 18 286 28 107 47 45 151 48 74 38 36 4 4 5 1 1.41 28 28 29 21 
368 0 0 2 2 2 2 10 0 8 1 1 0 0 4 4 2 4 0 0 1 3 107 13 44 16 24 50 24 34 17 17 3 3 3 2 1.14 9 9 9 6 
440 0 0 1 1 1 1 6 0 5 0 3 8 0 17 9 2 17 0 3 8 6 171 24 83 21 52 65 37 63 31 32 2 2 2 1 0.78 25 25 25 17 
369 1 4 1 1 1 1 2 0 2 0 1 1 14 2 1 3 2 0 2 0 0 89 11 44 24 28 35 26 33 22 11 1 1 1 0 0.8 2 2 2 2 
370 0 0 1 1 1 1 4 0 3 0 2 0 0 8 8 3 8 1 0 0 7 83 14 45 24 13 24 20 30 19 11 2 2 2 0 0.53 10 10 10 8 
441 0 0 2 2 2 1 15 1 10 3 2 0 0 4 4 5 4 0 0 0 4 121 15 58 22 27 48 34 44 20 24 4 4 4 2 0.83 9 9 9 4 
371 0 0 1 1 1 1 2 0 2 0 1 0 1 6 6 0 6 0 0 0 6 52 11 20 13 4 21 9 16 13 3 1 1 1 0 1.05 6 6 6 6 
442 0 0 8 3 8 1 26 0 26 1 1 5 0 6 1 0 6 0 1 0 5 190 10 160 10 134 28 93 113 10 103 40 14 40 2 0.17 45 19 45 6 
372 0 0 2 2 3 1 12 2 9 1 4 2 3 19 17 7 19 0 4 0 15 424 60 214 89 125 152 116 175 91 84 10 10 10 4 0.71 46 46 50 24 
443 1 4 5 5 5 1 11 1 10 0 1 2 0 3 1 0 3 0 1 0 2 90 10 36 9 22 45 12 29 11 18 7 7 7 3 1.25 14 14 14 3 
373 0 0 3 3 3 1 14 0 13 0 2 10 1 13 3 7 13 2 1 0 10 396 21 204 69 135 176 97 131 48 83 10 10 10 4 0.86 35 35 37 13 
444 0 0 1 1 1 1 3 0 3 0 1 0 1 7 7 1 7 0 0 0 7 73 12 36 21 8 25 14 22 15 7 1 1 1 0 0.69 7 7 7 7 
374 0 0 2 2 2 1 7 0 7 0 1 0 0 4 4 1 4 0 0 0 4 82 9 36 13 16 37 20 27 13 14 2 2 2 1 1.03 6 6 6 4 
375 0 0 1 1 1 1 1 0 1 0 1 0 0 4 4 0 4 0 0 0 4 48 7 7 6 0 34 5 6 6 0 1 1 1 0 4.86 4 4 4 4 
376 0 0 2 2 2 1 5 0 5 0 1 1 2 3 2 3 3 0 1 0 2 67 7 28 16 14 32 17 21 15 6 2 2 3 0 1.14 5 5 6 3 
377 0 0 2 2 2 1 7 0 7 0 3 20 5 25 5 0 25 0 3 0 22 469 41 195 76 112 238 94 143 61 82 9 9 12 2 1.22 49 48 56 28 
378 2 3 2 2 2 1 8 0 7 1 1 5 0 57 52 3 57 0 0 1 56 840 138 430 177 283 312 268 375 176 199 8 8 8 2 0.73 107 107 121 83 
379 0 0 2 2 2 1 6 0 6 0 1 0 0 6 6 0 6 0 0 0 6 102 9 44 18 18 49 20 32 18 14 3 3 4 1 1.11 11 11 12 6 
380 0 0 3 3 3 2 11 0 10 1 1 0 1 6 6 7 6 0 1 0 5 193 21 104 51 70 71 44 62 19 43 5 5 5 3 0.68 17 17 17 13 
381 0 0 2 2 2 1 6 1 4 0 1 0 1 4 4 1 4 0 1 2 1 74 13 32 18 12 29 17 24 15 9 2 2 2 1 0.91 6 6 6 4 
382 1 3 2 2 2 1 9 0 8 2 1 0 0 13 13 3 13 0 2 4 7 257 16 113 30 70 140 64 89 31 58 5 5 7 2 1.24 25 25 30 15 
383 0 0 3 3 3 2 14 1 12 1 1 1 12 8 7 6 8 0 2 0 6 210 27 120 40 77 64 68 93 42 51 11 11 13 5 0.53 24 24 26 15 
384 0 0 2 2 2 1 7 0 7 1 2 4 0 10 6 1 10 0 2 1 7 154 17 83 33 47 60 46 66 34 32 5 5 6 3 0.72 19 19 20 13 
385 0 0 1 1 2 1 6 0 6 1 2 0 0 19 19 6 19 3 4 0 12 219 26 129 41 73 80 74 103 42 61 4 4 7 2 0.62 27 27 32 21 
445 0 0 1 1 1 1 4 0 4 0 2 0 0 5 5 2 5 0 0 0 5 77 9 28 11 10 40 11 19 11 8 2 2 2 1 1.43 6 6 6 5 
386 0 0 2 2 3 2 13 1 10 1 2 0 0 3 3 5 3 0 1 0 2 84 11 41 17 21 32 25 34 17 17 5 5 7 2 0.78 7 7 9 5 
387 0 0 3 3 3 2 10 0 9 1 1 6 0 6 0 0 6 0 0 0 6 124 11 57 18 37 59 29 45 18 27 4 4 4 1 1.04 18 18 18 12 
388 0 0 2 2 2 1 8 0 8 0 3 0 3 18 18 8 18 3 3 0 12 239 31 139 41 80 72 71 103 48 55 4 4 4 2 0.52 30 30 30 20 
389 2 1 3 3 3 2 12 0 11 0 1 0 2 12 12 0 12 0 5 4 3 212 27 144 33 97 41 81 113 33 80 10 10 11 3 0.28 37 37 39 21 
390 1 2 3 3 3 3 8 0 7 0 2 3 2 5 2 0 5 0 1 0 4 98 12 45 16 25 41 20 34 17 17 7 7 7 3 0.91 14 14 14 13 
391 0 0 1 1 1 1 3 0 3 0 1 0 0 2 2 0 2 0 0 0 2 37 2 9 4 2 26 3 6 4 2 1 1 1 0 2.89 2 2 2 2 
392 0 0 1 1 1 1 3 0 3 0 1 0 0 1 1 0 1 0 0 0 1 30 3 6 3 1 21 2 4 3 1 1 1 1 0 3.5 1 1 1 1 
393 0 0 2 2 2 1 5 0 4 0 1 2 0 3 1 0 3 0 1 0 2 46 7 17 5 7 23 7 14 6 8 3 3 3 2 1.35 6 6 6 3 
394 1 5 5 5 6 3 28 2 23 2 3 5 15 9 4 5 9 0 1 0 8 531 55 241 64 186 236 147 197 64 133 9 9 12 4 0.98 47 47 58 31 
395 2 2 1 1 1 1 1 0 1 0 1 0 0 1 3 10 3 0 0 0 3 108 15 23 21 1 70 3 4 3 1 1 1 1 0 3.04 3 3 3 3 
446 0 0 3 3 3 1 9 0 9 0 1 1 1 5 4 4 5 0 1 0 4 150 12 60 22 31 78 30 44 21 23 6 6 7 3 1.3 13 13 14 5 
