1 0 0 1 1 1 1 2 0 2 0 1 1 0 2 1 0 2 0 1 0 1 29 4 7 4 1 19 2 5 4 1 1 1 1 0 2.71 2 2 2 2 
2 0 0 313 3 313 2 490 0 488 311 1 1 0 4 3 3 4 0 0 0 4 2047 11 1965 20 1937 1313 695 707 21 686 1245 4 1245 3 0.67 1252 11 1252 7 
3 4 3 2 2 2 1 6 0 6 0 1 0 0 9 9 1 9 0 1 3 5 155 15 71 20 39 69 29 45 20 25 3 3 6 2 0.97 16 16 19 11 
4 0 0 4 4 4 3 11 1 10 0 1 0 0 4 4 3 4 0 0 3 1 85 13 49 14 31 23 24 37 13 24 8 8 9 2 0.47 14 14 15 10 
5 0 0 2 2 2 1 7 0 6 0 1 0 0 5 5 3 5 0 1 0 4 86 11 46 18 19 29 21 32 15 17 3 3 3 1 0.63 10 10 10 5 
399 0 0 2 2 2 1 6 0 6 0 7 3 2 70 67 14 70 5 12 0 53 700 79 491 167 265 134 236 360 150 210 7 7 7 3 0.27 126 126 132 86 
6 0 0 1 1 1 1 4 0 4 0 2 3 2 26 23 3 26 1 2 0 23 327 31 134 53 56 162 54 93 43 50 4 4 4 2 1.21 37 37 38 30 
7 0 0 1 1 1 1 3 0 3 0 1 0 0 8 8 1 8 0 0 2 6 79 12 35 18 8 32 11 20 12 8 1 1 1 0 0.91 8 8 8 8 
8 0 0 1 1 1 1 3 0 3 0 1 1 0 8 7 1 8 0 1 0 7 71 12 37 19 9 22 12 21 13 8 2 2 2 0 0.59 9 9 9 8 
9 0 0 1 1 1 1 1 0 1 0 1 0 0 1 1 0 1 0 0 0 1 41 4 5 4 0 32 3 4 4 0 1 1 1 0 6.4 1 1 1 1 
10 0 0 2 2 2 2 10 0 9 1 1 0 4 15 15 9 15 0 2 4 9 393 39 174 63 104 201 93 128 46 82 11 11 11 4 1.16 35 35 37 30 
400 0 0 2 2 2 2 6 0 6 0 1 0 0 5 5 2 5 0 0 1 4 94 10 41 14 18 45 17 28 13 15 7 7 7 4 1.1 11 11 11 10 
11 0 0 27 4 28 2 69 2 62 28 1 0 0 3 3 3 3 0 0 0 3 254 13 196 18 178 117 102 114 18 96 77 6 78 3 0.6 82 11 84 6 
12 0 0 1 1 1 1 2 0 2 0 1 0 0 2 2 0 2 0 0 1 1 34 4 10 6 1 20 3 6 5 1 1 1 1 0 2 2 2 2 2 
401 0 0 2 2 2 1 6 0 6 0 1 0 0 3 3 3 3 0 0 0 3 82 8 31 15 12 43 15 21 13 8 3 3 3 2 1.39 6 6 6 3 
13 0 0 2 2 2 1 6 0 6 0 1 0 1 7 7 4 7 0 0 0 7 91 13 58 25 30 20 34 46 22 24 5 5 5 3 0.34 11 11 11 10 
14 0 0 1 1 1 1 4 0 4 0 1 0 0 3 3 3 3 0 0 0 3 62 9 22 13 7 31 12 16 11 5 1 1 2 0 1.41 3 3 4 3 
15 0 0 1 1 1 1 3 0 3 0 1 0 0 7 7 0 7 0 0 1 6 128 12 31 16 7 85 11 19 12 7 1 1 1 0 2.74 7 7 7 7 
402 0 0 1 1 1 1 3 0 3 0 1 0 0 6 6 2 6 0 0 0 6 69 10 36 18 11 23 13 20 13 7 1 1 1 0 0.64 6 6 6 6 
403 0 0 1 1 2 1 5 0 5 0 1 0 0 3 3 2 3 0 0 0 3 53 7 23 10 9 23 11 16 8 8 2 2 3 1 1 4 4 5 3 
16 0 0 2 2 2 1 6 0 6 0 1 0 0 3 3 2 3 0 0 0 3 72 7 31 15 14 34 17 22 14 8 3 3 3 2 1.1 5 5 5 3 
17 0 0 1 1 1 1 3 0 3 0 1 0 0 7 7 0 7 0 0 1 6 130 11 31 16 7 88 11 19 12 7 1 1 1 0 2.84 7 7 7 7 
18 0 0 4 4 4 2 11 0 10 0 1 0 0 8 8 5 8 0 4 0 4 137 13 100 31 58 24 55 84 31 53 10 10 11 4 0.24 30 30 33 15 
19 0 0 5 5 5 1 20 0 20 0 1 0 0 1 1 3 1 0 0 0 1 61 5 28 11 14 28 18 24 12 12 5 5 5 2 1 5 5 5 1 
20 1 2 2 2 2 1 7 0 6 0 1 0 2 12 12 7 12 0 0 0 12 252 25 104 35 63 127 64 84 32 52 7 6 7 1 1.22 22 21 22 12 
21 0 0 2 2 2 1 5 0 5 0 1 0 0 8 8 2 8 0 0 0 8 137 16 57 28 23 64 25 39 21 18 2 2 2 1 1.12 13 13 13 8 
22 0 0 2 2 3 1 5 0 5 0 1 0 0 2 2 3 2 0 0 0 2 67 7 20 11 9 40 11 16 10 6 3 3 4 1 2 4 4 5 2 
23 0 0 6 5 7 5 12 0 12 0 1 1 1 27 26 6 27 2 12 0 13 547 71 339 54 254 140 227 359 55 304 34 24 37 5 0.41 158 132 176 124 
404 2 3 1 1 1 1 4 0 4 0 2 0 0 8 8 2 8 0 0 4 4 169 14 47 24 16 108 20 30 17 13 2 2 3 1 2.3 9 9 10 8 
24 0 0 1 1 1 1 3 0 3 0 1 0 0 3 3 1 3 0 0 1 2 60 7 17 10 3 36 7 11 8 3 1 1 1 0 2.12 3 3 3 3 
25 0 0 1 1 1 1 3 0 3 0 1 0 1 5 5 2 5 0 0 1 4 111 13 45 24 19 53 20 26 19 7 1 1 1 0 1.18 5 5 5 5 
26 0 0 1 1 1 1 3 0 3 0 1 9 0 15 6 2 15 0 1 1 13 265 19 72 36 21 175 30 46 28 18 2 2 2 0 2.43 16 16 16 15 
405 0 0 1 1 1 1 7 0 6 0 1 3 0 6 3 2 6 0 0 5 1 156 13 54 25 21 89 26 36 21 15 2 2 2 1 1.65 7 7 7 6 
27 0 0 2 2 2 1 5 0 5 0 4 0 1 17 17 5 17 0 4 0 13 245 29 119 45 52 97 49 83 43 40 6 6 6 5 0.82 31 31 31 17 
28 0 0 1 1 2 1 6 0 6 0 2 0 1 42 42 7 42 0 1 0 41 648 56 296 82 175 297 171 226 70 156 5 5 11 2 1 57 57 63 46 
29 0 0 1 1 1 1 3 0 3 0 1 0 0 4 4 1 4 0 0 1 3 56 7 21 11 5 28 8 13 8 5 1 1 1 0 1.33 4 4 4 4 
30 2 3 1 1 2 1 4 0 3 0 1 0 0 8 8 0 8 0 1 3 4 184 13 43 20 17 128 22 32 20 12 3 3 5 2 2.98 10 10 12 10 
31 1 5 1 1 1 1 3 0 3 0 1 0 0 9 9 1 9 0 0 7 2 95 14 38 16 12 43 16 27 15 12 2 2 2 1 1.13 11 11 11 9 
32 0 0 1 1 1 1 3 0 3 0 1 0 0 3 3 1 3 0 0 1 2 62 8 18 11 3 36 7 11 8 3 1 1 1 0 2 3 3 3 3 
33 0 0 1 1 1 1 3 0 3 0 1 0 0 7 7 0 7 0 0 1 6 121 11 31 16 7 79 11 19 12 7 1 1 1 0 2.55 7 7 7 7 
34 0 0 2 2 2 1 9 0 9 0 1 8 1 8 0 0 8 0 1 0 7 202 16 84 28 47 102 41 62 28 34 5 5 5 4 1.21 17 17 17 8 
406 4 4 1 1 1 1 4 0 4 0 2 0 2 8 8 2 8 0 0 2 6 142 15 55 28 23 72 33 42 28 14 1 1 1 0 1.31 8 8 8 8 
407 0 0 4 4 6 1 15 1 13 1 1 0 2 2 2 2 2 0 0 0 2 73 11 38 18 23 26 22 30 18 12 6 6 10 3 0.68 7 7 11 2 
408 0 0 2 2 2 1 7 0 6 0 1 0 10 11 11 7 11 0 1 0 10 234 26 114 50 66 95 59 77 43 34 6 6 6 4 0.83 17 17 17 14 
409 1 3 3 2 3 2 13 1 11 1 1 9 28 24 15 14 24 2 11 0 11 743 106 446 131 332 204 204 254 119 135 32 13 33 4 0.46 73 54 74 56 
35 4 4 1 1 1 1 4 0 4 0 2 0 2 8 8 2 8 0 0 2 6 138 15 50 23 23 73 28 37 23 14 1 1 1 0 1.46 8 8 8 8 
36 0 0 3 3 4 1 10 0 9 1 1 0 2 4 4 3 4 0 0 0 4 87 13 52 24 29 25 29 40 23 17 6 6 10 3 0.48 10 10 14 4 
37 0 0 2 2 2 1 7 0 6 0 1 0 15 11 11 7 11 0 1 0 10 255 26 136 61 81 94 67 87 49 38 6 6 6 4 0.69 19 19 19 14 
38 1 3 3 2 3 2 12 1 11 1 1 9 25 24 15 14 24 0 11 0 13 1108 106 800 126 688 215 196 246 115 131 28 13 29 4 0.27 69 54 70 52 
410 0 0 1 1 1 1 1 0 1 0 1 0 1 5 5 0 5 0 0 0 5 67 11 12 11 1 44 10 11 11 0 1 1 1 0 3.67 5 5 5 5 
411 0 0 1 1 1 1 5 0 4 0 1 1 19 13 12 6 13 0 1 0 12 255 34 132 75 68 89 69 87 58 29 4 4 4 2 0.67 17 17 17 16 
480 1 2 3 2 3 2 13 1 11 1 1 9 27 24 15 14 24 0 11 0 13 3762 108 3449 128 3335 218 202 252 117 135 32 13 33 4 0.06 73 54 74 56 
481 1 2 3 2 3 2 12 1 11 1 1 9 25 24 15 14 24 0 11 0 13 1089 106 784 129 669 212 198 248 117 131 28 13 29 4 0.27 69 54 70 52 
482 1 2 3 2 3 2 13 1 11 1 1 9 27 24 15 14 24 0 11 0 13 3672 108 3365 131 3248 212 204 254 119 135 32 13 33 4 0.06 73 54 74 56 
412 0 0 1 1 1 1 1 0 1 0 1 0 0 11 11 0 11 0 0 0 11 91 12 15 14 0 64 13 14 14 0 1 1 1 0 4.27 11 11 11 11 
413 1 3 2 2 2 1 6 0 6 0 1 0 1 31 31 2 31 0 2 0 29 305 42 223 69 128 46 108 166 55 111 12 12 15 3 0.21 57 57 61 43 
39 0 0 1 1 1 1 1 0 1 0 1 0 0 2 2 0 2 0 0 0 2 44 4 7 6 0 33 5 6 6 0 1 1 1 0 4.71 2 2 2 2 
40 0 0 1 1 1 1 4 0 4 0 1 0 0 6 6 1 6 0 0 0 6 80 12 35 16 12 33 13 22 12 10 3 3 3 1 0.94 8 8 8 8 
414 0 0 1 1 1 1 1 0 1 0 1 0 0 2 2 0 2 0 0 0 2 49 5 7 6 0 37 5 6 6 0 1 1 1 0 5.29 2 2 2 2 
415 0 0 2 2 2 1 4 0 4 0 1 0 0 6 6 1 6 0 0 0 6 82 10 35 18 12 37 14 23 13 10 3 3 3 1 1.06 9 9 9 8 
41 0 0 1 1 1 1 1 0 1 0 1 0 0 3 3 0 3 0 0 0 3 44 8 7 6 0 29 5 6 6 0 1 1 1 0 4.14 3 3 3 3 
42 0 0 1 1 1 1 5 0 4 0 1 0 0 7 7 2 7 0 0 0 7 90 17 44 20 17 29 20 30 16 14 3 3 4 1 0.66 9 9 10 9 
43 0 0 1 1 1 1 1 0 1 0 1 0 0 2 2 0 2 0 0 0 2 36 4 7 6 0 25 5 6 6 0 1 1 1 0 3.57 2 2 2 2 
44 0 0 2 2 2 1 4 0 4 0 1 0 0 9 9 1 9 0 0 0 9 101 18 52 23 19 31 20 34 18 16 4 4 6 2 0.6 15 15 17 12 
45 0 0 1 1 1 1 1 0 1 0 1 0 0 2 2 0 2 0 0 0 2 59 4 6 5 0 49 4 5 5 0 1 1 1 0 8.17 2 2 2 2 
46 0 0 2 2 2 1 5 0 4 0 1 0 0 6 6 1 6 0 0 0 6 99 13 39 17 15 47 15 25 13 12 3 3 3 1 1.21 9 9 9 8 
47 0 0 1 1 1 1 1 0 1 0 1 0 0 8 8 0 8 0 0 0 8 93 10 13 12 0 70 10 11 11 0 1 1 1 0 5.38 8 8 8 8 
48 0 0 0 0 0 0 0 0 0 0 1 0 0 0 0 0 0 0 0 0 0 27 2 4 3 0 21 1 2 2 0 0 0 0 0 5.25 0 0 0 0 
49 0 0 1 1 1 1 1 0 1 0 1 0 1 2 2 0 2 0 0 0 2 36 6 7 6 1 23 5 6 6 0 1 1 1 0 3.29 2 2 2 2 
50 0 0 2 2 2 1 4 0 4 0 1 0 0 8 8 1 8 0 0 0 8 78 14 42 19 14 22 16 27 15 12 4 4 4 1 0.52 12 12 12 10 
416 1 2 1 1 1 1 7 0 7 0 2 0 0 3 3 3 3 0 0 0 3 113 10 38 21 13 65 22 28 18 10 2 2 2 1 1.71 4 4 4 3 
417 0 0 2 2 2 1 10 0 9 1 1 0 0 2 2 2 2 0 0 0 2 105 8 30 16 14 67 18 22 14 8 2 2 2 1 2.23 3 3 3 2 
51 0 0 2 2 2 1 5 0 5 0 1 0 0 25 25 16 25 0 0 3 22 312 35 157 54 98 125 84 132 51 81 18 18 19 2 0.8 47 47 49 27 
52 0 0 1 1 1 1 8 1 6 0 1 7 0 8 1 0 8 0 1 0 7 124 21 61 26 34 42 34 47 26 21 2 2 2 2 0.69 10 10 10 8 
53 0 0 2 2 2 1 5 0 5 0 1 6 1 7 1 0 7 0 1 0 6 123 15 47 22 23 65 25 38 21 17 5 5 5 2 1.38 12 12 12 7 
54 0 0 2 1 2 2 5 0 4 0 4 6 3 11 7 9 13 1 1 2 9 214 22 87 33 45 108 41 57 31 26 8 2 8 1 1.24 22 16 22 20 
55 3 4 3 3 3 2 7 0 6 0 1 0 4 16 16 2 16 0 0 0 16 319 36 126 41 71 161 54 102 46 56 4 4 5 2 1.28 40 40 44 24 
56 6 4 1 1 2 1 3 0 3 0 16 3 0 61 64 12 67 0 0 0 67 598 79 280 130 146 244 134 216 72 144 7 7 9 2 0.87 96 96 98 75 
57 1 2 1 1 1 1 1 0 1 0 1 0 0 1 1 0 1 1 0 0 0 34 3 5 4 0 26 3 4 4 0 1 1 1 0 5.2 1 1 1 1 
58 1 2 0 0 0 0 0 0 0 0 1 0 0 0 2 7 2 0 0 0 2 76 9 10 9 0 57 1 2 2 0 1 1 1 0 5.7 2 2 2 2 
59 0 0 1 1 1 1 1 0 1 0 1 0 0 22 22 0 22 19 0 0 3 213 25 32 31 0 159 30 31 31 0 1 1 1 0 4.97 22 22 22 22 
60 1 2 1 1 1 1 3 0 3 0 1 0 0 1 1 0 1 0 0 0 1 28 3 5 3 1 20 2 4 3 1 1 1 1 0 4 1 1 1 1 
61 1 2 2 2 2 1 3 0 3 0 1 0 0 4 4 1 4 0 0 0 4 67 11 23 12 7 33 12 19 13 6 2 2 2 1 1.43 6 6 6 4 
62 0 0 5 5 5 1 25 4 20 1 1 2 6 2 0 0 2 0 0 0 2 139 21 54 21 37 67 28 39 18 21 6 6 6 1 1.24 10 10 10 2 
63 3 4 2 2 2 1 4 0 4 0 2 0 0 15 17 7 17 0 0 0 17 317 22 97 32 47 202 55 80 31 49 8 5 8 3 2.08 30 27 30 17 
64 1 2 2 2 2 1 7 0 7 0 1 0 0 2 2 2 2 0 0 0 2 57 5 19 8 8 33 10 15 8 7 3 3 3 1 1.74 4 4 4 2 
65 0 0 2 2 2 1 4 0 4 0 1 0 0 10 10 2 10 0 0 1 9 90 14 53 17 25 23 23 38 17 21 3 3 4 2 0.43 15 15 16 12 
66 0 0 1 1 2 1 4 0 4 0 1 0 0 2 2 1 2 0 0 1 1 37 6 15 7 4 16 6 10 6 4 1 1 2 0 1.07 2 2 3 2 
67 0 0 2 2 3 1 9 0 8 1 1 0 5 7 7 6 7 3 0 0 4 151 22 80 32 45 49 44 60 31 29 6 6 6 2 0.61 15 15 18 7 
447 8 4 3 3 3 2 16 1 13 1 4 0 1 19 19 12 19 1 6 0 12 426 65 282 81 177 79 162 227 87 140 23 23 25 5 0.28 62 62 65 30 
68 0 0 2 2 2 1 10 1 7 1 2 0 3 8 8 6 8 3 0 0 5 151 29 76 32 50 50 55 68 32 36 4 4 4 2 0.66 14 14 14 8 
69 0 0 2 2 2 1 9 1 7 0 1 0 0 10 10 8 10 0 0 0 10 149 23 98 34 61 28 62 80 28 52 3 3 3 2 0.29 17 17 17 14 
70 0 0 2 2 2 1 7 0 7 0 1 0 0 6 6 4 6 0 0 0 6 89 13 50 13 27 26 28 39 13 26 3 3 3 2 0.52 10 10 10 6 
71 0 0 1 1 1 1 7 0 7 0 1 0 0 3 3 7 3 0 0 0 3 60 11 33 16 18 20 22 27 15 12 2 2 2 1 0.61 4 4 4 3 
72 14 7 8 8 9 2 42 4 36 1 8 3 1 16 13 52 16 1 7 1 7 1037 153 671 161 481 214 388 533 169 364 59 59 60 6 0.32 135 135 136 28 
483 0 0 2 2 2 1 13 1 11 0 7 1 0 17 16 11 17 3 2 1 11 186 25 138 32 79 23 66 101 50 51 4 4 4 2 0.17 28 28 29 22 
73 0 0 2 2 2 1 7 0 6 0 3 0 0 24 24 10 24 2 0 2 20 312 48 197 79 93 67 97 141 63 78 9 9 10 3 0.34 40 40 41 24 
74 0 0 3 3 3 1 16 2 11 2 2 0 3 8 8 10 8 1 1 0 6 252 37 119 42 76 97 72 99 45 54 7 7 7 2 0.82 21 21 21 8 
75 4 4 3 3 3 1 12 1 10 1 3 3 3 32 29 13 32 2 2 7 21 582 81 354 89 211 147 160 258 88 170 12 12 12 4 0.42 89 89 93 47 
76 0 0 1 1 1 1 3 0 3 0 1 0 0 1 1 0 1 0 0 0 1 30 3 7 4 1 20 3 5 4 1 1 1 1 0 2.86 1 1 1 1 
77 0 0 1 1 1 1 7 0 6 0 1 0 0 8 8 7 8 5 0 3 0 117 17 67 24 32 33 41 52 21 31 3 3 3 2 0.49 10 10 10 8 
78 0 0 2 2 2 1 13 0 8 4 1 0 0 6 6 11 6 4 0 2 0 136 17 69 25 36 51 45 56 23 33 3 3 3 2 0.74 10 10 10 6 
79 17 5 2 2 3 1 12 0 9 1 7 4 0 90 86 40 90 9 7 14 60 1359 189 1011 284 596 211 523 750 245 505 17 17 20 6 0.21 221 221 239 127 
80 0 0 1 1 1 1 1 0 1 0 1 0 0 4 4 0 4 4 0 0 0 28 3 9 8 0 16 7 8 8 0 1 1 1 0 1.78 4 4 4 4 
81 0 0 1 1 1 1 1 0 1 0 1 0 0 2 2 0 2 2 0 0 0 33 5 6 5 0 22 4 5 5 0 1 1 1 0 3.67 2 2 2 2 
82 0 0 1 1 1 1 1 0 1 0 1 0 0 5 5 1 5 5 0 0 0 46 9 14 11 1 23 10 12 11 1 1 1 1 0 1.64 5 5 5 5 
83 0 0 1 1 1 1 1 0 1 0 1 0 0 2 2 0 2 2 0 0 0 27 3 7 6 0 17 5 6 6 0 1 1 1 0 2.43 2 2 2 2 
84 0 0 1 1 1 1 1 0 1 0 1 0 0 4 4 0 4 4 0 0 0 27 3 8 7 0 16 6 7 7 0 1 1 1 0 2 4 4 4 4 
88 9 7 1 1 1 1 7 0 6 0 1 0 0 5 5 4 5 0 0 0 5 88 14 47 22 20 27 26 35 19 16 2 2 2 1 0.57 6 6 6 5 
89 0 0 1 1 1 1 3 0 3 0 1 0 0 2 2 6 2 0 0 0 2 45 9 17 11 5 19 11 14 11 3 1 1 1 0 1.12 2 2 2 2 
90 0 0 4 4 4 1 23 3 17 2 3 0 1 12 12 17 12 3 1 0 8 368 64 249 75 164 55 144 197 75 122 13 13 15 4 0.22 46 46 48 14 
91 1 6 1 1 1 1 7 0 6 0 1 0 0 6 6 2 6 3 0 0 3 92 18 55 26 25 19 29 41 23 18 3 3 3 2 0.35 8 8 8 6 
92 2 6 7 7 7 3 53 9 36 8 1 0 0 3 3 6 3 1 0 0 2 208 37 125 37 87 49 81 102 35 67 18 18 19 7 0.39 20 20 21 9 
93 0 0 1 1 1 1 4 0 4 0 2 0 0 7 7 9 7 1 1 0 5 92 16 54 27 20 22 29 39 23 16 1 1 1 1 0.41 7 7 7 7 
94 11 6 3 3 3 1 17 2 13 2 9 0 13 64 64 45 64 50 5 1 8 1474 233 945 235 591 301 490 707 243 464 23 23 27 5 0.32 185 185 205 88 
95 0 0 1 1 1 1 6 0 6 0 1 0 0 2 2 5 2 1 0 0 1 48 7 21 10 10 22 15 18 10 8 1 1 1 0 1.05 2 2 2 2 
96 5 5 4 4 5 1 11 0 11 1 2 0 0 3 5 12 5 2 0 0 3 110 11 73 23 37 35 37 50 15 35 10 10 11 2 0.48 15 15 17 5 
97 8 8 2 2 3 1 9 0 9 0 1 0 12 23 23 3 23 3 2 0 18 407 43 236 84 145 129 126 185 83 102 10 10 12 4 0.55 56 56 61 27 
98 0 0 1 1 1 1 3 0 3 0 1 0 0 14 14 8 14 1 0 0 13 137 16 64 25 24 57 34 49 25 24 1 1 1 0 0.89 14 14 14 14 
99 1 1 1 1 1 1 2 0 2 0 1 0 0 4 4 0 4 0 0 0 4 79 4 14 6 3 61 4 9 6 3 1 1 1 0 4.36 4 4 4 4 
100 1 2 1 1 1 1 3 0 3 0 1 0 0 6 6 4 6 0 0 0 6 72 11 32 16 11 29 16 23 14 9 1 1 1 0 0.91 6 6 6 6 
101 1 7 3 2 3 1 15 0 14 1 2 1 0 31 30 17 31 8 11 0 12 647 68 482 128 334 103 274 351 124 227 10 7 10 5 0.21 92 76 96 42 
102 2 7 3 3 3 1 14 0 13 0 1 0 14 10 10 5 10 10 0 0 0 238 34 168 53 111 36 104 137 55 82 14 8 14 2 0.21 34 28 34 10 
103 13 5 1 1 1 1 3 0 2 0 4 0 0 55 55 3 55 0 0 5 50 330 56 223 115 82 51 94 153 72 81 1 1 1 0 0.23 55 55 55 55 
104 0 0 1 1 1 1 1 0 1 0 1 0 0 2 2 0 2 2 0 0 0 34 6 6 5 0 22 4 5 5 0 1 1 1 0 3.67 2 2 2 2 
105 0 0 2 2 3 1 15 2 11 1 1 0 0 5 5 14 5 4 0 0 1 136 26 84 32 46 27 53 66 30 36 5 5 7 1 0.32 11 11 13 5 
106 0 0 1 1 1 1 1 0 1 0 1 0 0 2 2 0 2 2 0 0 0 36 5 6 5 0 25 4 5 5 0 1 1 1 0 4.17 2 2 2 2 
107 0 0 1 1 1 1 10 0 8 1 1 0 0 3 3 7 3 2 0 0 1 72 10 40 18 17 22 24 30 16 14 2 2 2 1 0.55 4 4 4 3 
108 0 0 1 1 1 1 1 0 1 0 1 0 0 2 2 0 2 2 0 0 0 31 6 6 5 0 19 4 5 5 0 1 1 1 0 3.17 2 2 2 2 
109 0 0 2 2 2 1 8 0 7 0 1 0 0 5 5 6 5 4 0 0 1 89 15 53 21 28 21 32 42 19 23 4 4 4 2 0.4 10 10 10 5 
110 0 0 1 1 2 1 3 0 3 0 1 0 0 3 3 1 3 3 0 0 0 47 8 17 10 6 22 12 15 10 5 2 2 3 1 1.29 4 4 5 3 
111 0 0 1 1 1 1 5 0 4 0 1 0 0 5 5 8 5 4 0 0 1 73 14 38 19 13 21 23 30 17 13 2 2 2 1 0.55 6 6 6 5 
112 0 0 3 3 3 2 16 2 13 0 1 0 0 4 4 13 4 1 0 0 3 119 22 73 26 46 24 49 62 26 36 6 6 6 3 0.33 12 12 12 6 
113 2 6 8 8 9 2 54 9 34 11 1 1 0 5 4 2 5 2 1 0 2 324 57 190 63 134 78 114 164 68 96 24 24 26 8 0.41 42 42 45 10 
114 3 6 2 2 2 1 8 0 7 0 2 0 0 17 17 12 17 13 0 0 4 228 36 165 53 90 31 89 122 43 79 7 7 8 3 0.19 31 31 33 19 
115 0 0 1 1 1 1 2 0 2 0 1 0 0 5 5 2 5 2 0 0 3 45 7 22 13 4 16 7 13 9 4 1 1 1 0 0.73 5 5 5 5 
448 0 0 2 2 2 1 11 0 9 0 4 0 1 10 10 8 10 1 0 0 9 130 19 82 27 45 30 46 64 34 30 4 4 4 1 0.37 15 15 16 10 
116 1 2 1 1 1 1 2 0 2 0 1 0 0 13 13 0 13 0 0 0 13 130 19 42 24 15 69 24 32 22 10 3 3 3 1 1.64 16 16 17 15 
117 0 0 1 1 1 1 1 0 1 0 1 0 0 2 2 0 2 0 0 0 2 98 6 7 6 0 85 5 6 6 0 1 1 1 0 12.14 2 2 2 2 
118 7 5 3 3 3 1 12 1 10 1 3 0 1 37 37 23 37 12 4 0 21 716 93 430 116 240 195 208 320 118 202 22 22 25 5 0.45 101 101 112 37 
119 1 3 4 4 5 3 11 0 11 0 1 1 1 4 3 2 4 0 1 0 3 94 8 55 16 32 31 25 43 18 25 7 7 9 2 0.56 15 15 18 13 
120 6 4 3 3 3 2 9 0 8 1 1 6 26 6 0 0 6 0 0 0 6 277 36 133 46 105 108 47 65 40 25 4 4 4 2 0.81 16 16 16 11 
455 1 2 1 1 1 1 4 0 4 0 1 0 0 2 2 0 2 0 0 0 2 40 6 12 5 4 22 5 8 5 3 1 1 1 0 1.83 2 2 2 2 
456 1 3 1 1 1 1 4 0 4 0 1 0 0 4 4 0 4 0 0 0 4 52 7 21 7 9 24 8 13 7 6 1 1 1 0 1.14 4 4 4 4 
418 0 0 1 1 1 1 3 0 3 0 1 0 0 1 1 0 1 0 0 0 1 32 5 7 4 1 20 3 5 4 1 1 1 1 0 2.86 1 1 1 1 
121 30 7 1 1 1 1 4 0 4 0 4 19 9 91 74 20 93 0 1 15 77 1711 127 532 210 260 1059 243 356 165 191 12 12 12 4 1.99 132 132 134 103 
449 5 3 2 2 2 1 11 0 11 0 1 2 0 6 4 4 6 0 1 0 5 143 16 82 27 47 45 49 66 27 39 6 6 6 2 0.55 14 14 14 6 
122 24 8 3 3 3 1 15 1 11 1 5 6 14 188 182 49 188 27 34 6 121 4969 582 2326 496 1474 2078 1082 1698 463 1235 21 21 22 6 0.89 538 538 587 229 
419 6 5 1 1 2 1 5 0 4 0 2 2 9 38 38 21 40 2 0 0 38 624 54 236 76 127 334 132 181 74 107 4 4 6 1 1.42 57 57 63 40 
123 0 0 2 2 2 1 9 0 8 0 1 0 0 3 3 6 3 0 0 0 3 63 12 33 12 20 22 20 27 12 15 3 3 3 2 0.67 6 6 6 3 
124 0 0 1 1 1 1 1 0 1 0 1 0 0 5 5 1 5 5 0 0 0 44 9 14 11 1 21 10 12 11 1 1 1 1 0 1.5 5 5 5 5 
125 0 0 1 1 1 1 1 0 1 0 1 0 0 5 5 0 5 5 0 0 0 44 9 10 9 0 25 8 9 9 0 1 1 1 0 2.5 5 5 5 5 
126 0 0 1 1 1 1 1 0 1 0 1 0 0 4 4 0 4 4 0 0 0 27 3 8 7 0 16 6 7 7 0 1 1 1 0 2 4 4 4 4 
127 0 0 1 1 1 1 1 0 1 0 1 0 0 4 4 0 4 4 0 0 0 29 3 10 9 0 16 8 9 9 0 1 1 1 0 1.6 4 4 4 4 
128 0 0 1 1 1 1 1 0 1 0 1 0 0 2 2 0 2 2 0 0 0 23 2 5 4 0 16 3 4 4 0 1 1 1 0 3.2 2 2 2 2 
129 0 0 1 1 1 1 1 0 1 0 1 0 0 4 4 0 4 4 0 0 0 25 2 7 6 0 16 5 6 6 0 1 1 1 0 2.29 4 4 4 4 
130 0 0 2 2 2 1 6 0 4 1 1 0 0 2 2 0 2 0 0 0 2 50 6 13 6 4 31 7 11 7 4 2 2 2 1 2.38 3 3 3 2 
131 2 2 1 1 1 1 3 0 3 0 1 0 3 10 10 0 10 0 0 1 9 121 16 42 19 15 63 17 28 16 12 1 1 1 0 1.5 10 10 10 10 
132 1 2 1 1 1 1 4 0 3 0 1 0 1 4 4 0 4 0 0 1 3 64 10 20 9 7 34 9 14 8 6 1 1 1 0 1.7 4 4 4 4 
133 6 4 4 4 5 2 16 1 12 1 2 0 4 28 28 11 28 0 2 7 19 663 89 392 120 264 182 216 317 120 197 25 25 27 4 0.46 104 104 127 44 
134 0 0 7 7 8 6 38 3 30 7 1 0 0 2 2 6 2 0 0 0 2 110 11 69 19 49 40 44 59 20 39 9 9 10 4 0.58 14 14 15 11 
135 3 6 2 2 2 1 4 0 4 0 5 0 0 25 25 16 25 5 0 0 20 326 38 154 65 63 142 79 122 66 56 6 6 6 2 0.92 40 40 40 25 
136 0 0 1 1 1 1 1 0 1 0 1 0 0 2 2 0 2 0 0 0 2 38 5 8 7 0 25 4 5 5 0 1 1 1 0 3.13 2 2 2 2 
137 0 0 2 2 2 1 9 0 7 0 2 0 0 17 17 17 17 5 2 3 7 280 48 166 50 85 74 96 132 48 84 7 7 9 3 0.45 36 36 39 20 
138 0 0 3 3 3 1 11 1 8 1 1 0 0 6 6 3 6 2 0 4 0 151 23 60 19 30 68 39 55 23 32 4 4 5 2 1.13 17 17 19 6 
139 12 4 2 2 2 1 8 0 7 1 1 0 0 37 37 7 37 0 2 7 28 477 51 339 113 180 117 171 252 93 159 11 11 12 4 0.35 76 76 78 43 
140 0 0 2 2 2 1 5 0 4 0 3 0 0 22 22 8 22 7 1 0 14 220 39 127 44 60 54 63 99 46 53 5 5 6 2 0.43 33 33 35 22 
420 0 0 1 1 1 1 1 0 1 0 1 0 1 3 3 0 3 0 1 0 2 41 8 10 8 1 23 4 8 8 0 1 1 1 0 2.3 3 3 3 3 
421 2 2 1 1 1 1 2 0 2 0 1 0 2 8 8 1 8 0 1 0 7 79 14 31 26 8 34 12 21 15 6 1 1 1 0 1.1 8 8 8 8 
422 1 1 1 1 1 1 1 0 1 0 1 0 1 3 3 0 3 0 1 0 2 46 7 11 9 1 28 3 7 7 0 1 1 1 0 2.55 3 3 3 3 
141 2 6 4 4 5 1 24 5 17 2 1 0 0 5 5 2 5 2 0 0 3 178 36 108 43 70 34 73 95 43 52 18 18 19 6 0.31 22 22 23 5 
142 2 2 2 2 2 1 6 0 6 0 1 0 0 5 5 7 5 2 0 0 3 81 12 47 19 22 22 27 36 17 19 4 4 5 2 0.47 8 8 9 5 
143 0 0 1 1 1 1 2 0 2 0 1 0 0 6 6 2 6 5 0 0 1 45 7 22 14 4 16 7 14 10 4 1 1 1 0 0.73 6 6 6 6 
423 0 0 1 1 1 1 4 0 4 0 1 0 1 5 5 4 5 5 0 0 0 58 9 33 16 14 16 21 27 16 11 1 1 1 0 0.48 5 5 5 5 
145 10 4 2 2 2 1 7 0 6 0 4 0 0 62 62 13 62 1 0 7 54 685 102 481 167 260 110 207 350 141 209 11 11 12 4 0.23 130 130 133 74 
146 0 0 2 2 2 1 6 0 5 0 1 0 0 14 14 3 14 0 0 0 14 201 20 92 28 46 90 41 66 26 40 6 6 6 4 0.98 24 24 27 19 
424 0 0 1 1 1 1 1 0 1 0 3 0 0 4 4 0 4 0 0 0 4 89 13 13 10 0 63 7 10 10 0 1 1 1 0 4.85 4 4 4 4 
425 3 5 3 3 3 1 13 0 11 2 1 1 1 7 6 1 7 0 1 0 6 203 16 99 37 51 90 52 74 34 40 5 5 5 3 0.91 18 18 18 7 
147 1 2 2 2 2 1 5 0 5 0 2 0 0 11 11 7 11 1 0 0 10 170 24 80 30 29 66 37 56 28 28 4 4 4 2 0.82 18 18 18 11 
484 2 2 2 2 2 1 8 0 8 0 3 0 0 10 10 10 10 1 2 0 7 150 17 107 40 62 26 60 81 40 41 3 3 4 2 0.24 18 18 19 12 
149 0 0 1 1 1 1 3 0 3 0 1 0 0 4 4 0 4 3 0 1 0 45 7 22 13 4 16 9 14 10 4 1 1 1 0 0.73 4 4 4 4 
150 0 0 1 1 1 1 3 0 3 0 1 1 0 3 2 0 3 1 0 1 1 36 5 14 7 3 17 4 8 5 3 1 1 2 0 1.21 3 3 4 3 
151 1 2 2 2 2 2 6 0 6 0 1 0 0 4 4 3 4 1 0 0 3 60 4 36 14 18 20 20 27 11 16 3 3 3 1 0.56 6 6 6 6 
450 12 4 3 3 3 1 14 1 11 1 1 0 0 11 11 16 11 10 0 0 1 230 35 151 41 84 45 77 108 40 68 9 9 10 3 0.3 29 29 30 11 
152 6 7 3 3 4 2 14 0 12 1 1 0 4 43 43 20 43 17 2 0 24 871 87 602 123 390 203 320 458 124 334 24 24 33 5 0.34 139 139 156 67 
153 7 7 3 3 3 1 12 0 10 1 3 16 18 61 45 12 61 10 2 2 47 1147 144 683 176 436 333 321 488 182 306 36 36 40 7 0.49 159 159 166 78 
154 0 0 2 2 2 1 10 0 9 0 1 0 0 5 5 9 5 5 0 0 0 91 10 63 21 31 21 34 48 21 27 5 5 5 4 0.33 12 12 12 5 
155 0 0 2 2 2 1 4 0 4 0 1 0 0 3 3 0 3 2 0 1 0 42 6 20 9 8 16 8 14 8 6 2 2 2 1 0.8 5 5 5 3 
156 12 6 4 4 5 2 25 2 20 2 3 1 1 22 21 20 22 4 12 0 6 701 80 499 154 334 129 289 396 158 238 12 12 13 7 0.26 98 98 103 42 
451 1 3 3 3 4 1 18 1 14 2 1 0 1 10 10 10 10 1 1 0 8 267 37 166 34 108 65 92 123 33 90 4 4 6 3 0.39 26 26 40 10 
157 21 6 2 2 3 1 10 0 8 0 2 7 0 66 59 19 66 21 4 11 30 937 126 664 200 380 153 313 467 160 307 15 15 32 4 0.23 146 146 181 80 
158 0 0 3 3 3 1 11 0 10 1 1 0 0 13 13 16 13 1 1 3 8 213 31 157 47 98 38 93 127 46 81 7 7 8 3 0.24 35 35 42 18 
159 0 0 2 2 2 1 11 1 9 1 1 0 0 13 13 16 13 8 0 1 4 228 32 149 43 91 55 83 112 36 76 7 7 7 3 0.37 28 28 29 13 
160 1 2 2 2 3 1 8 0 8 0 1 0 1 3 3 2 3 0 0 0 3 64 6 30 10 16 28 15 23 10 13 3 3 4 1 0.93 7 7 9 3 
161 0 0 2 2 2 1 8 0 7 1 1 0 0 15 15 7 15 2 4 2 7 204 29 127 37 67 53 67 96 31 65 4 4 4 2 0.42 28 28 31 15 
162 1 2 2 2 2 1 6 0 5 0 1 0 0 8 8 3 8 1 0 0 7 90 14 51 18 24 25 29 43 19 24 4 4 4 3 0.49 15 15 15 8 
163 3 4 1 1 1 1 10 0 10 0 1 0 0 1 1 11 1 0 0 0 1 75 10 27 18 9 38 22 24 17 7 1 1 1 0 1.41 1 1 1 1 
164 0 0 2 2 2 2 5 0 5 0 1 0 0 2 2 0 2 0 0 0 2 43 6 16 9 5 21 5 10 6 4 3 3 3 2 1.31 4 4 4 4 
165 1 2 2 2 2 1 6 0 5 0 3 0 0 26 26 8 26 0 0 5 21 367 41 189 71 79 137 74 131 64 67 9 9 9 3 0.72 46 46 46 26 
166 1 2 3 3 4 1 12 0 11 0 1 0 1 5 5 4 5 0 0 0 5 131 14 68 20 35 49 30 43 18 25 10 10 18 3 0.72 14 14 22 5 
167 1 1 1 1 1 1 3 0 3 0 1 0 0 1 1 0 1 0 0 0 1 36 3 7 4 1 26 3 5 4 1 1 1 1 0 3.71 1 1 1 1 
168 3 6 2 2 2 1 7 0 6 0 2 0 0 13 13 10 13 7 1 0 5 155 24 107 34 54 24 57 80 31 49 4 4 4 2 0.22 21 21 21 13 
169 0 0 2 2 2 1 8 0 7 1 1 0 0 5 5 4 5 0 0 0 5 79 11 47 14 23 21 26 36 14 22 2 2 2 1 0.45 8 8 8 5 
170 1 3 2 2 2 2 5 0 5 0 1 0 0 12 12 2 12 2 1 0 9 135 18 70 24 40 50 33 56 20 36 10 10 10 2 0.71 25 25 25 21 
171 0 0 2 2 2 1 10 0 9 0 1 1 0 9 8 6 9 1 1 1 6 140 18 101 32 65 27 62 81 30 51 4 4 4 2 0.27 19 19 19 11 
172 0 0 1 1 1 1 1 0 1 0 1 0 0 8 8 0 8 8 0 0 0 83 14 13 12 0 56 11 12 12 0 1 1 1 0 4.31 8 8 8 8 
173 0 0 1 1 1 1 1 0 1 0 1 0 0 4 4 0 4 0 0 0 4 40 8 9 8 0 23 7 8 8 0 1 1 1 0 2.56 4 4 4 4 
174 1 3 1 1 1 1 1 0 1 0 1 0 0 6 6 0 6 0 0 0 6 71 11 9 8 0 51 7 8 8 0 1 1 1 0 5.67 6 6 6 6 
175 0 0 1 1 1 1 5 0 5 0 1 0 0 5 5 4 5 5 0 0 0 59 9 32 12 18 18 20 26 11 15 1 1 1 0 0.56 5 5 5 5 
176 0 0 2 2 3 2 11 1 9 1 4 0 1 18 18 13 18 4 4 0 10 307 49 211 67 122 49 105 152 62 90 11 11 18 5 0.23 41 41 51 28 
492 0 0 2 2 2 2 13 1 12 0 1 1 1 9 8 7 9 6 3 0 0 251 23 130 55 83 99 94 115 58 57 7 7 7 3 0.76 20 20 20 15 
177 0 0 3 3 4 2 17 1 14 2 1 0 3 9 9 16 9 3 5 0 1 258 40 162 52 105 71 96 125 47 78 7 7 9 2 0.44 26 26 32 16 
178 1 1 1 1 1 1 1 0 1 0 1 0 0 2 2 0 2 0 0 0 2 42 4 4 4 0 34 3 4 4 0 1 1 1 0 8.5 2 2 2 2 
179 0 0 1 1 1 1 1 0 1 0 1 0 0 4 4 0 4 3 0 0 1 79 8 10 8 0 61 6 7 7 0 1 1 1 0 6.1 4 4 4 4 
180 1 2 1 1 1 1 4 0 3 0 1 0 0 13 13 5 13 3 0 0 10 101 21 61 24 24 19 26 43 21 22 5 5 6 1 0.31 18 18 19 16 
181 1 1 3 3 3 1 13 0 13 0 1 0 0 1 1 0 1 0 0 0 1 40 3 17 5 7 20 7 11 5 6 3 3 3 2 1.18 3 3 3 1 
182 1 2 1 1 1 1 2 0 2 0 1 0 0 7 7 2 7 0 0 2 5 101 11 23 11 4 67 9 15 11 4 1 1 1 0 2.91 7 7 7 7 
183 1 1 2 2 2 2 4 0 4 0 1 0 1 8 8 2 8 0 0 0 8 93 14 41 18 16 38 21 34 16 18 5 5 5 1 0.93 12 12 12 12 
184 2 5 3 3 3 1 18 1 14 1 2 0 7 24 24 16 24 10 7 1 6 590 84 393 121 255 114 241 316 123 193 16 16 16 4 0.29 72 72 77 24 
185 2 6 2 2 2 1 12 1 10 0 2 0 0 14 14 14 14 9 0 0 5 253 40 185 52 109 28 105 143 50 93 5 5 5 2 0.15 33 33 33 14 
186 2 6 2 2 3 1 15 2 11 1 2 0 0 15 15 14 15 12 0 0 3 309 65 205 76 127 42 130 167 67 100 11 11 13 4 0.2 35 35 38 20 
187 0 0 1 1 1 1 6 0 6 0 1 0 0 7 7 7 7 2 0 0 5 91 14 58 22 27 19 25 38 17 21 2 2 2 2 0.33 10 10 10 7 
188 1 5 5 5 6 1 38 6 30 2 1 0 0 4 4 5 4 2 0 0 2 206 33 136 46 101 40 102 122 49 73 15 15 17 5 0.29 20 20 22 4 
189 1 6 2 2 2 1 9 1 8 0 1 0 0 7 7 4 7 4 0 0 3 123 22 77 32 39 24 40 58 28 30 8 8 8 3 0.31 15 15 15 7 
190 0 0 1 1 1 1 1 0 1 0 1 0 0 4 4 1 4 4 0 0 0 34 5 13 10 1 16 9 11 10 1 1 1 1 0 1.23 4 4 4 4 
191 0 0 1 1 1 1 1 0 1 0 1 0 0 8 8 0 8 8 0 0 0 39 6 13 12 0 20 11 12 12 0 1 1 1 0 1.54 8 8 8 8 
192 0 0 1 1 1 1 1 0 1 0 1 0 0 4 4 0 4 2 0 0 2 27 3 8 7 0 16 6 7 7 0 1 1 1 0 2 4 4 4 4 
193 0 0 3 3 4 2 21 2 17 1 2 0 0 25 25 26 25 8 6 4 7 581 97 422 118 309 62 268 349 124 225 18 18 24 4 0.15 83 83 94 38 
194 0 0 2 2 2 1 10 1 9 0 1 0 0 6 6 8 6 2 0 0 4 107 17 72 23 39 18 37 52 19 33 3 3 3 1 0.25 13 13 13 6 
452 8 4 3 3 3 1 14 1 11 1 4 0 0 35 35 10 35 2 5 1 27 668 91 427 128 281 150 224 326 131 195 26 26 31 4 0.35 98 98 117 50 
453 5 3 2 2 2 1 7 0 6 0 1 0 0 11 11 1 11 0 2 1 8 158 23 84 32 37 51 33 60 28 32 12 12 13 3 0.61 23 23 25 11 
195 0 0 1 1 1 1 1 0 1 0 1 0 0 4 4 0 4 0 0 0 4 37 8 9 8 0 20 7 8 8 0 1 1 1 0 2.22 4 4 4 4 
196 0 0 1 1 1 1 4 0 4 0 1 0 1 7 7 2 7 0 0 0 7 72 15 37 16 15 20 18 28 16 12 4 4 4 2 0.54 10 10 10 7 
197 0 0 3 3 3 1 10 0 8 1 2 10 1 12 2 0 12 0 5 2 5 206 21 117 43 66 68 52 80 41 39 5 5 5 4 0.58 30 30 30 16 
198 0 0 1 1 1 1 1 0 1 0 1 0 0 1 1 0 1 0 0 0 1 34 2 4 3 0 28 2 3 3 0 1 1 1 0 7 1 1 1 1 
199 0 0 1 1 1 1 1 0 1 0 1 0 0 12 12 0 12 12 0 0 0 112 15 15 14 0 82 13 14 14 0 1 1 1 0 5.47 12 12 12 12 
200 0 0 1 1 1 1 5 0 5 0 1 0 0 14 14 6 14 0 1 0 13 124 18 82 28 45 35 39 60 27 33 5 5 5 2 0.43 20 20 20 14 
201 0 0 4 4 4 1 13 0 13 0 1 3 0 12 9 2 12 0 1 6 5 350 20 178 56 98 157 91 135 56 79 7 7 7 5 0.88 43 43 50 16 
202 0 0 5 3 5 2 21 0 21 0 1 0 0 5 5 5 5 0 0 1 4 198 13 113 22 79 72 70 88 23 65 12 10 13 3 0.64 25 17 26 8 
203 0 0 4 4 5 1 15 0 13 0 4 5 12 80 77 40 82 0 14 22 46 1864 142 1244 270 865 480 692 944 279 665 63 48 64 6 0.39 338 295 380 114 
204 0 0 0 0 0 0 0 0 0 0 1 0 0 0 0 38 0 0 0 0 0 125 6 76 75 71 43 39 40 40 0 0 0 0 0 0.57 0 0 0 0 
205 0 0 10 8 11 5 31 0 31 0 1 3 10 36 33 11 36 0 28 1 7 1260 19 1228 172 892 13 582 830 146 684 171 113 179 6 0.01 366 275 378 194 
206 0 0 1 1 1 1 4 0 4 0 1 2 0 7 5 8 7 0 0 0 7 124 15 39 17 8 70 16 25 17 8 1 2 1 1 1.79 7 8 7 7 
207 0 0 3 2 3 1 10 0 10 0 1 2 4 6 4 1 6 0 0 2 4 141 14 73 17 50 54 37 47 17 30 12 4 13 3 0.74 18 10 19 6 
208 0 0 1 1 1 1 2 0 2 0 5 0 0 13 15 5 15 0 0 0 15 107 25 48 22 18 34 20 35 19 16 3 3 4 1 0.71 18 18 20 15 
209 5 5 3 3 3 2 10 0 9 0 3 2 1 28 26 7 28 0 0 0 28 468 58 304 101 192 123 153 234 90 144 13 13 13 4 0.4 78 78 86 44 
210 1 5 2 2 2 1 8 0 6 1 6 0 3 24 24 24 24 1 0 2 21 360 57 221 92 111 100 120 172 78 94 9 9 11 4 0.45 46 46 49 29 
211 1 5 2 2 2 1 9 0 8 1 5 0 0 24 24 17 24 2 7 2 13 337 36 224 73 121 90 93 140 63 77 5 5 5 2 0.4 50 50 50 26 
454 0 0 2 2 2 1 8 0 7 0 6 3 3 33 30 18 33 5 3 0 25 468 73 283 87 165 112 153 215 77 138 6 6 6 3 0.4 58 58 59 41 
212 3 4 2 2 2 1 5 0 5 0 2 0 0 9 9 4 9 0 1 1 7 109 19 58 24 26 32 27 40 20 20 3 3 3 1 0.55 14 14 14 9 
213 6 4 2 2 2 1 8 0 6 0 5 0 0 13 15 9 15 0 0 3 12 233 32 114 36 60 87 53 80 34 46 6 6 7 3 0.76 29 29 30 18 
214 0 0 1 1 1 1 1 0 1 0 1 0 0 4 4 0 4 0 0 0 4 176 9 9 8 0 158 7 8 8 0 1 1 1 0 17.56 4 4 4 4 
215 0 0 2 2 2 1 3 0 3 0 1 0 0 6 6 1 6 0 0 1 5 71 8 26 12 12 37 11 19 10 9 3 3 3 1 1.42 9 9 9 6 
216 0 0 2 2 2 2 12 0 8 3 2 0 0 8 8 3 8 0 1 0 7 139 16 82 28 45 42 47 66 28 38 5 5 5 1 0.51 19 19 19 13 
427 1 4 2 2 2 1 8 0 6 0 2 0 2 11 11 8 11 1 0 2 8 164 26 98 39 53 41 50 73 35 38 6 6 6 3 0.42 20 20 21 16 
217 3 4 2 2 2 1 6 0 6 0 4 0 0 30 30 8 30 0 1 1 28 292 37 207 69 104 48 84 133 54 79 6 6 7 2 0.23 52 52 55 38 
218 1 2 1 1 1 1 3 0 3 0 1 0 0 8 8 1 8 0 0 0 8 93 12 40 19 13 41 14 24 13 11 2 2 2 1 1.02 9 9 9 8 
219 1 3 2 2 2 1 7 0 7 0 2 0 0 19 19 4 19 0 0 0 19 286 30 173 68 96 88 89 139 62 77 8 8 8 3 0.51 43 43 46 21 
220 0 0 3 3 3 2 12 0 11 0 1 0 0 9 9 6 9 0 4 0 5 189 17 119 34 74 53 64 90 30 60 6 6 6 3 0.45 25 25 26 20 
221 1 3 3 3 3 2 9 0 8 0 1 0 0 11 11 7 11 0 1 2 8 237 26 113 29 61 102 48 79 24 55 8 8 8 4 0.9 33 33 34 26 
222 1 1 1 1 1 1 1 0 1 0 3 0 1 7 7 1 7 0 0 0 7 67 9 26 7 16 32 11 18 12 6 1 1 1 0 1.23 7 7 7 7 
223 0 0 1 1 1 1 1 0 1 0 1 0 1 3 3 0 3 0 0 0 3 98 8 8 7 1 82 6 7 7 0 1 1 1 0 10.25 3 3 3 3 
224 1 4 6 6 6 5 31 3 24 3 2 0 2 9 9 18 9 1 1 0 7 354 55 257 63 162 44 138 192 60 132 18 18 22 6 0.17 53 53 58 43 
225 0 0 1 1 1 1 4 0 4 0 2 0 0 15 15 3 15 0 0 2 13 150 23 74 28 37 56 44 66 30 36 4 4 4 2 0.76 22 22 22 15 
226 1 6 1 1 1 1 2 0 2 0 21 0 12 74 74 4 74 0 0 11 63 700 66 278 125 127 361 127 184 123 61 5 5 5 2 1.3 83 83 87 78 
227 6 7 3 3 3 2 11 0 10 0 15 0 1 64 64 11 64 15 2 10 37 909 80 740 262 437 104 348 528 222 306 12 12 13 5 0.14 164 164 175 112 
228 3 4 3 3 3 2 15 0 13 0 18 13 0 48 35 10 48 9 1 0 38 602 59 402 86 288 143 183 283 102 181 10 10 13 2 0.36 126 126 162 89 
229 2 4 2 2 2 1 5 0 5 0 3 0 0 9 9 5 9 0 0 0 9 173 17 70 29 26 87 29 47 24 23 3 3 3 2 1.24 15 15 15 9 
230 7 6 2 2 2 2 6 0 5 0 13 2 0 97 95 53 97 10 0 2 85 1105 124 740 289 336 242 316 492 216 276 6 6 6 3 0.33 173 173 197 149 
231 0 0 1 1 1 1 1 0 1 0 1 0 0 1 1 0 1 0 0 0 1 42 4 7 6 0 31 4 5 5 0 1 1 1 0 4.43 1 1 1 1 
232 0 0 1 1 1 1 5 0 5 0 1 0 0 4 4 1 4 0 0 0 4 82 7 26 9 12 50 15 21 9 12 2 2 2 1 1.92 5 5 5 4 
233 0 0 3 3 4 1 11 0 10 1 1 0 0 5 5 3 5 3 1 1 0 137 18 63 22 39 56 38 55 24 31 9 9 10 3 0.89 17 17 18 5 
234 0 0 2 2 2 1 8 1 6 0 4 1 0 13 12 6 13 2 1 3 7 219 39 104 41 49 76 57 80 38 42 3 3 3 2 0.73 22 22 22 15 
235 1 4 1 1 1 1 1 0 1 0 1 0 0 1 1 0 1 0 0 0 1 53 5 7 6 0 41 5 6 6 0 1 1 1 0 5.86 1 1 1 1 
236 0 0 2 2 2 1 11 0 9 1 4 1 3 9 8 8 9 0 0 1 8 207 22 101 39 51 86 54 76 39 37 5 5 6 3 0.85 17 17 18 11 
237 1 1 1 1 1 1 3 0 3 0 2 0 0 5 5 1 5 0 0 2 3 79 8 22 10 7 49 8 13 9 4 1 1 1 0 2.23 5 5 5 5 
238 1 1 2 2 2 2 7 0 7 0 1 0 0 5 5 2 5 0 0 1 4 85 9 44 13 19 32 16 28 10 18 5 5 5 4 0.73 12 12 12 11 
239 4 4 2 2 2 1 11 0 10 1 3 1 0 23 22 5 23 1 1 0 21 270 32 171 44 110 69 79 113 50 63 5 5 5 3 0.4 39 39 41 31 
240 0 0 2 2 2 2 4 0 4 0 1 0 0 9 9 2 9 0 0 3 6 104 14 53 22 26 38 29 44 18 26 6 6 6 3 0.72 17 17 18 14 
241 2 3 2 2 2 2 7 0 7 0 1 0 3 11 11 4 11 0 0 1 10 192 24 100 33 60 69 52 79 28 51 9 9 9 2 0.69 27 27 27 19 
242 0 0 3 3 3 2 14 1 9 3 1 0 0 9 9 10 9 0 2 1 6 284 35 106 37 61 148 66 88 36 52 11 11 12 3 1.4 24 24 26 14 
243 0 0 2 2 2 1 5 0 4 1 1 0 0 3 3 1 3 1 0 2 0 86 7 20 9 7 59 8 13 7 6 2 2 2 1 2.95 5 5 5 3 
244 13 5 2 2 2 1 7 0 7 0 6 0 0 54 54 28 54 1 2 3 48 864 86 464 182 223 321 239 340 158 182 7 7 7 3 0.69 91 91 91 58 
245 1 4 1 1 1 1 4 0 3 0 3 0 0 20 20 8 20 1 0 0 19 167 28 115 59 37 24 47 72 41 31 2 2 2 1 0.21 26 26 26 20 
428 0 0 3 3 3 2 10 0 9 0 1 1 0 6 5 1 6 0 1 0 5 124 13 69 20 33 42 24 52 23 29 10 10 10 3 0.61 20 20 20 13 
246 6 4 3 3 3 2 12 1 10 0 2 0 0 22 22 10 22 0 2 0 20 407 64 276 92 178 73 152 216 87 129 9 9 9 4 0.26 60 60 64 33 
247 0 0 2 2 2 1 8 0 7 0 5 0 0 37 37 22 37 1 0 1 35 467 62 321 139 160 105 190 256 130 126 6 6 6 3 0.33 59 59 59 43 
248 3 5 1 1 1 1 3 0 3 0 7 0 4 24 24 2 24 0 0 10 14 349 35 129 57 57 186 52 84 47 37 6 6 6 1 1.44 29 29 29 29 
249 4 5 2 2 2 2 9 0 8 0 1 0 0 7 7 1 7 0 0 1 6 148 15 76 30 40 57 38 56 25 31 7 7 7 6 0.75 16 16 16 15 
493 1 1 3 3 4 3 12 1 10 1 1 0 0 4 4 1 4 0 0 0 4 98 12 52 21 31 36 30 43 20 23 7 7 9 2 0.69 12 12 14 10 
494 3 3 2 2 2 1 6 0 6 0 3 0 1 30 30 10 30 1 1 0 28 407 37 227 72 112 150 112 164 70 94 7 7 7 5 0.66 46 46 47 37 
495 1 1 4 4 4 2 22 2 15 4 1 0 0 4 4 6 4 0 0 0 4 200 20 74 20 43 106 38 53 19 34 9 9 9 5 1.43 14 14 14 9 
250 1 1 1 1 1 1 4 0 4 0 1 8 0 15 7 0 15 0 1 0 14 196 19 71 36 31 109 19 35 20 15 1 1 1 0 1.54 15 15 15 15 
251 4 3 3 3 3 2 9 0 8 0 4 8 4 29 21 11 29 1 2 4 22 588 49 289 94 169 252 126 185 64 121 25 22 29 3 0.87 79 73 92 47 
252 0 0 2 2 2 1 8 0 7 0 5 0 0 21 21 7 21 2 0 0 19 294 36 188 76 98 74 109 154 85 69 5 5 5 2 0.39 38 38 38 21 
253 1 3 2 2 2 1 7 0 7 1 1 0 0 6 6 8 6 5 0 0 1 93 10 57 20 28 41 34 45 19 26 2 2 2 1 0.72 10 10 10 6 
254 5 5 3 3 3 2 11 1 9 0 3 0 0 25 25 15 25 0 0 0 25 413 62 290 107 186 68 170 234 92 142 9 9 9 2 0.23 63 63 67 40 
255 0 0 3 3 3 3 10 0 9 1 1 0 0 2 2 0 2 1 0 1 0 45 4 23 6 11 18 7 13 5 8 4 4 4 3 0.78 5 5 5 5 
256 2 5 2 2 2 1 7 0 6 1 1 0 0 9 9 5 9 2 1 0 6 135 17 74 26 37 52 39 55 20 35 5 5 6 3 0.7 17 17 18 13 
257 0 0 1 1 1 1 4 0 3 0 1 0 0 5 5 2 5 0 0 0 5 63 11 29 15 7 23 11 18 11 7 2 2 2 1 0.79 6 6 6 5 
258 0 0 1 1 1 1 3 0 3 0 1 0 0 3 3 0 3 0 0 0 3 47 10 16 8 7 21 9 13 7 6 1 1 1 0 1.31 3 3 3 3 
259 1 3 2 2 2 2 6 0 6 0 1 0 0 6 6 1 6 0 0 1 5 87 11 51 21 28 25 27 41 17 24 7 7 7 2 0.49 14 14 14 12 
260 0 0 1 1 1 1 4 0 4 0 1 0 0 5 5 2 5 0 0 3 2 66 11 31 15 10 24 14 21 12 9 2 2 3 1 0.77 6 6 7 5 
261 0 0 2 2 2 1 6 0 6 0 1 1 0 14 13 1 14 0 0 0 14 239 27 106 41 58 107 54 87 41 46 8 8 9 3 1.01 30 30 31 18 
262 2 3 2 2 2 1 9 0 8 0 1 0 0 10 10 2 10 0 1 0 9 154 21 107 42 58 26 64 88 45 43 6 6 6 4 0.24 23 23 23 10 
263 2 3 1 1 1 1 4 0 4 0 2 0 0 7 7 1 7 0 0 0 7 74 10 35 15 14 29 13 22 13 9 2 2 2 1 0.83 8 8 8 7 
264 0 0 3 3 3 3 9 0 9 1 1 0 0 6 6 3 6 0 1 0 5 120 10 69 18 38 48 31 48 14 34 6 6 6 3 0.7 17 17 17 17 
265 0 0 2 2 2 1 6 0 6 0 1 0 0 5 5 2 5 0 0 0 5 84 11 40 19 15 33 17 25 13 12 4 4 5 1 0.82 8 8 9 7 
266 0 0 1 1 1 1 3 0 3 0 1 0 0 8 8 3 8 0 0 1 7 86 14 44 22 14 28 17 27 15 12 2 2 2 1 0.64 9 9 9 8 
267 1 2 1 1 1 1 3 0 3 0 1 0 0 3 3 3 3 0 0 0 3 51 9 18 9 5 24 9 13 8 5 1 1 1 0 1.33 3 3 3 3 
268 0 0 1 1 1 1 4 0 4 0 2 0 0 13 13 2 13 0 0 5 8 219 18 68 27 29 134 29 47 23 24 5 3 5 1 1.97 19 17 19 13 
429 1 4 1 1 1 1 6 0 5 0 4 0 2 7 7 0 7 0 0 4 3 103 9 50 17 32 45 26 35 20 15 2 2 2 1 0.9 8 8 8 7 
269 0 0 1 1 1 1 1 0 1 0 1 0 0 11 11 0 11 11 0 0 0 169 16 22 21 0 131 18 19 19 0 1 1 1 0 5.95 11 11 11 11 
270 0 0 1 1 1 1 2 0 2 0 1 0 0 22 22 1 22 0 0 1 21 211 17 74 42 23 120 39 54 35 19 2 2 3 1 1.62 24 24 25 22 
496 4 2 2 2 2 1 9 0 7 1 4 0 0 12 12 6 12 0 1 0 11 299 26 113 42 53 163 57 88 45 43 5 5 5 2 1.44 26 26 27 14 
497 5 4 2 2 2 1 9 0 9 0 2 0 0 10 10 4 10 0 2 0 8 254 16 104 34 54 136 49 71 32 39 5 5 5 5 1.31 19 19 19 10 
498 2 2 1 1 1 1 1 0 1 0 1 0 0 1 1 0 1 0 0 0 1 35 5 7 6 0 25 5 6 6 0 1 1 1 0 3.57 1 1 1 1 
271 1 3 1 1 1 1 4 0 4 0 3 5 5 23 18 1 23 0 0 0 23 921 34 111 51 53 779 55 77 49 28 2 2 2 0 7.02 25 25 25 23 
272 0 0 1 1 1 1 3 0 3 0 1 0 0 8 8 1 8 0 0 0 8 74 12 37 20 8 25 11 20 12 8 1 1 1 0 0.68 8 8 8 8 
273 0 0 1 1 1 1 4 0 4 0 1 0 0 4 4 2 4 0 0 2 2 67 8 30 14 11 29 14 20 11 9 2 2 2 1 0.97 5 5 5 4 
274 2 4 7 7 8 4 32 2 25 7 1 0 0 5 5 5 5 1 3 1 0 276 21 139 28 87 134 73 111 34 77 18 18 21 4 0.96 37 37 41 18 
275 0 0 1 1 1 1 4 0 4 0 1 0 2 9 9 1 9 0 0 0 9 181 18 48 22 19 115 23 37 19 18 3 3 3 2 2.4 13 13 13 11 
276 2 6 3 2 4 2 9 1 8 0 1 0 13 21 21 7 21 0 2 0 19 437 71 208 54 144 162 115 159 50 109 15 7 15 2 0.78 66 46 77 35 
277 2 3 1 1 1 1 1 0 1 0 1 0 0 1 1 0 1 0 0 0 1 38 4 6 5 0 28 4 5 5 0 1 1 1 0 4.67 1 1 1 1 
278 2 2 1 1 1 1 3 0 3 0 3 0 0 10 10 6 10 0 0 0 10 116 22 50 22 13 45 22 35 22 13 1 1 1 0 0.9 10 10 10 10 
279 3 4 1 1 1 1 5 0 5 0 1 0 0 8 8 1 8 0 0 1 7 102 15 58 30 21 29 28 39 25 14 3 3 3 2 0.5 10 10 11 8 
430 0 0 2 2 2 2 3 0 3 0 2 0 0 4 4 0 4 1 0 3 0 50 8 23 12 9 19 12 17 12 5 3 3 4 3 0.83 6 6 7 6 
280 5 4 2 2 2 1 10 1 8 0 3 0 0 16 16 8 16 0 0 1 15 236 41 167 69 100 32 95 124 55 69 6 6 7 3 0.19 27 27 31 18 
281 0 0 1 1 1 1 2 0 2 0 1 2 0 10 8 0 10 0 0 0 10 108 13 25 16 10 70 12 23 13 10 1 1 1 0 2.8 10 10 10 10 
282 1 4 3 3 3 2 6 0 6 0 1 0 0 12 12 6 12 0 0 1 11 205 19 98 33 67 88 59 90 28 62 18 18 18 2 0.9 40 40 40 29 
283 0 0 4 4 7 3 19 0 16 2 1 0 0 4 4 7 4 0 0 2 2 154 12 83 25 49 62 40 55 21 34 11 11 20 5 0.75 17 17 26 11 
284 3 4 2 2 2 2 9 0 8 1 1 0 1 9 9 10 9 1 0 1 7 172 21 100 35 58 65 57 76 27 49 4 4 4 3 0.65 20 20 20 16 
285 2 2 1 1 1 1 4 0 4 0 4 2 3 22 20 14 22 0 1 0 21 303 30 133 56 53 141 62 93 49 44 3 3 3 2 1.06 27 27 27 22 
286 2 3 3 3 3 2 14 1 12 1 4 1 0 11 10 9 11 1 0 0 10 255 36 154 50 91 65 91 126 53 73 8 8 8 4 0.42 33 33 34 19 
287 1 2 2 2 2 1 7 0 4 2 1 0 1 8 8 2 8 0 0 4 4 161 22 41 16 17 98 23 35 18 17 3 3 5 1 2.39 13 13 15 8 
288 0 0 3 3 3 2 13 0 11 1 13 1 1 51 50 14 51 7 1 2 41 999 122 647 176 358 230 320 488 154 334 14 14 14 4 0.36 155 155 161 107 
289 0 0 1 1 1 1 4 0 4 0 1 0 0 1 1 1 1 0 0 0 1 39 5 8 5 2 26 4 6 4 2 1 1 1 0 3.25 1 1 1 1 
290 1 3 2 2 2 1 7 0 6 0 5 2 0 24 22 9 24 0 5 5 14 311 46 187 63 89 78 84 126 47 79 5 5 7 2 0.42 43 43 49 31 
431 2 4 2 2 2 2 8 0 6 1 3 0 0 8 8 4 8 0 0 1 7 112 17 61 24 31 35 34 51 24 27 5 5 5 1 0.57 16 16 17 12 
432 0 0 1 1 1 1 2 0 2 0 1 0 0 5 5 1 5 0 0 0 5 51 9 22 13 3 20 6 12 9 3 1 1 1 0 0.91 5 5 5 5 
291 2 3 1 1 1 1 1 0 1 0 1 0 0 7 7 0 7 0 0 0 7 118 12 14 13 1 92 11 13 12 1 1 1 1 0 6.57 7 7 7 7 
292 0 0 3 3 3 2 8 0 8 0 1 0 0 6 6 3 6 0 0 1 5 110 11 67 24 39 32 33 49 20 29 7 7 7 2 0.48 16 16 19 14 
293 0 0 5 5 5 4 25 2 19 4 1 1 2 5 4 6 5 0 0 1 4 191 22 112 33 57 57 52 75 31 44 14 14 18 5 0.51 23 23 27 19 
294 0 0 1 1 1 1 6 0 5 0 2 0 0 10 10 1 10 1 0 0 9 115 11 56 19 27 48 20 32 19 13 3 3 3 1 0.86 13 13 13 10 
295 0 0 3 3 3 2 9 0 9 0 1 0 0 5 5 1 5 0 0 0 5 162 11 55 17 29 97 33 47 20 27 5 5 5 1 1.76 13 13 13 9 
296 0 0 2 2 2 1 7 0 7 0 3 0 0 28 28 12 28 0 2 1 25 386 43 249 94 121 103 137 194 86 108 6 6 8 3 0.41 60 60 63 32 
297 0 0 2 2 2 1 4 0 4 0 1 0 0 12 12 4 12 1 1 0 10 187 17 61 22 31 109 32 46 22 24 7 7 7 2 1.79 18 18 18 15 
298 0 0 1 1 1 1 3 0 3 0 1 0 0 8 8 1 8 0 0 0 8 108 12 37 19 12 59 15 22 15 7 2 2 3 1 1.59 9 9 10 8 
299 0 0 2 2 2 2 6 0 6 0 2 1 4 4 3 1 4 0 2 0 2 125 11 35 13 16 79 14 24 12 12 5 5 5 1 2.26 8 8 8 8 
300 0 0 1 1 1 1 5 0 5 0 2 0 0 9 9 1 9 1 0 0 8 108 10 51 19 24 47 19 30 18 12 3 3 3 1 0.92 12 12 12 9 
301 0 0 1 1 1 1 6 0 5 0 2 0 0 10 10 1 10 1 0 0 9 115 11 56 19 27 48 20 32 19 13 3 3 3 1 0.86 13 13 13 10 
302 0 0 1 1 1 1 6 0 5 0 2 0 1 9 9 1 9 1 0 0 8 115 11 49 18 24 55 20 33 18 15 4 4 4 1 1.12 12 12 12 12 
303 0 0 1 1 1 1 6 0 5 0 2 0 1 10 10 1 10 1 0 0 9 125 13 55 20 29 57 23 37 21 16 4 4 4 1 1.04 13 13 13 13 
304 0 0 1 1 1 1 6 0 5 0 2 0 0 10 10 1 10 1 0 0 9 115 11 56 19 27 48 20 32 19 13 3 3 3 1 0.86 13 13 13 10 
305 0 0 1 1 1 1 1 0 1 0 1 0 0 5 5 0 5 0 0 0 5 73 10 17 14 1 46 10 12 11 1 1 1 1 0 2.71 5 5 5 5 
306 0 0 1 1 1 1 4 0 4 0 3 0 0 19 19 8 19 0 1 0 18 195 28 115 59 39 52 49 74 42 32 4 4 5 1 0.45 24 24 25 22 
307 0 0 2 2 2 2 5 0 5 0 1 0 0 5 5 0 5 0 0 0 5 66 7 37 17 18 22 17 26 12 14 4 4 4 1 0.59 10 10 10 8 
308 0 0 2 2 2 2 6 0 6 0 1 0 0 5 5 0 5 0 0 0 5 69 6 41 17 21 22 18 28 12 16 4 4 4 1 0.54 11 11 11 8 
309 0 0 2 2 2 2 6 0 6 0 1 0 0 5 5 0 5 0 0 0 5 68 7 41 17 21 20 18 28 12 16 4 4 4 1 0.49 11 11 11 8 
310 0 0 1 1 1 1 1 0 1 0 1 0 0 5 5 0 5 0 0 0 5 72 8 17 13 4 47 12 13 10 3 1 1 1 0 2.76 5 5 5 5 
311 3 4 2 2 3 2 9 0 9 0 3 0 0 15 15 6 15 0 0 4 11 246 23 179 70 98 45 98 136 59 77 10 10 10 3 0.25 37 37 38 24 
312 2 2 7 7 7 1 29 3 25 0 1 0 0 4 4 1 4 0 2 0 2 184 23 126 55 75 35 81 110 60 50 21 21 21 4 0.28 27 27 27 4 
313 3 4 2 2 2 1 8 0 7 0 3 0 0 15 15 6 15 0 0 5 10 239 30 152 61 79 59 78 108 49 59 8 8 8 2 0.39 31 31 33 22 
314 2 3 1 1 2 1 5 0 5 0 1 0 0 10 10 2 10 0 0 0 10 155 18 77 35 33 60 37 51 27 24 3 3 4 1 0.78 13 13 15 10 
315 2 3 3 3 4 2 11 0 10 0 2 2 0 18 16 13 18 1 5 0 12 343 37 232 70 145 86 131 183 67 116 12 12 17 5 0.37 55 55 65 39 
316 2 3 2 2 2 1 7 0 6 0 3 0 0 29 29 15 29 0 8 1 20 318 49 235 81 122 64 115 177 67 110 11 11 12 3 0.27 61 61 71 34 
317 0 0 2 2 2 2 7 0 6 0 1 0 0 6 6 0 6 0 0 1 5 90 14 51 19 29 26 27 38 14 24 3 3 5 1 0.51 10 10 12 10 
433 2 3 2 2 2 1 6 0 5 0 6 0 1 22 22 5 22 0 0 6 16 265 30 156 52 85 80 68 106 49 57 5 5 5 3 0.51 36 36 36 30 
434 0 0 3 3 3 2 11 0 10 1 1 0 0 6 6 1 6 0 0 1 5 116 11 74 25 43 32 38 57 23 34 7 7 7 5 0.43 15 15 17 14 
318 2 3 3 3 3 2 8 0 7 0 1 0 0 13 13 5 13 0 0 0 13 191 29 127 49 72 42 78 111 45 66 6 6 6 3 0.33 33 33 33 20 
319 2 2 2 2 3 1 11 1 9 1 2 0 0 19 19 6 19 0 0 0 19 212 38 150 39 103 42 73 111 43 68 6 6 11 2 0.28 37 37 49 25 
320 2 3 2 2 3 1 11 1 10 0 3 0 0 23 23 3 23 0 2 1 20 261 40 200 55 122 28 96 150 61 89 5 5 7 3 0.14 53 53 61 34 
435 0 0 2 2 3 2 10 0 9 1 1 0 0 6 6 1 6 0 0 1 5 118 11 71 26 40 37 38 55 23 32 5 5 5 4 0.52 14 14 16 12 
436 2 3 2 2 2 1 3 0 3 0 3 0 0 17 19 5 19 0 0 2 17 174 35 95 45 41 47 43 68 33 35 7 5 7 3 0.49 30 28 30 25 
437 0 0 2 2 2 2 6 0 6 0 1 0 0 8 8 2 8 0 0 1 7 104 17 60 23 34 28 33 46 18 28 3 3 6 1 0.47 12 12 16 12 
321 2 3 1 1 1 1 1 0 1 0 1 0 0 3 3 0 3 0 0 0 3 41 7 14 11 1 20 9 11 10 1 1 1 1 0 1.43 3 3 3 3 
322 1 2 2 2 2 1 7 0 7 0 1 0 0 8 8 6 8 0 0 3 5 118 18 79 32 40 24 43 58 26 32 4 4 4 1 0.3 17 17 18 8 
323 3 4 2 2 2 2 4 0 4 0 1 0 0 8 8 1 8 0 0 0 8 86 13 54 26 29 19 28 44 20 24 7 7 7 2 0.35 16 16 16 14 
324 4 3 1 1 1 1 12 2 9 1 1 0 0 7 7 8 7 0 0 0 7 142 29 91 45 53 26 61 71 35 36 4 4 4 1 0.29 10 10 10 7 
325 0 0 1 1 1 1 1 0 1 0 1 0 0 7 7 0 7 0 0 0 7 87 10 12 11 0 65 10 11 11 0 1 1 1 0 5.42 7 7 7 7 
326 0 0 2 2 2 1 5 0 5 0 1 0 0 10 10 6 10 0 0 0 10 118 20 77 32 32 21 40 54 24 30 3 3 3 2 0.27 15 15 15 12 
327 0 0 1 1 1 1 3 0 3 0 1 0 0 1 1 0 1 0 0 0 1 28 2 6 3 1 20 2 4 3 1 1 1 1 0 3.33 1 1 1 1 
328 1 4 2 2 2 1 9 0 8 1 1 0 1 23 23 5 23 0 2 4 17 310 36 213 64 133 70 106 153 50 103 7 7 8 3 0.33 49 49 52 23 
329 0 0 2 2 2 1 7 0 6 1 1 0 1 9 9 3 9 0 1 1 7 139 15 70 26 38 57 34 49 19 30 8 8 8 4 0.81 17 17 17 9 
485 1 1 1 1 1 1 4 0 4 0 1 0 0 16 16 3 16 0 1 0 15 132 21 92 37 44 19 48 67 30 37 2 2 2 1 0.21 18 18 18 16 
486 1 2 1 1 1 1 3 0 3 0 1 0 0 8 8 3 8 0 0 0 8 69 12 38 16 13 19 18 27 14 13 1 1 1 0 0.5 8 8 8 8 
330 1 1 1 1 1 1 3 0 3 0 1 0 0 8 8 2 8 0 0 0 8 77 12 44 23 13 21 19 28 16 12 1 1 1 0 0.48 8 8 8 8 
331 0 0 1 1 1 1 4 0 3 0 1 0 0 11 11 2 11 0 0 0 11 102 14 55 27 18 33 24 36 20 16 1 1 1 0 0.6 11 11 11 11 
457 0 0 2 2 2 2 9 0 8 1 1 0 0 14 14 1 14 0 1 0 13 251 20 124 40 82 108 81 112 37 75 9 9 9 2 0.87 32 32 32 26 
458 0 0 2 2 3 1 8 0 8 0 1 0 1 12 12 1 12 0 0 0 12 193 17 107 31 63 69 59 84 30 54 4 4 7 2 0.64 25 25 31 12 
332 1 5 1 1 1 1 3 0 3 0 1 1 0 21 20 2 21 0 0 1 20 290 27 91 46 32 174 40 62 37 25 4 4 4 2 1.91 28 28 28 21 
333 2 4 2 2 2 1 7 0 6 0 3 5 1 34 29 7 34 0 1 4 29 525 54 279 101 149 198 128 196 81 115 7 7 8 3 0.71 63 63 71 36 
334 0 0 2 2 2 1 4 0 4 0 1 0 0 2 2 1 2 0 0 1 1 53 8 13 6 5 32 6 10 6 4 2 2 2 1 2.46 3 3 3 2 
335 0 0 2 2 2 1 7 0 6 0 1 1 0 16 15 4 16 0 1 0 15 193 24 127 48 57 42 51 84 38 46 8 8 9 2 0.33 28 28 29 16 
336 2 4 2 2 2 1 4 0 4 0 1 0 0 9 9 1 9 0 0 2 7 119 15 47 20 20 58 24 35 18 17 4 4 4 2 1.23 15 15 15 9 
337 0 0 1 1 1 1 1 0 1 0 1 0 0 6 6 0 6 0 0 0 6 61 9 11 10 0 41 8 10 10 0 1 1 1 0 3.73 6 6 6 6 
459 0 0 2 2 2 1 5 0 5 0 1 0 0 4 4 1 4 0 0 0 4 58 8 29 13 11 21 13 21 11 10 3 3 3 2 0.72 7 7 7 4 
338 0 0 2 2 2 1 6 0 6 0 2 0 2 7 7 3 7 0 0 1 6 143 18 58 23 32 67 32 45 23 22 7 7 9 3 1.16 14 14 16 7 
339 0 0 1 1 1 1 2 0 2 0 1 0 0 4 4 1 4 0 0 0 4 74 9 13 8 3 52 7 10 8 2 1 1 1 0 4 4 4 4 4 
340 0 0 1 1 1 1 3 0 3 0 1 0 0 1 1 0 1 0 0 0 1 33 3 7 4 1 23 3 5 4 1 1 1 1 0 3.29 1 1 1 1 
341 0 0 1 1 1 1 3 0 3 0 1 0 0 1 1 0 1 0 0 0 1 31 3 7 4 1 21 3 5 4 1 1 1 1 0 3 1 1 1 1 
342 0 0 11 11 12 1 76 14 62 0 1 1 0 1 0 0 1 0 0 0 1 110 19 67 16 52 24 30 39 16 23 11 11 12 2 0.36 11 11 12 1 
343 0 0 5 5 5 1 28 5 22 0 1 2 0 2 0 0 2 0 1 0 1 96 17 53 19 37 26 34 44 19 25 8 8 8 3 0.49 9 9 9 2 
344 6 5 2 2 3 1 11 0 10 0 3 0 2 19 19 11 19 2 0 0 17 399 36 237 71 140 128 121 169 62 107 5 5 6 3 0.54 45 45 49 19 
345 2 3 2 2 3 1 14 0 11 1 2 0 0 7 7 4 7 0 0 2 5 186 19 101 34 57 70 52 70 29 41 9 9 10 3 0.69 16 16 18 7 
499 3 2 2 2 2 1 7 0 7 0 2 0 1 24 24 5 24 0 1 2 21 329 36 208 65 99 87 77 131 52 79 5 5 5 2 0.42 45 45 49 24 
347 0 0 3 3 3 1 18 1 13 4 2 0 1 11 11 5 11 0 1 0 10 330 34 169 36 98 127 62 108 30 78 13 13 14 5 0.75 33 33 34 16 
349 0 0 1 1 1 1 2 0 2 0 2 1 2 8 7 0 8 0 0 0 8 77 13 34 21 7 30 9 19 14 5 1 1 1 0 0.88 8 8 8 8 
350 0 0 1 1 1 1 3 0 3 0 1 0 0 1 1 0 1 0 0 0 1 31 4 7 4 1 20 3 5 4 1 1 1 1 0 2.86 1 1 1 1 
460 0 0 1 1 1 1 3 0 3 0 1 0 0 4 4 1 4 0 0 0 4 46 7 19 10 4 20 7 12 8 4 1 1 1 0 1.05 4 4 4 4 
351 1 4 2 2 2 1 7 0 7 0 1 0 1 14 14 2 14 0 1 1 12 226 24 132 51 69 70 66 95 43 52 4 4 4 2 0.53 27 27 27 14 
352 0 0 1 1 1 1 3 0 3 0 1 0 1 11 11 5 11 1 0 6 4 96 19 50 22 19 27 23 37 22 15 2 2 2 1 0.54 12 12 12 11 
353 2 3 2 2 3 1 9 0 8 0 1 0 1 10 10 7 10 0 1 0 9 148 21 102 36 53 25 52 72 28 44 4 4 4 2 0.25 23 23 25 10 
354 0 0 2 2 2 1 7 0 7 0 1 0 1 15 15 6 15 0 2 0 13 185 28 128 42 69 30 65 92 34 58 4 4 4 2 0.23 28 28 29 15 
355 1 3 2 2 2 1 6 0 6 0 3 0 0 14 14 6 14 1 0 2 11 182 21 113 46 52 49 50 74 35 39 7 7 7 3 0.43 22 22 22 14 
357 0 0 2 2 2 1 5 0 5 0 2 0 0 10 10 2 10 0 0 0 10 145 18 66 24 26 61 21 41 18 23 4 4 5 2 0.92 18 18 20 10 
359 0 0 1 1 1 1 5 0 4 0 2 0 0 7 7 3 7 0 0 0 7 91 14 48 21 14 29 14 28 15 13 2 2 2 1 0.6 8 8 8 7 
360 0 0 1 1 1 1 5 0 5 0 2 0 0 9 9 5 9 0 1 0 8 125 15 73 35 30 37 35 50 26 24 3 3 3 2 0.51 13 13 13 9 
361 1 4 2 2 2 1 8 0 7 0 3 53 0 62 9 2 62 0 3 8 51 737 91 440 102 290 207 209 324 115 209 14 8 14 3 0.47 119 113 124 76 
362 0 0 0 0 0 0 0 0 0 0 1 0 0 0 0 0 0 0 0 0 0 24 2 3 2 0 19 1 2 2 0 0 0 0 0 6.33 0 0 0 0 
363 0 0 2 2 3 2 10 0 9 0 2 0 1 8 8 1 8 0 1 0 7 202 14 83 32 46 107 41 59 29 30 8 8 9 3 1.29 19 19 22 12 
438 0 0 1 1 1 1 1 0 1 0 1 0 0 1 1 0 1 0 0 0 1 34 4 4 3 0 26 2 3 3 0 1 1 1 0 6.5 1 1 1 1 
364 1 1 2 2 3 1 10 0 9 0 6 2 3 32 30 7 32 1 3 0 28 536 52 309 87 178 176 146 227 93 134 8 8 10 4 0.57 79 79 84 41 
365 0 0 1 1 1 1 3 0 3 0 2 0 0 4 4 1 4 0 0 0 4 78 8 33 14 13 37 16 21 9 12 1 1 1 0 1.12 4 4 4 4 
366 0 0 4 4 4 2 47 4 34 7 1 15 2 16 1 0 16 0 1 0 15 839 97 563 165 393 182 393 451 165 286 8 8 8 2 0.32 57 57 57 26 
367 0 0 2 2 2 1 10 0 9 1 1 0 5 19 19 3 19 1 6 0 12 309 36 210 76 141 77 113 155 61 94 6 6 6 2 0.37 39 39 41 19 
500 0 0 1 1 1 1 2 0 2 0 3 0 1 8 8 2 8 0 0 0 8 61 12 30 15 7 19 12 21 15 6 1 1 1 0 0.63 8 8 8 8 
487 1 3 2 2 2 1 8 0 7 0 4 0 6 20 20 8 20 0 0 0 20 285 49 173 65 106 67 108 141 63 78 4 4 4 2 0.39 32 32 32 22 
461 11 5 2 2 2 1 8 0 7 0 3 2 4 28 26 3 28 0 3 0 25 368 56 222 80 127 90 116 170 79 91 7 7 8 4 0.41 53 53 55 41 
488 1 4 2 2 2 1 10 0 9 0 6 0 1 37 37 20 37 1 3 4 29 613 58 363 105 224 192 204 268 102 166 9 9 11 4 0.53 68 68 76 37 
439 0 0 1 1 1 1 3 0 3 0 4 2 2 21 19 4 21 3 0 0 18 286 28 107 47 45 151 48 74 38 36 4 4 5 1 1.41 28 28 29 21 
489 6 3 2 2 2 2 8 0 7 0 2 1 2 21 20 3 21 0 1 0 20 277 38 177 59 106 63 88 132 57 75 7 7 8 4 0.36 43 43 44 37 
368 0 0 2 2 2 2 10 0 8 1 1 0 0 4 4 2 4 0 0 1 3 107 13 44 16 24 50 24 34 17 17 3 3 3 2 1.14 9 9 9 6 
462 2 4 2 2 3 1 10 1 8 0 1 3 1 4 1 0 4 0 1 0 3 79 15 44 19 21 21 23 33 17 16 5 5 5 1 0.48 9 9 10 4 
440 0 0 1 1 1 1 6 0 5 0 3 8 0 17 9 2 17 0 3 8 6 171 24 83 21 52 65 37 63 31 32 2 2 2 1 0.78 25 25 25 17 
369 2 4 1 1 1 1 2 0 2 0 1 1 17 2 1 5 2 0 2 0 0 118 14 64 32 41 41 37 46 27 19 1 1 1 0 0.64 2 2 2 2 
501 1 1 1 1 1 1 2 0 2 0 3 2 0 8 6 2 8 0 0 0 8 93 14 34 20 8 45 13 21 15 6 2 2 2 0 1.32 9 9 9 8 
370 1 1 1 1 1 1 4 0 3 0 2 0 0 8 8 3 8 1 0 0 7 83 14 45 24 13 24 20 30 19 11 2 2 2 0 0.53 10 10 10 8 
441 0 0 2 2 2 1 15 1 10 3 2 0 0 4 4 5 4 0 0 0 4 121 15 58 22 27 48 34 44 20 24 4 4 4 2 0.83 9 9 9 4 
371 0 0 1 1 1 1 2 0 2 0 1 0 1 6 6 0 6 0 0 0 6 52 11 20 13 4 21 9 16 13 3 1 1 1 0 1.05 6 6 6 6 
442 0 0 8 3 8 1 26 0 26 1 1 5 0 6 1 0 6 0 1 0 5 190 10 160 10 134 28 93 113 10 103 40 14 40 2 0.17 45 19 45 6 
372 2 1 2 2 3 1 12 2 9 1 4 2 3 19 17 7 19 0 4 0 15 431 61 217 89 127 155 117 177 91 86 10 10 10 4 0.71 47 47 51 25 
490 4 2 2 2 3 2 9 0 8 1 1 1 0 30 29 2 30 0 3 0 27 417 59 273 93 168 102 149 209 90 119 6 6 8 2 0.37 61 61 78 47 
443 3 5 5 5 5 1 14 0 13 0 1 10 3 11 1 1 11 0 2 0 9 323 27 179 42 106 118 73 138 46 92 11 11 11 3 0.66 57 57 59 11 
373 0 0 3 3 3 1 14 0 13 0 2 10 1 13 3 7 13 2 1 0 10 396 21 204 69 135 176 97 131 48 83 10 10 10 4 0.86 35 35 37 13 
463 2 3 2 2 2 2 7 0 7 0 1 0 0 12 12 3 12 0 0 0 12 140 19 99 36 55 22 52 77 35 42 5 5 5 3 0.22 24 24 24 19 
444 0 0 1 1 1 1 3 0 3 0 1 0 1 7 7 1 7 0 0 0 7 73 12 36 21 8 25 14 22 15 7 1 1 1 0 0.69 7 7 7 7 
374 0 0 2 2 2 1 7 0 7 0 1 0 0 4 4 1 4 0 0 0 4 82 9 36 13 16 37 20 27 13 14 2 2 2 1 1.03 6 6 6 4 
375 0 0 1 1 1 1 1 0 1 0 1 0 0 4 4 0 4 0 0 0 4 48 7 7 6 0 34 5 6 6 0 1 1 1 0 4.86 4 4 4 4 
376 0 0 2 2 2 1 5 0 5 0 1 1 2 3 2 3 3 0 1 0 2 67 7 28 16 14 32 17 21 15 6 2 2 3 0 1.14 5 5 6 3 
377 2 4 2 2 2 1 7 0 7 0 3 20 5 25 5 0 25 0 3 0 22 473 41 195 76 112 242 94 143 61 82 9 9 12 2 1.24 49 48 56 28 
378 1 4 2 2 2 2 9 0 7 1 1 5 0 60 55 3 60 0 0 1 59 908 145 483 186 318 328 297 419 185 234 8 8 8 2 0.68 122 122 136 98 
379 0 0 2 2 2 1 6 0 6 0 1 0 0 6 6 0 6 0 0 0 6 102 9 44 18 18 49 20 32 18 14 3 3 4 1 1.11 11 11 12 6 
380 1 1 3 3 3 2 11 0 10 1 1 0 1 6 6 7 6 0 1 0 5 193 21 104 51 70 71 44 62 19 43 5 5 5 3 0.68 17 17 17 13 
502 2 5 3 3 3 1 13 0 12 0 4 0 1 28 28 18 28 1 1 0 26 552 47 398 95 263 107 230 306 92 214 6 6 6 3 0.27 72 72 74 37 
381 0 0 2 2 2 1 6 1 4 0 1 0 1 4 4 1 4 0 1 2 1 74 13 32 18 12 29 17 24 15 9 2 2 2 1 0.91 6 6 6 4 
382 0 0 2 2 2 1 9 0 8 2 1 0 0 13 13 3 13 0 2 4 7 257 16 113 30 70 140 64 89 31 58 5 5 7 2 1.24 25 25 30 15 
383 0 0 3 3 3 2 14 1 12 1 1 1 12 8 7 6 8 0 2 0 6 210 27 120 40 77 64 68 93 42 51 11 11 13 5 0.53 24 24 26 15 
384 1 5 2 2 2 1 7 0 7 1 2 4 0 10 6 1 10 0 2 1 7 154 17 83 33 47 60 46 66 34 32 5 5 6 3 0.72 19 19 20 13 
491 0 0 2 2 2 1 7 0 7 0 1 0 1 9 9 4 9 0 0 0 9 160 13 80 29 44 67 48 64 27 37 4 4 4 1 0.84 15 15 15 9 
385 0 0 1 1 2 1 6 0 6 1 2 0 0 19 19 6 19 3 4 0 12 219 26 129 41 73 80 74 103 42 61 4 4 7 2 0.62 27 27 32 21 
445 0 0 1 1 1 1 4 0 4 0 2 0 0 5 5 2 5 0 0 0 5 77 9 28 11 10 40 11 19 11 8 2 2 2 1 1.43 6 6 6 5 
386 0 0 2 2 3 2 13 1 10 1 2 0 0 3 3 5 3 0 1 0 2 84 11 41 17 21 32 25 34 17 17 5 5 7 2 0.78 7 7 9 5 
387 0 0 3 3 3 2 10 0 9 1 1 6 0 6 0 0 6 0 0 0 6 124 11 57 18 37 59 29 45 18 27 4 4 4 1 1.04 18 18 18 12 
388 0 0 2 2 2 1 8 0 8 0 3 0 3 17 17 8 17 3 3 0 11 228 30 130 38 74 71 66 96 45 51 4 4 4 2 0.55 28 28 28 19 
389 0 0 3 3 3 2 12 0 11 0 1 0 2 12 12 0 12 0 5 4 3 212 27 144 33 97 41 81 113 33 80 10 10 11 3 0.28 37 37 39 21 
390 2 4 3 3 3 3 8 0 7 0 2 3 2 5 2 0 5 0 1 0 4 98 12 45 16 25 41 20 34 17 17 8 8 8 3 0.91 15 15 15 13 
391 0 0 1 1 1 1 3 0 3 0 1 0 0 2 2 0 2 0 0 0 2 37 2 9 4 2 26 3 6 4 2 1 1 1 0 2.89 2 2 2 2 
392 0 0 1 1 1 1 3 0 3 0 1 0 0 1 1 0 1 0 0 0 1 30 3 6 3 1 21 2 4 3 1 1 1 1 0 3.5 1 1 1 1 
393 0 0 2 2 2 1 5 0 4 0 1 2 0 3 1 0 3 0 1 0 2 46 7 17 5 7 23 7 14 6 8 3 3 3 2 1.35 6 6 6 3 
464 0 0 1 1 1 1 1 0 1 0 1 0 0 5 5 0 5 0 0 0 5 77 9 10 9 0 58 8 9 9 0 1 1 1 0 5.8 5 5 5 5 
465 0 0 2 2 2 1 7 0 6 0 4 2 0 10 8 2 10 0 1 0 9 162 21 75 21 33 66 30 54 23 31 7 7 7 3 0.88 19 19 19 10 
394 1 5 6 6 7 4 31 2 26 3 3 10 16 14 4 5 14 0 1 0 13 744 71 397 98 316 277 247 328 98 230 9 9 12 4 0.7 78 78 98 54 
395 2 3 1 1 1 1 1 0 1 0 1 0 0 1 3 13 3 0 0 0 3 117 18 26 24 1 73 3 4 3 1 1 1 1 0 2.81 3 3 3 3 
446 1 2 3 3 3 1 9 0 9 0 1 1 1 5 4 4 5 0 1 0 4 150 12 60 22 31 78 30 44 21 23 6 6 7 3 1.3 13 13 14 5 
466 1 4 2 2 3 1 16 1 12 2 5 0 0 25 25 23 25 1 4 0 20 603 72 354 99 226 179 224 289 105 184 10 10 15 3 0.51 62 62 78 31 
467 0 0 2 2 2 2 9 0 8 0 1 1 1 9 8 0 9 0 1 0 8 138 17 95 29 57 26 48 68 22 46 6 6 6 2 0.27 19 19 19 18 
468 0 0 1 1 1 1 5 0 4 0 2 0 0 10 10 5 10 0 1 4 5 108 16 65 24 29 27 31 45 20 25 2 2 2 1 0.42 12 12 12 10 
469 1 3 3 3 3 2 17 1 14 1 5 1 17 38 39 30 40 10 4 0 26 940 122 633 143 433 186 357 480 140 340 20 20 23 4 0.29 124 122 133 63 
470 0 0 5 5 6 5 31 2 22 6 1 0 0 13 13 7 13 0 4 9 0 479 49 309 55 231 121 180 243 53 190 23 23 27 5 0.39 68 68 74 61 
471 0 0 2 2 2 2 10 0 9 0 1 1 1 9 8 0 9 0 1 0 8 142 17 99 29 59 26 52 74 24 50 6 6 6 2 0.26 21 21 21 18 
472 0 0 1 1 1 1 5 0 4 0 2 0 0 10 10 5 10 0 1 4 5 108 16 65 24 29 27 31 45 20 25 2 2 2 1 0.42 12 12 12 10 
473 0 0 1 1 1 1 3 0 3 0 2 1 2 11 10 0 11 0 1 0 10 96 16 54 23 21 26 20 32 17 15 1 1 1 0 0.48 11 11 11 11 
474 0 0 3 3 4 3 16 0 14 1 1 0 0 8 8 5 8 0 5 0 3 171 16 121 33 80 34 69 96 36 60 6 6 11 3 0.28 26 26 31 20 
475 0 0 1 1 1 1 1 0 1 0 1 0 0 8 8 0 8 0 0 0 8 62 14 16 13 1 32 12 14 13 1 1 1 1 0 2 8 8 8 8 
476 0 0 1 1 1 1 4 0 4 0 2 0 0 12 12 5 12 0 0 0 12 118 19 78 36 30 21 32 48 26 22 3 3 4 1 0.27 15 15 17 14 
477 0 0 2 2 2 2 6 0 6 0 1 1 3 11 10 1 11 0 2 0 9 136 20 92 28 51 24 42 63 21 42 4 4 5 1 0.26 21 21 23 18 
478 1 2 2 2 2 2 7 0 7 0 2 1 3 18 17 3 18 0 3 0 15 224 28 164 56 96 32 78 113 45 68 4 4 5 2 0.2 34 34 37 30 
479 0 0 6 6 6 4 30 4 22 2 1 7 0 8 1 0 8 0 3 0 5 328 50 190 48 139 89 102 144 49 95 15 15 17 5 0.47 46 46 49 29 
503 2 3 1 1 1 1 4 0 4 0 1 0 1 9 9 1 9 0 0 0 9 97 15 54 23 22 28 28 41 22 19 4 4 4 2 0.52 12 12 12 9 
504 2 3 1 1 1 1 4 0 4 0 1 0 1 9 9 1 9 0 0 0 9 93 15 51 22 20 27 25 37 20 17 3 3 3 1 0.53 11 11 11 9 
505 2 3 1 1 1 1 4 0 3 0 1 0 1 9 9 1 9 0 0 0 9 89 15 47 21 17 27 23 34 19 15 2 2 2 1 0.57 10 10 10 9 
506 2 3 1 1 1 1 4 0 4 0 1 0 1 9 9 1 9 0 0 0 9 97 15 54 24 21 28 28 41 22 19 4 4 4 2 0.52 12 12 12 9 
507 1 1 1 1 2 1 5 0 5 0 1 0 0 11 11 3 11 0 1 0 10 103 15 64 21 31 24 33 50 23 27 4 4 5 2 0.38 16 16 17 11 
508 1 3 1 1 1 1 7 0 7 0 1 1 8 10 9 5 10 0 2 0 8 227 25 132 53 83 87 78 98 52 46 3 3 3 1 0.66 14 14 14 10 
509 2 4 1 1 1 1 6 0 6 0 1 1 8 10 9 5 10 0 2 0 8 217 24 122 52 75 87 76 94 51 43 2 2 2 1 0.71 12 12 12 10 
510 4 4 2 1 2 2 5 0 4 0 5 7 3 23 16 5 23 7 0 2 14 293 33 137 47 69 125 65 94 44 50 6 4 8 2 0.91 40 34 46 38 
511 1 3 2 2 2 1 16 2 11 3 1 0 0 4 4 4 4 0 0 0 4 114 20 56 17 31 39 30 40 14 26 3 3 3 2 0.7 9 9 9 4 
