1 0 -1 -1 -1 -1 -1 -1 -1 -1 -1 -1 -1 -1 -1 -1 -1 
2 0 -1 -1 -1 -1 -1 -1 -1 -1 -1 -1 -1 -1 -1 -1 -1 
3 0 -1 -1 -1 -1 -1 -1 -1 -1 -1 -1 -1 -1 -1 -1 -1 
4 0 -1 -1 -1 -1 -1 -1 -1 -1 -1 -1 -1 -1 -1 -1 -1 
5 0 -1 -1 -1 -1 -1 -1 -1 -1 -1 -1 -1 -1 -1 -1 -1 
6 0 -1 -1 -1 -1 -1 -1 -1 -1 -1 -1 -1 -1 -1 -1 -1 
7 0 -1 -1 -1 -1 -1 -1 -1 -1 -1 -1 -1 -1 -1 -1 -1 
8 0 -1 -1 -1 -1 -1 -1 -1 -1 -1 -1 -1 -1 -1 -1 -1 
9 0 -1 -1 -1 -1 -1 -1 -1 -1 -1 -1 -1 -1 -1 -1 -1 
10 0 -1 -1 -1 -1 -1 -1 -1 -1 -1 -1 -1 -1 -1 -1 -1 
11 0 -1 -1 -1 -1 -1 -1 -1 -1 -1 -1 -1 -1 -1 -1 -1 
12 0 -1 -1 -1 -1 -1 -1 -1 -1 -1 -1 -1 -1 -1 -1 -1 
13 0 -1 -1 -1 -1 -1 -1 -1 -1 -1 -1 -1 -1 -1 -1 -1 
14 0 -1 -1 -1 -1 -1 -1 -1 -1 -1 -1 -1 -1 -1 -1 -1 
15 0 -1 -1 -1 -1 -1 -1 -1 -1 -1 -1 -1 -1 -1 -1 -1 
16 0 -1 -1 -1 -1 -1 -1 -1 -1 -1 -1 -1 -1 -1 -1 -1 
17 0 -1 -1 -1 -1 -1 -1 -1 -1 -1 -1 -1 -1 -1 -1 -1 
18 0 -1 -1 -1 -1 -1 -1 -1 -1 -1 -1 -1 -1 -1 -1 -1 
19 0 0 0 0 0 0 0 0 0 0 0 0 0 0 0 0 
20 0 0 0 2 0 0 0 0 0 0 0 0 0 0 0 0 
21 0 0 0 1 0 6 1 0 0 21 0 0 5 0 0 0 
22 0 0 0 4 2 0 3 0 0 0 0 0 1 0 0 0 
23 0 0 0 1 0 0 0 0 0 0 0 0 0 0 0 0 
24 0 0 1 1 5 123 0 0 0 3 0 13 0 0 0 0 
25 0 0 0 5 1 16 0 0 0 0 0 1 0 0 8 0 
26 0 0 0 0 0 0 0 0 0 0 0 0 0 0 0 0 
27 0 0 0 0 0 0 0 0 0 0 0 0 0 0 0 0 
28 4 0 0 1 2 83 0 0 0 25 21 70 0 0 0 0 
29 0 0 0 0 0 0 0 0 0 0 0 0 -1 -1 -1 -1 
30 0 0 0 0 0 0 0 0 0 0 0 3 -1 -1 -1 -1 
31 0 0 0 0 0 0 0 0 0 0 0 0 -1 -1 -1 -1 
32 0 0 0 0 0 0 0 0 0 0 0 0 0 0 0 0 
33 0 0 0 0 0 0 0 0 0 0 0 0 0 0 0 0 
34 0 0 0 0 0 0 0 0 0 0 -1 -1 -1 -1 -1 -1 
35 0 0 0 0 0 0 0 0 0 0 0 0 0 0 0 0 
36 0 0 0 3 0 0 0 0 0 0 0 0 0 0 0 0 
37 8 0 0 1 24 3 0 0 2 6 3 2 0 3 31 0 
38 0 0 0 3 0 0 0 0 2 0 0 0 0 0 3 0 
39 0 6 2 1 0 0 2 0 3 0 0 0 0 0 10 0 
40 38 2 1 4 4 5 3 1 3 1 10 16 1 0 21 21 
41 0 0 0 0 0 0 0 0 0 0 -1 -1 -1 -1 -1 -1 
42 0 0 0 3 0 0 0 12 0 0 0 0 0 0 0 0 
43 0 0 0 0 0 0 0 0 0 0 0 0 0 0 0 0 
44 0 0 0 24 0 0 0 0 0 0 0 0 0 0 0 0 
45 0 0 0 5 0 0 0 0 0 0 0 0 0 0 0 0 
46 0 0 0 0 0 0 0 0 0 0 0 12 0 0 0 0 
47 0 0 2 0 0 0 0 0 0 0 -1 -1 -1 -1 -1 -1 
48 0 0 0 0 0 0 0 0 0 0 -1 -1 -1 -1 -1 -1 
49 0 0 0 0 0 0 0 0 0 0 -1 -1 -1 -1 -1 -1 
50 0 0 0 0 0 0 0 0 0 0 -1 -1 -1 -1 -1 -1 
51 0 0 0 0 0 0 0 0 0 0 -1 -1 -1 -1 -1 -1 
52 0 0 0 0 0 0 0 0 0 0 -1 -1 -1 -1 -1 -1 
53 0 0 0 0 0 0 0 0 0 0 -1 -1 -1 -1 -1 -1 
54 0 0 0 0 1 0 0 0 0 0 -1 -1 -1 -1 -1 -1 
55 0 0 0 0 1 0 0 0 0 0 -1 -1 -1 -1 -1 -1 
56 0 0 0 0 0 0 0 0 0 0 -1 -1 -1 -1 -1 -1 
57 0 0 0 0 0 0 0 0 0 0 -1 -1 -1 -1 -1 -1 
58 0 0 0 0 0 0 0 0 0 0 -1 -1 -1 -1 -1 -1 
59 0 0 0 0 0 0 0 0 0 0 -1 -1 -1 -1 -1 -1 
60 0 0 0 0 1 0 0 0 0 0 -1 -1 -1 -1 -1 -1 
61 0 0 0 0 0 0 0 0 0 0 -1 -1 -1 -1 -1 -1 
62 0 0 -1 -1 -1 -1 -1 -1 -1 -1 -1 -1 -1 -1 -1 -1 
63 0 0 0 26 0 0 0 0 0 0 0 0 0 0 0 1 
64 3 0 4 0 2 4 12 2 14 0 0 0 0 0 0 0 
65 0 0 0 1 0 0 0 0 5 0 -1 -1 -1 -1 -1 -1 
66 0 0 0 0 0 0 0 0 0 0 -1 -1 -1 -1 -1 -1 
67 6 0 2 5 5 0 0 7 25 0 0 14 0 0 13 0 
68 0 0 9 0 5 0 0 0 35 1 0 0 0 0 0 0 
69 0 0 0 0 0 0 0 0 0 3 0 0 -1 -1 -1 -1 
70 0 0 0 1 0 0 0 0 1 0 -1 -1 -1 -1 -1 -1 
71 0 0 0 1 0 0 0 0 0 0 -1 -1 -1 -1 -1 -1 
72 16 0 31 3 0 0 0 0 3 0 -1 -1 -1 -1 -1 -1 
73 0 0 0 0 0 0 0 0 0 0 -1 -1 -1 -1 -1 -1 
74 19 86 23 1 7 6 0 0 1 60 9 1 1 0 0 0 
75 0 0 0 4 0 0 0 0 0 0 -1 -1 -1 -1 -1 -1 
76 0 1 0 28 17 0 0 0 1 5 0 4 0 0 0 0 
77 0 0 0 2 0 0 0 0 0 2 0 0 -1 -1 -1 -1 
78 0 0 0 4 0 0 0 0 17 9 0 0 0 0 0 0 
79 0 256 0 4 0 0 0 0 0 0 0 3 0 0 0 0 
80 0 0 0 1 15 0 0 0 1 35 -1 -1 -1 -1 -1 -1 
81 0 0 0 0 0 0 0 0 0 0 0 0 0 0 0 0 
82 0 0 0 0 0 0 0 0 0 0 0 0 0 0 0 0 
83 0 0 0 4 0 0 0 0 0 0 1 0 0 0 0 0 
84 0 0 0 1 0 1 0 0 2 0 -1 -1 -1 -1 -1 -1 
85 0 0 1 1 0 1 0 0 1 0 -1 -1 -1 -1 -1 -1 
86 0 0 0 2 0 1 0 0 0 0 -1 -1 -1 -1 -1 -1 
87 7 0 5 2 0 1 0 0 3 167 0 0 0 0 0 0 
88 10 1 2 4 1 48 0 0 92 197 13 2 0 0 1 0 
89 0 0 0 3 0 0 0 0 0 0 16 3 0 0 0 0 
90 0 0 0 1 4 0 9 1 3 6 3 40 0 0 0 0 
91 0 0 0 0 0 0 0 0 130 0 -1 -1 -1 -1 -1 -1 
92 0 0 0 0 0 0 0 0 48 0 -1 -1 -1 -1 -1 -1 
93 6 0 1 6 6 0 0 0 7 0 -1 -1 -1 -1 -1 -1 
94 0 0 1 2 1 0 0 0 3 0 -1 -1 -1 -1 -1 -1 
95 0 0 0 3 0 0 0 0 4 0 -1 -1 -1 -1 -1 -1 
96 0 0 0 7 0 0 0 0 0 0 -1 -1 -1 -1 -1 -1 
97 0 0 0 1 0 0 0 0 3 0 -1 -1 -1 -1 -1 -1 
98 0 0 0 3 0 0 0 0 20 4 0 0 0 0 0 0 
99 13 0 0 4 8 0 0 0 42 8 0 0 0 0 0 0 
100 0 0 0 1 0 2 0 0 0 0 0 0 0 0 0 0 
101 0 0 0 0 0 0 0 0 0 0 0 0 0 0 0 0 
102 0 0 0 0 14 13 0 0 4 4 0 0 -1 -1 -1 -1 
103 0 0 0 0 0 0 0 0 0 0 -1 -1 -1 -1 -1 -1 
104 0 0 0 0 0 0 0 0 0 0 -1 -1 -1 -1 -1 -1 
105 0 0 0 0 0 0 0 0 0 0 -1 -1 -1 -1 -1 -1 
106 0 0 0 0 0 0 0 0 0 0 -1 -1 -1 -1 -1 -1 
107 0 0 0 0 0 0 0 0 0 0 -1 -1 -1 -1 -1 -1 
108 0 0 0 0 0 0 0 0 0 0 -1 -1 -1 -1 -1 -1 
109 0 0 0 0 0 0 0 0 0 0 -1 -1 -1 -1 -1 -1 
110 0 0 0 0 0 0 0 0 0 0 -1 -1 -1 -1 -1 -1 
111 0 0 0 0 5 0 0 0 0 0 0 0 0 0 0 0 
112 0 0 0 3 0 0 0 0 0 0 0 0 0 0 0 0 
113 0 0 0 0 0 0 0 0 0 0 0 0 0 0 0 0 
114 0 0 0 0 0 0 0 0 0 0 0 0 0 0 0 0 
115 1 0 1 1 5 1 0 0 2 473 0 0 0 0 0 0 
116 0 0 1 0 10 2 0 0 0 2 0 0 0 0 0 9 
117 0 0 0 0 0 0 0 0 0 7 0 0 0 0 0 0 
118 0 0 0 0 0 1 0 0 0 24 0 0 0 0 0 0 
119 0 0 0 0 0 0 0 0 4 0 0 0 0 0 0 0 
120 0 0 0 0 0 0 0 0 0 6 0 0 0 0 0 0 
121 0 0 0 0 0 0 0 0 0 0 0 0 0 0 0 0 
122 0 0 0 0 0 0 0 0 0 0 0 0 0 0 0 0 
123 0 0 0 0 0 0 0 0 0 0 -1 -1 -1 -1 -1 -1 
124 0 0 0 0 11 0 0 0 0 0 0 0 0 0 0 0 
125 0 0 0 0 1 0 0 0 0 0 0 0 0 0 0 0 
126 0 0 0 0 0 0 0 0 0 0 0 0 0 0 0 0 
127 0 0 0 0 0 0 0 0 0 0 0 0 -1 -1 -1 -1 
128 0 0 0 0 0 1 0 0 0 0 0 0 0 0 0 0 
129 0 0 0 0 2 0 0 0 0 0 0 0 0 0 0 0 
130 0 0 0 0 0 0 0 0 0 0 0 0 0 0 0 0 
131 0 0 0 1 0 0 0 2 3 0 0 0 0 0 0 0 
132 0 0 7 4 8 13 0 4 67 7 3 17 0 0 0 24 
133 0 0 0 0 1 0 0 0 0 0 -1 -1 -1 -1 -1 -1 
134 1 0 0 0 1 0 0 2 4 2 -1 -1 -1 -1 -1 -1 
135 3 0 0 0 0 0 0 0 0 0 -1 -1 -1 -1 -1 -1 
136 0 0 1 0 0 0 1 5 5 2 0 2 0 0 0 0 
137 5 0 1 1 0 1 0 1 17 1 0 0 0 0 0 0 
138 3 0 1 0 0 0 0 2 30 1 0 4 0 0 0 7 
139 63 6 19 5 2 49 86 47 2 108 0 6 4 2 39 0 
140 9 20 5 1 5 13 7 1 3 4 1 4 0 0 1 0 
141 4 1 1 6 22 3 66 3 1 4 5 1 6 0 0 2 
142 2 0 31 1 145 4 0 1 1 3 0 2 0 7 1 0 
143 0 0 0 0 0 0 0 0 0 0 0 0 0 0 0 0 
144 28 0 1 519 6 11 0 27 1 1 0 22 0 0 1 0 
145 0 0 0 3 0 0 0 0 2 0 0 0 0 0 0 0 
146 0 0 0 2 0 0 0 0 0 0 0 0 0 0 0 0 
147 0 0 0 0 0 0 0 0 0 0 0 0 0 0 0 0 
148 0 0 0 0 1 0 0 2 0 0 0 0 0 0 0 0 
149 0 0 0 0 7 2 0 6 1 0 0 4 0 0 0 0 
150 0 0 0 3 0 0 1 17 3 0 -1 -1 -1 -1 -1 -1 
151 26 0 2 1 7 2 0 10 2 0 0 18 0 0 0 0 
152 0 0 0 4 1 0 0 0 1 0 0 1 0 0 0 2 
153 0 0 0 1 1 0 1 2 0 0 0 0 0 0 0 0 
154 0 0 0 0 0 0 0 0 0 0 0 0 0 0 0 0 
155 2 0 0 0 0 0 0 0 0 0 0 0 0 0 0 0 
156 32 0 0 2 6 38 15 11 22 0 -1 -1 -1 -1 -1 -1 
157 4 0 0 1 7 7 1 0 1 20 0 0 1 0 5 0 
158 0 0 1 1 3 1 8 24 25 0 14 1 3 0 1 2 
159 0 0 1 1 5 2 0 10 2 0 5 10 2 0 1 1 
160 6 0 78 4 4 0 1 3 5 0 -1 -1 -1 -1 -1 -1 
161 3 0 7 4 0 0 3 0 0 0 0 0 0 0 0 0 
162 0 0 12 1 3 2 11 5 6 0 -1 -1 -1 -1 -1 -1 
163 0 0 1 1 0 0 0 0 0 0 0 0 0 0 0 0 
164 0 0 0 0 0 0 0 0 0 0 0 0 0 0 0 0 
165 0 0 6 0 0 0 0 6 6 0 0 1 0 0 0 0 
166 0 0 0 0 1 0 0 0 0 0 0 0 0 0 0 0 
167 0 0 0 0 0 0 0 0 0 0 0 0 0 0 0 0 
168 0 0 3 1 38 2 1 1 54 0 0 0 0 0 0 5 
169 17 1 3 4 1 17 1 7 158 3 0 2 3 3 41 1 
170 0 0 0 0 0 0 0 0 0 0 0 0 0 0 0 0 
171 0 0 0 0 1 0 0 0 0 0 -1 -1 -1 -1 -1 -1 
172 0 0 0 0 2 0 0 18 0 0 0 4 0 0 0 0 
173 0 2 0 1 6 1 0 0 1 0 0 0 1 0 0 0 
174 0 0 0 0 2 0 0 0 0 0 0 0 0 0 0 0 
175 0 0 0 0 0 0 0 0 0 0 0 0 0 0 0 0 
176 0 0 0 0 1 0 0 0 0 0 0 0 0 0 0 0 
177 3 0 0 0 119 0 0 0 0 0 -1 -1 -1 -1 -1 -1 
178 7 0 0 0 201 0 0 0 0 0 -1 -1 -1 -1 -1 -1 
179 0 0 0 0 33 10 0 0 0 0 -1 -1 -1 -1 -1 -1 
180 0 0 0 0 4 0 0 0 0 0 0 0 0 0 0 0 
181 0 0 0 0 30 0 0 0 0 0 -1 -1 -1 -1 -1 -1 
182 0 0 1 3 0 0 0 0 0 0 0 0 0 0 0 0 
183 8 0 11 1 2 1 504 3 1 1 0 75 12 0 11 0 
184 0 0 0 0 0 0 0 0 0 0 0 0 0 0 0 0 
185 0 0 0 0 0 0 0 0 0 0 0 0 0 0 0 0 
186 0 0 0 1 0 0 0 10 0 0 0 0 0 0 0 0 
187 0 0 0 0 0 0 0 0 0 0 0 0 0 0 0 0 
188 0 0 0 0 0 0 0 0 0 0 0 7 0 0 0 0 
189 3 0 2 1 0 0 34 1 7 2 0 8 6 0 0 0 
190 3 7 0 2 1 1 0 45 0 11 1 29 0 0 0 0 
191 0 0 0 0 0 0 0 0 0 0 0 0 0 0 0 0 
192 0 0 0 0 3 2 1 0 0 0 0 3 0 0 0 1 
193 4 0 0 1 0 2 0 0 0 0 0 0 0 0 0 0 
194 0 0 0 1 0 0 1 0 0 0 0 23 0 0 0 0 
195 48 0 0 31 1 0 0 2 1 0 0 44 0 0 0 5 
196 8 0 0 2 0 4 1 1 2 0 0 1 0 0 0 5 
197 0 0 0 0 0 0 0 0 0 0 0 0 0 0 0 0 
198 0 0 0 0 0 12 3 0 4 0 0 58 0 0 0 2 
199 12 0 0 3 1 0 0 -1 -1 -1 -1 -1 -1 -1 -1 -1 
200 2 0 0 9 2 10 0 9 0 6 0 0 0 0 0 0 
201 0 0 1 0 10 11 7 7 1 1 11 0 0 0 0 0 
202 0 0 0 5 0 7 0 9 0 0 0 0 0 0 0 0 
203 0 0 0 0 0 0 0 0 0 0 0 0 0 0 0 0 
204 0 0 0 0 1 1 0 7 0 54 0 6 0 0 0 0 
205 0 0 0 0 0 0 0 -1 -1 -1 -1 -1 -1 -1 -1 -1 
206 0 0 0 0 0 3 0 1 0 0 0 0 0 0 0 0 
207 0 0 0 0 2 0 0 0 0 0 0 0 0 0 0 0 
208 0 0 0 0 1 0 0 0 0 0 0 0 0 0 0 0 
209 1 2 1 2 1 14 24 4 1 6 0 11 0 0 0 2 
210 1 0 0 0 1 4 1 0 0 3 0 0 0 0 0 0 
211 0 0 0 0 1 0 0 0 0 0 0 0 0 0 0 0 
212 0 0 0 0 0 2 0 0 0 7 0 0 0 0 0 0 
213 12 0 0 0 0 0 0 3 0 1 0 0 0 0 0 0 
214 4 0 0 3 0 2 0 0 0 0 0 7 1 0 0 0 
215 15 0 0 1 9 5 0 3 0 70 0 5 4 0 3 0 
216 3 0 0 0 1 1 0 2 1 1 0 9 1 0 6 0 
217 0 0 0 0 6 0 0 0 1 0 0 1 0 0 0 0 
218 0 0 0 0 4 0 0 0 1 1 0 4 0 0 0 0 
219 0 0 5 0 0 0 0 0 0 0 0 4 0 0 0 0 
220 0 0 0 0 0 0 0 5 0 12 0 0 13 0 11 0 
221 0 0 1 0 0 0 0 0 0 0 0 19 0 0 0 0 
222 0 0 0 11 0 0 0 0 0 2 3 0 1 0 0 0 
223 0 0 0 0 0 0 0 0 0 -1 -1 -1 -1 -1 -1 -1 
224 0 0 0 0 0 0 0 0 0 -1 -1 -1 -1 -1 -1 -1 
225 0 0 0 0 0 0 0 0 0 -1 -1 -1 -1 -1 -1 -1 
226 0 0 0 0 0 0 0 0 0 -1 -1 -1 -1 -1 -1 -1 
227 0 0 0 0 0 0 0 0 0 -1 -1 -1 -1 -1 -1 -1 
228 0 0 0 0 0 0 0 0 0 -1 -1 -1 -1 -1 -1 -1 
229 0 0 0 0 0 0 0 0 0 -1 -1 -1 -1 -1 -1 -1 
230 0 0 0 0 0 0 0 0 0 -1 -1 -1 -1 -1 -1 -1 
231 0 0 0 0 0 0 0 0 0 -1 -1 -1 -1 -1 -1 -1 
232 0 0 0 0 0 0 0 0 0 -1 -1 -1 -1 -1 -1 -1 
233 0 0 0 0 0 0 0 0 0 -1 -1 -1 -1 -1 -1 -1 
234 0 0 0 0 0 0 0 0 0 -1 -1 -1 -1 -1 -1 -1 
235 0 0 0 0 0 0 0 0 0 2 0 0 0 0 0 0 
236 2 0 0 0 2 4 0 0 0 3 0 0 0 0 0 0 
237 45 0 1 1 13 12 1 11 55 15 0 2 2 13 15 1 
238 0 0 0 0 0 0 15 0 54 3 0 0 6 0 0 0 
239 173 0 0 2 1 0 0 0 0 0 0 0 0 0 0 0 
240 1 16 7 2 3 8 4 2 3 2 4 27 5 27 2 2 
241 12 0 0 1 2 0 1 0 0 0 0 0 1 0 0 0 
242 9 20 0 5 3 2 1 58 6 0 0 0 38 3 0 0 
243 0 0 0 0 0 0 13 0 8 0 0 0 0 0 0 0 
244 0 1 0 0 -1 -1 -1 -1 -1 -1 -1 -1 -1 -1 -1 -1 
245 0 0 0 0 0 0 0 0 0 0 0 0 0 0 0 0 
246 0 0 0 0 3 0 0 0 9 0 0 0 0 0 0 0 
247 0 0 0 1 0 2 1 1 146 99 0 2 3 0 0 0 
248 0 0 0 0 0 0 0 0 0 0 0 0 0 0 0 0 
249 2 0 0 31 3 2 7 9 3 4 0 0 1 0 0 0 
250 0 0 2 1 1 9 0 4 1 3 0 2 1 0 0 0 
251 0 0 0 0 17 0 0 0 0 0 0 0 0 0 0 0 
252 0 0 0 0 0 3 0 0 0 0 0 0 0 0 0 0 
253 0 0 0 0 0 19 0 0 0 0 0 0 0 0 0 0 
254 0 0 0 7 1 17 0 0 0 0 0 0 3 0 0 4 
255 0 0 0 0 0 0 0 0 0 1 1 0 0 0 0 0 
256 0 0 0 0 1 0 49 2 0 0 20 4 2 0 0 27 
257 4 0 2 0 0 0 0 0 0 0 0 0 18 0 0 0 
258 15 6 50 2 3 2 0 11 19 46 1 3 24 38 0 0 
259 1 0 0 57 6 0 0 45 0 0 0 15 0 0 0 0 
260 0 0 0 0 0 2 0 0 0 0 0 0 0 0 0 0 
261 0 0 19 0 4 0 0 43 1 0 0 0 0 0 0 -1 
262 0 0 0 0 0 0 0 0 0 0 0 0 0 0 0 0 
263 0 0 0 0 8 0 0 33 0 0 0 16 0 0 0 0 
264 0 0 0 0 0 0 0 23 0 0 0 0 0 0 0 0 
265 0 0 0 0 0 0 0 0 0 0 0 0 0 0 0 0 
266 0 0 0 0 0 0 0 0 0 0 -1 -1 -1 -1 -1 -1 
267 0 0 0 0 0 0 0 0 0 0 0 0 23 0 0 0 
268 1 1 0 0 0 0 0 0 0 0 0 0 2 0 0 0 
269 0 0 0 0 0 1 0 0 13 0 0 0 0 2 0 0 
270 0 0 11 0 0 0 0 1 21 0 0 0 8 0 0 2 
271 0 0 0 0 0 0 0 0 0 0 0 0 0 0 0 0 
272 5 2 1 4 21 0 0 1 75 1 0 0 0 0 0 0 
273 0 0 0 3 5 0 0 0 0 -1 -1 -1 -1 -1 -1 -1 
274 0 0 0 0 0 0 0 0 0 0 0 0 1 0 0 0 
275 6 0 20 5 61 7 34 0 4 9 0 25 17 0 0 0 
276 0 0 0 1 0 0 0 -1 -1 -1 -1 -1 -1 -1 -1 -1 
277 0 0 0 0 4 0 0 0 1 0 0 1 18 0 0 0 
278 0 0 2 0 1 0 0 0 0 0 0 7 11 0 0 0 
279 1 0 2 0 1 0 0 34 0 0 0 0 36 0 0 0 
280 0 0 0 0 0 0 0 0 0 0 0 0 0 0 0 0 
281 0 0 2 1 5 12 0 25 1 4 0 3 2 0 0 0 
282 0 0 2 5 6 0 5 0 0 0 0 0 50 0 12 0 
283 6 0 0 0 -1 -1 -1 -1 -1 -1 -1 -1 -1 -1 -1 -1 
284 0 0 1 2 9 6 48 0 1 0 0 1 38 0 0 0 
285 0 0 0 0 4 0 0 3 0 1 0 1 0 0 0 0 
286 0 0 1 4 0 0 0 -1 -1 -1 -1 -1 -1 -1 -1 -1 
287 0 0 0 0 0 0 0 -1 -1 -1 -1 -1 -1 -1 -1 -1 
288 0 0 1 1 1 0 0 -1 -1 -1 -1 -1 -1 -1 -1 -1 
289 0 0 0 0 1 0 0 -1 -1 -1 -1 -1 -1 -1 -1 -1 
290 0 0 1 5 0 0 0 -1 -1 -1 -1 -1 -1 -1 -1 -1 
291 0 0 0 0 0 0 0 -1 -1 -1 -1 -1 -1 -1 -1 -1 
292 0 0 6 1 0 0 0 -1 -1 -1 -1 -1 -1 -1 -1 -1 
293 0 0 4 0 0 0 0 -1 -1 -1 -1 -1 -1 -1 -1 -1 
294 0 0 4 0 0 0 0 -1 -1 -1 -1 -1 -1 -1 -1 -1 
295 0 0 6 0 0 0 0 -1 -1 -1 -1 -1 -1 -1 -1 -1 
296 0 0 0 6 0 0 0 -1 -1 -1 -1 -1 -1 -1 -1 -1 
297 0 0 1 1 0 0 0 -1 -1 -1 -1 -1 -1 -1 -1 -1 
298 0 0 6 2 0 0 0 -1 -1 -1 -1 -1 -1 -1 -1 -1 
299 0 0 29 3 1 0 0 -1 -1 -1 -1 -1 -1 -1 -1 -1 
300 0 0 0 0 0 0 0 -1 -1 -1 -1 -1 -1 -1 -1 -1 
301 0 0 2 5 0 0 0 -1 -1 -1 -1 -1 -1 -1 -1 -1 
302 0 0 0 0 0 0 0 0 0 0 -1 -1 -1 -1 -1 -1 
303 0 0 2 1 0 0 0 -1 -1 -1 -1 -1 -1 -1 -1 -1 
304 0 0 0 0 0 0 0 -1 -1 -1 -1 -1 -1 -1 -1 -1 
305 0 0 0 0 0 0 0 -1 -1 -1 -1 -1 -1 -1 -1 -1 
306 0 0 0 0 0 0 0 -1 -1 -1 -1 -1 -1 -1 -1 -1 
307 0 0 0 0 0 0 0 -1 -1 -1 -1 -1 -1 -1 -1 -1 
308 0 0 0 0 0 0 0 -1 -1 -1 -1 -1 -1 -1 -1 -1 
309 0 0 0 0 0 0 0 -1 -1 -1 -1 -1 -1 -1 -1 -1 
310 0 0 0 0 0 0 0 -1 -1 -1 -1 -1 -1 -1 -1 -1 
311 0 0 0 0 0 0 0 -1 -1 -1 -1 -1 -1 -1 -1 -1 
312 0 0 0 0 0 0 0 -1 -1 -1 -1 -1 -1 -1 -1 -1 
313 0 0 0 0 0 0 0 -1 -1 -1 -1 -1 -1 -1 -1 -1 
314 0 0 0 0 0 0 0 -1 -1 -1 -1 -1 -1 -1 -1 -1 
315 17 60 24 8 0 0 0 -1 -1 -1 -1 -1 -1 -1 -1 -1 
316 0 0 0 2 0 0 0 -1 -1 -1 -1 -1 -1 -1 -1 -1 
317 0 0 0 0 0 0 0 -1 -1 -1 -1 -1 -1 -1 -1 -1 
318 0 0 2 1 0 0 0 -1 -1 -1 -1 -1 -1 -1 -1 -1 
319 0 0 0 0 0 0 0 -1 -1 -1 -1 -1 -1 -1 -1 -1 
320 0 0 0 0 0 0 0 -1 -1 -1 -1 -1 -1 -1 -1 -1 
321 0 0 0 0 0 0 0 -1 -1 -1 -1 -1 -1 -1 -1 -1 
322 0 0 0 0 0 0 0 -1 -1 -1 -1 -1 -1 -1 -1 -1 
323 0 0 0 0 0 0 0 -1 -1 -1 -1 -1 -1 -1 -1 -1 
324 0 0 0 0 0 0 0 -1 -1 -1 -1 -1 -1 -1 -1 -1 
325 0 0 0 0 0 0 0 -1 -1 -1 -1 -1 -1 -1 -1 -1 
326 0 0 0 0 0 0 0 -1 -1 -1 -1 -1 -1 -1 -1 -1 
327 0 0 0 4 0 0 0 -1 -1 -1 -1 -1 -1 -1 -1 -1 
328 0 0 0 0 0 0 0 -1 -1 -1 -1 -1 -1 -1 -1 -1 
329 0 0 0 0 0 0 0 -1 -1 -1 -1 -1 -1 -1 -1 -1 
330 0 0 0 0 0 0 0 -1 -1 -1 -1 -1 -1 -1 -1 -1 
331 0 0 0 0 0 0 0 -1 -1 -1 -1 -1 -1 -1 -1 -1 
332 0 0 0 0 0 0 0 -1 -1 -1 -1 -1 -1 -1 -1 -1 
333 0 0 0 4 0 0 0 -1 -1 -1 -1 -1 -1 -1 -1 -1 
334 0 0 0 0 0 0 0 -1 -1 -1 -1 -1 -1 -1 -1 -1 
335 0 0 0 4 0 0 0 -1 -1 -1 -1 -1 -1 -1 -1 -1 
336 0 0 0 0 0 0 0 -1 -1 -1 -1 -1 -1 -1 -1 -1 
337 0 0 0 0 0 0 0 -1 -1 -1 -1 -1 -1 -1 -1 -1 
338 0 0 0 0 0 0 0 -1 -1 -1 -1 -1 -1 -1 -1 -1 
339 0 0 0 0 0 0 0 -1 -1 -1 -1 -1 -1 -1 -1 -1 
340 0 0 0 0 0 0 0 -1 -1 -1 -1 -1 -1 -1 -1 -1 
341 0 0 0 0 0 0 0 -1 -1 -1 -1 -1 -1 -1 -1 -1 
342 0 0 0 0 0 0 0 -1 -1 -1 -1 -1 -1 -1 -1 -1 
343 0 0 0 0 0 0 0 -1 -1 -1 -1 -1 -1 -1 -1 -1 
344 0 0 0 0 0 0 0 -1 -1 -1 -1 -1 -1 -1 -1 -1 
345 0 0 0 0 0 0 0 -1 -1 -1 -1 -1 -1 -1 -1 -1 
346 0 0 0 0 0 0 0 -1 -1 -1 -1 -1 -1 -1 -1 -1 
347 5 0 1 6 0 0 0 -1 -1 -1 -1 -1 -1 -1 -1 -1 
348 0 0 2 1 0 0 0 -1 -1 -1 -1 -1 -1 -1 -1 -1 
349 0 0 0 2 0 0 0 -1 -1 -1 -1 -1 -1 -1 -1 -1 
350 0 0 0 0 0 0 0 -1 -1 -1 -1 -1 -1 -1 -1 -1 
351 0 0 0 0 0 0 0 -1 -1 -1 -1 -1 -1 -1 -1 -1 
352 0 0 0 5 0 0 0 -1 -1 -1 -1 -1 -1 -1 -1 -1 
353 0 0 0 0 0 0 0 -1 -1 -1 -1 -1 -1 -1 -1 -1 
354 0 0 2 1 0 0 0 -1 -1 -1 -1 -1 -1 -1 -1 -1 
355 18 0 2 2 0 0 0 0 1 0 0 11 0 1 3 2 
356 3 1 1 5 54 2 0 0 0 0 0 16 0 0 0 0 
357 14 0 0 5 103 7 0 0 0 0 0 0 0 0 1 0 
358 2 0 -1 -1 -1 -1 -1 -1 -1 -1 -1 -1 -1 -1 -1 -1 
359 0 0 0 0 0 0 0 0 0 0 0 0 0 0 0 0 
360 0 0 0 0 0 0 0 0 0 0 -1 -1 -1 -1 -1 -1 
361 5 0 0 2 0 6 0 0 0 9 0 0 0 0 0 0 
362 0 0 0 0 0 0 0 0 0 0 0 0 0 0 0 0 
363 0 0 8 0 0 0 0 4 0 0 5 0 4 0 42 0 
364 0 0 0 0 0 0 0 0 0 0 0 0 0 0 0 0 
365 0 0 0 0 0 0 0 0 0 0 0 0 0 0 0 0 
366 5 0 0 0 0 8 0 0 1 0 0 0 0 0 0 0 
367 0 0 0 0 0 2 0 0 0 0 0 0 0 0 0 0 
368 0 0 0 0 0 1 0 0 0 0 4 0 0 0 0 0 
369 0 0 2 2 1 3 0 1 1 31 0 40 7 0 0 0 
370 0 0 0 0 0 0 0 0 0 0 0 0 0 0 0 0 
371 0 0 0 8 0 0 0 0 0 0 0 0 0 0 0 0 
372 0 0 0 1 0 14 0 0 0 0 0 0 0 0 0 0 
373 0 0 0 1 0 3 0 0 0 0 0 0 0 0 0 0 
374 0 0 0 1 0 0 0 0 0 0 0 0 0 0 0 0 
375 18 17 0 3 0 0 0 1 0 1 0 2 0 0 0 0 
376 0 0 0 2 0 0 0 0 0 0 0 0 0 0 0 0 
377 0 0 1 1 0 1 0 50 15 0 0 0 0 0 0 0 
378 0 14 0 5 0 0 0 0 0 12 0 0 0 0 0 0 
379 0 0 0 1 0 29 0 0 0 0 0 0 0 0 0 0 
380 1 0 2 3 1 3 12 16 2 3 4 27 0 0 0 0 
381 0 0 0 1 0 0 0 -1 -1 -1 -1 -1 -1 -1 -1 -1 
382 0 0 0 5 6 0 0 -1 -1 -1 -1 -1 -1 -1 -1 -1 
383 1 0 0 1 0 0 0 0 2 5 0 4 0 0 0 0 
384 0 43 1 4 1 0 0 -1 -1 -1 -1 -1 -1 -1 -1 -1 
385 5 0 2 2 1 6 12 18 67 51 1 15 8 0 13 0 
386 9 0 0 1 0 1 0 2 0 16 0 1 0 0 0 0 
387 0 0 0 0 6 0 0 10 4 0 1 0 1 0 0 0 
388 0 0 68 0 0 0 0 0 1 0 0 3 -1 -1 -1 -1 
389 1 0 8 0 1 0 1 1 0 0 0 16 3 0 5 2 
390 0 0 23 0 0 0 0 0 0 0 -1 -1 -1 -1 -1 -1 
391 0 0 0 0 1 0 0 0 9 0 0 4 0 0 0 0 
392 0 0 0 0 0 0 0 0 3 -1 -1 -1 -1 -1 -1 -1 
393 0 -1 -1 -1 -1 -1 -1 -1 -1 -1 -1 -1 -1 -1 -1 -1 
394 0 -1 -1 -1 -1 -1 -1 -1 -1 -1 -1 -1 -1 -1 -1 -1 
395 0 -1 -1 -1 -1 -1 -1 -1 -1 -1 -1 -1 -1 -1 -1 -1 
396 0 -1 -1 -1 -1 -1 -1 -1 -1 -1 -1 -1 -1 -1 -1 -1 
397 0 -1 -1 -1 -1 -1 -1 -1 -1 -1 -1 -1 -1 -1 -1 -1 
398 0 -1 -1 -1 -1 -1 -1 -1 -1 -1 -1 -1 -1 -1 -1 -1 
399 0 -1 -1 -1 -1 -1 -1 -1 -1 -1 -1 -1 -1 -1 -1 -1 
400 0 -1 -1 -1 -1 -1 -1 -1 -1 -1 -1 -1 -1 -1 -1 -1 
401 0 -1 -1 -1 -1 -1 -1 -1 -1 -1 -1 -1 -1 -1 -1 -1 
402 0 -1 -1 -1 -1 -1 -1 -1 -1 -1 -1 -1 -1 -1 -1 -1 
403 0 -1 -1 -1 -1 -1 -1 -1 -1 -1 -1 -1 -1 -1 -1 -1 
404 0 -1 -1 -1 -1 -1 -1 -1 -1 -1 -1 -1 -1 -1 -1 -1 
405 0 -1 -1 -1 -1 -1 -1 -1 -1 -1 -1 -1 -1 -1 -1 -1 
406 0 -1 -1 -1 -1 -1 -1 -1 -1 -1 -1 -1 -1 -1 -1 -1 
407 0 -1 -1 -1 -1 -1 -1 -1 -1 -1 -1 -1 -1 -1 -1 -1 
408 0 -1 -1 -1 -1 -1 -1 -1 -1 -1 -1 -1 -1 -1 -1 -1 
409 0 -1 -1 -1 -1 -1 -1 -1 -1 -1 -1 -1 -1 -1 -1 -1 
410 0 -1 -1 -1 -1 -1 -1 -1 -1 -1 -1 -1 -1 -1 -1 -1 
411 0 -1 -1 -1 -1 -1 -1 -1 -1 -1 -1 -1 -1 -1 -1 -1 
412 0 -1 -1 -1 -1 -1 -1 -1 -1 -1 -1 -1 -1 -1 -1 -1 
413 0 -1 -1 -1 -1 -1 -1 -1 -1 -1 -1 -1 -1 -1 -1 -1 
414 0 -1 -1 -1 -1 -1 -1 -1 -1 -1 -1 -1 -1 -1 -1 -1 
415 0 -1 -1 -1 -1 -1 -1 -1 -1 -1 -1 -1 -1 -1 -1 -1 
416 0 -1 -1 -1 -1 -1 -1 -1 -1 -1 -1 -1 -1 -1 -1 -1 
417 0 -1 -1 -1 -1 -1 -1 -1 -1 -1 -1 -1 -1 -1 -1 -1 
418 0 -1 -1 -1 -1 -1 -1 -1 -1 -1 -1 -1 -1 -1 -1 -1 
419 0 -1 -1 -1 -1 -1 -1 -1 -1 -1 -1 -1 -1 -1 -1 -1 
420 0 -1 -1 -1 -1 -1 -1 -1 -1 -1 -1 -1 -1 -1 -1 -1 
421 0 -1 -1 -1 -1 -1 -1 -1 -1 -1 -1 -1 -1 -1 -1 -1 
422 0 -1 -1 -1 -1 -1 -1 -1 -1 -1 -1 -1 -1 -1 -1 -1 
423 0 -1 -1 -1 -1 -1 -1 -1 -1 -1 -1 -1 -1 -1 -1 -1 
424 0 -1 -1 -1 -1 -1 -1 -1 -1 -1 -1 -1 -1 -1 -1 -1 
425 0 -1 -1 -1 -1 -1 -1 -1 -1 -1 -1 -1 -1 -1 -1 -1 
426 1 0 0 0 5 0 0 0 0 0 0 0 0 0 0 0 
427 -1 0 0 0 2 0 0 0 0 3 0 0 0 0 0 0 
428 1 1 4 1 13 0 0 0 1 0 0 0 0 0 0 0 
429 -1 0 0 0 0 1 0 0 0 0 0 0 0 0 0 0 
430 -1 0 0 0 0 0 0 0 0 0 0 0 0 0 0 0 
431 -1 0 0 0 1 0 0 0 0 0 0 0 0 0 0 0 
432 -1 0 1 0 1 0 0 0 0 0 0 0 0 0 0 7 
433 -1 0 1 0 0 0 0 0 6 0 0 0 0 0 0 0 
434 -1 0 0 0 0 0 0 0 0 0 0 0 0 0 0 0 
435 -1 0 0 0 0 0 0 0 0 0 0 2 0 0 0 0 
436 -1 0 2 1 10 1 0 0 2 10 0 0 0 0 0 0 
437 -1 0 0 0 10 0 0 0 0 0 0 2 0 0 0 0 
438 -1 0 0 0 1 0 0 0 0 0 0 2 0 0 0 0 
439 -1 0 1 2 2 0 0 0 6 7 0 0 0 0 0 0 
440 -1 9 2 1 10 1 0 0 10 13 0 1 0 0 0 0 
441 -1 0 0 3 2 0 0 0 0 2 0 0 0 0 0 0 
442 -1 0 0 0 0 0 0 0 0 0 0 0 0 0 0 0 
443 -1 0 0 0 0 0 0 0 0 0 0 0 0 0 0 0 
444 -1 0 0 0 0 0 0 0 0 0 0 0 0 0 0 0 
445 -1 3 0 0 0 0 0 0 0 11 0 0 0 0 0 0 
446 -1 0 0 0 0 0 0 0 0 0 -1 -1 -1 -1 -1 -1 
447 -1 0 1 0 0 0 0 -1 -1 -1 -1 -1 -1 -1 -1 -1 
448 -1 0 0 0 0 0 0 -1 -1 -1 -1 -1 -1 -1 -1 -1 
449 -1 0 0 0 0 0 0 -1 -1 -1 -1 -1 -1 -1 -1 -1 
450 -1 0 0 0 0 0 0 2 0 0 0 1 1 0 0 0 
451 -1 0 0 3 0 3 0 0 0 0 0 0 0 0 0 0 
452 1 0 0 0 0 0 0 0 0 0 0 0 0 0 0 0 
453 -1 0 0 0 3 0 0 0 0 0 0 0 0 0 0 0 
454 -1 1 8 0 -1 -1 -1 -1 -1 -1 -1 -1 -1 -1 -1 -1 
455 -1 0 0 0 0 0 0 0 0 0 0 0 3 0 0 0 
456 -1 0 0 3 0 3 0 0 0 0 0 0 0 0 0 0 
457 1 0 0 0 4 0 0 0 0 0 0 0 2 0 0 4 
458 -1 0 0 0 20 0 0 0 1 0 0 0 39 0 0 1 
459 -1 11 1 4 0 4 0 0 0 0 4 0 -1 -1 -1 -1 
460 -1 0 0 0 0 0 0 0 0 0 0 0 -1 -1 -1 -1 
461 -1 0 0 0 1 0 0 0 0 0 0 0 -1 -1 -1 -1 
462 -1 0 0 0 0 0 0 0 0 0 0 0 0 0 0 0 
463 -1 0 0 0 0 0 0 0 0 0 0 0 0 0 0 0 
464 -1 0 0 5 77 8 0 0 8 0 0 1 0 0 0 4 
465 -1 0 0 0 3 0 0 0 0 3 0 0 0 0 0 0 
466 -1 0 0 0 4 0 0 0 0 3 0 0 0 0 0 0 
467 2 0 0 0 1 0 0 0 0 0 0 0 0 0 0 0 
468 -1 0 0 0 1 0 1 0 0 0 0 0 0 0 0 0 
469 56 331 10 9 1 8 1 1 1 3 0 4 0 1 1 5 
470 2 0 4 0 5 0 0 0 0 0 0 0 0 0 0 0 
471 -1 0 0 0 2 0 0 0 0 0 0 0 0 0 0 0 
472 -1 0 0 1 4 1 0 0 0 0 0 0 0 0 0 0 
473 2 0 -1 -1 -1 -1 -1 -1 -1 -1 -1 -1 -1 -1 -1 -1 
474 -1 0 0 0 0 0 3 0 0 0 0 0 0 0 0 0 
475 -1 0 2 0 3 0 0 0 0 0 0 0 0 0 0 0 
476 -1 0 0 0 2 0 0 1 0 0 0 0 0 0 0 0 
477 2 0 -1 -1 -1 -1 -1 -1 -1 -1 -1 -1 -1 -1 -1 -1 
478 -1 0 -1 -1 -1 -1 -1 -1 -1 -1 -1 -1 -1 -1 -1 -1 
479 -1 0 0 0 0 0 0 -1 -1 -1 -1 -1 -1 -1 -1 -1 
480 -1 0 -1 -1 -1 -1 -1 -1 -1 -1 -1 -1 -1 -1 -1 -1 
481 -1 0 -1 -1 -1 -1 -1 -1 -1 -1 -1 -1 -1 -1 -1 -1 
482 5 0 -1 -1 -1 -1 -1 -1 -1 -1 -1 -1 -1 -1 -1 -1 
483 -1 0 -1 -1 -1 -1 -1 -1 -1 -1 -1 -1 -1 -1 -1 -1 
484 -1 0 0 0 0 0 0 -1 -1 -1 -1 -1 -1 -1 -1 -1 
485 3 0 0 0 0 0 0 -1 -1 -1 -1 -1 -1 -1 -1 -1 
486 3 0 -1 -1 -1 -1 -1 -1 -1 -1 -1 -1 -1 -1 -1 -1 
487 5 0 -1 -1 -1 -1 -1 -1 -1 -1 -1 -1 -1 -1 -1 -1 
488 -1 0 0 0 0 0 0 -1 -1 -1 -1 -1 -1 -1 -1 -1 
489 -1 0 0 0 0 0 2 0 1 0 0 0 0 0 0 0 
490 -1 0 0 0 0 0 0 -1 -1 -1 -1 -1 -1 -1 -1 -1 
491 -1 0 -1 -1 -1 -1 -1 -1 -1 -1 -1 -1 -1 -1 -1 -1 
492 -1 0 0 0 0 0 0 -1 -1 -1 -1 -1 -1 -1 -1 -1 
493 -1 0 0 0 0 0 0 -1 -1 -1 -1 -1 -1 -1 -1 -1 
494 -1 0 0 0 0 0 0 -1 -1 -1 -1 -1 -1 -1 -1 -1 
495 -1 0 0 0 0 0 0 -1 -1 -1 -1 -1 -1 -1 -1 -1 
496 -1 3 1 0 3 43 0 0 0 0 -1 -1 -1 -1 -1 -1 
497 -1 -1 0 0 3 0 0 -1 -1 -1 -1 -1 -1 -1 -1 -1 
498 -1 -1 0 0 2 0 0 0 0 0 -1 -1 -1 -1 -1 -1 
499 -1 -1 8 1 32 1 0 0 1 1 -1 -1 -1 -1 -1 -1 
500 -1 -1 227 1 1 1 0 0 0 3 -1 -1 -1 -1 -1 -1 
501 -1 -1 4 1 1 1 0 0 0 48 -1 -1 -1 -1 -1 -1 
502 -1 -1 0 0 1 0 0 0 0 0 -1 -1 -1 -1 -1 -1 
503 -1 -1 0 0 1 0 0 0 0 0 -1 -1 -1 -1 -1 -1 
504 -1 -1 0 0 1 0 0 -1 -1 -1 -1 -1 -1 -1 -1 -1 
505 -1 -1 0 0 3 0 0 0 0 0 -1 -1 -1 -1 -1 -1 
506 -1 -1 0 0 3 0 0 0 0 0 -1 -1 -1 -1 -1 -1 
507 -1 -1 13 0 1 7 0 0 0 0 -1 -1 -1 -1 -1 -1 
508 -1 -1 1 178 2 0 0 0 0 5 0 5 0 0 0 0 
509 -1 -1 1 1 4 2 0 0 1 6 0 27 1 0 0 12 
510 -1 -1 0 0 1 0 0 0 0 0 -1 -1 -1 -1 -1 -1 
511 -1 -1 0 0 2 0 0 0 2 0 0 0 -1 -1 -1 -1 
512 -1 2 32 1 2 1 13 0 22 6 0 58 -1 -1 -1 -1 
513 -1 -1 5 0 1 6 0 0 2 0 0 0 -1 -1 -1 -1 
514 -1 -1 0 0 1 0 0 0 1 0 0 0 -1 -1 -1 -1 
515 -1 -1 3 0 13 6 0 0 2 0 0 0 -1 -1 -1 -1 
516 -1 -1 38 0 5 2 0 0 4 1 0 4 -1 -1 -1 -1 
517 -1 -1 4 0 1 6 0 0 2 2 0 0 -1 -1 -1 -1 
518 -1 -1 0 11 9 0 0 0 0 0 0 1 0 0 0 0 
519 -1 -1 0 12 12 0 0 0 0 0 0 0 -1 -1 -1 -1 
520 -1 -1 0 0 0 0 0 0 0 0 0 0 0 0 0 0 
521 -1 -1 0 0 4 0 0 0 0 0 0 0 0 0 0 0 
522 -1 -1 0 1 6 0 0 0 0 0 0 0 0 0 0 0 
523 -1 -1 0 1 1 0 0 0 0 0 0 0 0 0 0 0 
524 -1 -1 0 9 29 0 0 0 0 3 0 2 0 0 1 0 
525 -1 -1 0 0 1 0 0 0 0 0 0 0 0 0 0 0 
526 -1 -1 0 1 0 0 0 0 2 0 0 0 0 0 0 0 
527 -1 4 1 3 4 1 2 0 1 1 0 0 0 0 0 25 
528 -1 -1 0 0 3 0 0 0 0 0 0 0 0 0 0 0 
529 -1 -1 0 2 0 0 0 0 0 0 0 0 0 0 0 0 
530 -1 -1 0 2 2 0 1 0 0 0 0 0 0 0 0 0 
531 -1 -1 0 5 2 0 0 0 3 5 0 6 0 0 9 0 
532 -1 19 0 2 5 0 4 0 0 0 0 0 0 0 0 0 
533 -1 -1 1 0 0 0 0 0 0 0 0 0 0 0 0 0 
534 -1 20 1 2 1 0 0 0 0 0 0 0 0 0 0 0 
535 -1 -1 0 2 1 0 0 0 0 0 0 0 0 0 0 0 
536 -1 1 3 1 51 2 1 0 0 0 0 0 0 0 0 0 
537 -1 12 34 2 1 1 18 3 3 542 0 0 20 0 0 0 
538 -1 -1 0 0 4 2 0 0 0 0 0 1 0 0 0 0 
539 -1 -1 1 0 4 0 2 0 0 0 0 0 0 0 0 0 
540 -1 -1 0 0 3 0 0 0 0 0 0 0 2 0 0 0 
541 -1 -1 0 0 1 14 0 0 2 19 0 0 2 0 0 0 
542 -1 -1 0 0 3 56 37 0 0 0 0 0 0 0 0 0 
543 -1 -1 0 0 3 1 0 0 0 0 0 0 0 0 0 0 
544 -1 -1 10 1 3 0 0 0 0 0 0 0 0 0 0 0 
545 -1 -1 0 0 2 0 0 0 2 0 -1 -1 -1 -1 -1 -1 
546 -1 3 2 0 1 31 0 0 5 0 2 0 7 0 19 0 
547 -1 -1 1 0 0 0 0 0 20 0 -1 -1 -1 -1 -1 -1 
548 -1 -1 0 0 2 15 0 0 3 0 0 0 1 0 0 10 
549 -1 -1 0 0 0 0 0 0 0 0 0 0 18 0 0 0 
550 -1 -1 1 0 0 0 0 0 0 0 -1 -1 -1 -1 -1 -1 
551 1 -1 0 0 5 0 1 0 1 0 -1 -1 -1 -1 -1 -1 
552 -1 -1 1 0 0 0 0 0 0 0 0 0 0 0 0 0 
553 -1 -1 0 2 2 0 0 0 0 0 0 0 2 0 0 0 
554 -1 -1 0 0 1 0 0 0 46 0 -1 -1 -1 -1 -1 -1 
555 -1 -1 0 0 1 0 0 0 0 0 0 0 25 0 0 1 
556 -1 -1 1 2 0 0 0 0 0 0 -1 -1 -1 -1 -1 -1 
557 -1 -1 0 0 0 0 0 -1 -1 -1 -1 -1 -1 -1 -1 -1 
558 -1 -1 -1 2 0 0 0 4 0 0 0 0 0 0 0 0 
559 -1 -1 -1 2 0 0 14 2 0 0 0 0 2 0 0 0 
560 -1 -1 -1 0 0 0 0 -1 -1 -1 -1 -1 -1 -1 -1 -1 
561 -1 -1 -1 0 1 0 0 0 0 0 0 0 0 0 0 0 
562 -1 -1 2 0 0 0 0 -1 -1 -1 -1 -1 -1 -1 -1 -1 
563 -1 -1 7 1 3 0 9 0 0 0 -1 -1 -1 -1 -1 -1 
564 -1 -1 -1 -1 1 0 0 0 0 0 -1 -1 -1 -1 -1 -1 
565 -1 -1 23 -1 2 0 0 0 0 0 -1 -1 -1 -1 -1 -1 
566 -1 -1 8 -1 0 0 0 0 2 4 0 3 -1 -1 -1 -1 
567 -1 -1 -1 -1 0 0 0 0 0 0 0 0 0 0 0 0 
568 -1 -1 -1 -1 0 0 0 0 0 -1 -1 -1 -1 -1 -1 -1 
569 -1 -1 -1 -1 0 0 0 -1 -1 -1 -1 -1 -1 -1 -1 -1 
570 -1 -1 -1 -1 0 0 0 0 0 0 0 0 0 0 0 0 
571 -1 -1 -1 -1 3 0 0 0 0 0 0 0 0 0 0 0 
572 -1 -1 -1 -1 1 0 0 0 0 0 0 0 0 0 0 0 
573 -1 -1 -1 -1 0 0 0 0 0 0 0 0 0 0 0 0 
574 -1 -1 -1 2 2 0 0 0 0 0 0 0 0 0 0 0 
575 -1 -1 -1 1 0 0 0 0 0 0 0 0 0 0 0 0 
576 -1 -1 -1 -1 0 0 0 0 0 0 0 0 0 0 0 0 
577 -1 -1 -1 -1 0 0 0 0 0 0 0 0 0 0 0 0 
578 -1 -1 -1 -1 0 0 0 0 0 0 0 0 4 0 0 0 
579 -1 -1 -1 -1 1 0 0 0 0 0 0 0 0 0 0 0 
580 -1 -1 -1 -1 0 0 0 1 0 0 0 1 16 0 0 0 
581 -1 -1 -1 -1 1 5 0 0 0 0 0 1 1 0 0 0 
582 -1 -1 -1 -1 28 0 0 0 0 0 0 0 1 0 0 0 
583 -1 -1 -1 -1 3 0 0 0 0 0 1 0 1 0 0 0 
584 -1 -1 1 6 3 2 0 0 0 0 0 0 0 0 0 0 
585 -1 -1 -1 -1 2 0 0 0 0 0 0 0 0 0 0 0 
586 -1 -1 -1 -1 0 0 0 1 3 0 0 17 0 0 0 0 
587 -1 -1 -1 -1 0 0 0 0 0 0 0 0 0 0 0 0 
588 -1 -1 6 7 1 0 0 -1 -1 -1 -1 -1 -1 -1 -1 -1 
589 -1 -1 -1 2 28 1 33 0 0 -1 -1 -1 -1 -1 -1 -1 
590 -1 -1 -1 -1 0 0 0 0 0 0 0 0 0 0 0 0 
591 -1 -1 4 -1 1 2 0 3 0 0 1 1 5 0 4 0 
592 -1 -1 -1 -1 1 0 0 0 0 0 0 0 0 0 0 0 
593 -1 -1 -1 10 0 0 0 0 6 0 0 0 0 0 0 0 
594 -1 -1 -1 -1 0 5 0 0 0 0 0 0 0 0 0 0 
595 -1 -1 1 9 1 2 0 0 0 33 1 0 1 0 0 0 
596 -1 -1 1 -1 2 0 0 0 0 0 0 1 5 0 0 0 
597 -1 -1 -1 -1 6 0 0 0 0 0 0 0 0 0 0 0 
598 -1 -1 -1 5 4 2 0 0 0 0 0 1 0 0 0 0 
599 -1 -1 -1 -1 7 3 0 96 0 0 0 0 30 0 0 0 
600 -1 -1 2 1 0 0 0 -1 -1 -1 -1 -1 -1 -1 -1 -1 
601 -1 -1 -1 1 0 0 0 -1 -1 -1 -1 -1 -1 -1 -1 -1 
602 -1 -1 1 1 0 0 0 -1 -1 -1 -1 -1 -1 -1 -1 -1 
603 -1 -1 -1 1 0 0 0 -1 -1 -1 -1 -1 -1 -1 -1 -1 
604 -1 -1 -1 1 0 0 0 -1 -1 -1 -1 -1 -1 -1 -1 -1 
605 -1 -1 26 -1 27 0 0 -1 -1 -1 -1 -1 -1 -1 -1 -1 
606 -1 -1 2 1 0 0 0 -1 -1 -1 -1 -1 -1 -1 -1 -1 
607 -1 -1 2 1 0 0 0 -1 -1 -1 -1 -1 -1 -1 -1 -1 
608 -1 -1 2 1 0 0 0 -1 -1 -1 -1 -1 -1 -1 -1 -1 
609 -1 -1 2 1 0 0 0 -1 -1 -1 -1 -1 -1 -1 -1 -1 
610 -1 -1 -1 1 0 0 0 -1 -1 -1 -1 -1 -1 -1 -1 -1 
611 -1 -1 2 1 0 0 0 -1 -1 -1 -1 -1 -1 -1 -1 -1 
612 -1 -1 2 1 0 0 0 -1 -1 -1 -1 -1 -1 -1 -1 -1 
613 -1 -1 2 1 0 0 0 -1 -1 -1 -1 -1 -1 -1 -1 -1 
614 -1 -1 2 1 0 0 0 -1 -1 -1 -1 -1 -1 -1 -1 -1 
615 -1 -1 2 1 0 0 0 -1 -1 -1 -1 -1 -1 -1 -1 -1 
616 -1 -1 2 1 0 0 0 -1 -1 -1 -1 -1 -1 -1 -1 -1 
617 -1 -1 2 1 0 0 0 -1 -1 -1 -1 -1 -1 -1 -1 -1 
618 -1 -1 -1 1 0 0 0 -1 -1 -1 -1 -1 -1 -1 -1 -1 
619 -1 -1 2 1 0 0 0 -1 -1 -1 -1 -1 -1 -1 -1 -1 
620 -1 -1 -1 1 0 0 0 -1 -1 -1 -1 -1 -1 -1 -1 -1 
621 -1 -1 2 1 0 0 0 -1 -1 -1 -1 -1 -1 -1 -1 -1 
622 -1 -1 2 1 0 0 0 -1 -1 -1 -1 -1 -1 -1 -1 -1 
623 -1 -1 2 1 0 0 0 -1 -1 -1 -1 -1 -1 -1 -1 -1 
624 -1 -1 2 1 0 0 0 -1 -1 -1 -1 -1 -1 -1 -1 -1 
625 -1 -1 2 1 0 0 0 -1 -1 -1 -1 -1 -1 -1 -1 -1 
626 -1 -1 2 1 0 0 0 -1 -1 -1 -1 -1 -1 -1 -1 -1 
627 -1 -1 2 1 0 0 0 -1 -1 -1 -1 -1 -1 -1 -1 -1 
628 -1 -1 2 1 0 0 0 -1 -1 -1 -1 -1 -1 -1 -1 -1 
629 -1 -1 2 1 0 0 0 -1 -1 -1 -1 -1 -1 -1 -1 -1 
630 -1 -1 2 1 0 0 0 -1 -1 -1 -1 -1 -1 -1 -1 -1 
631 -1 -1 2 1 0 0 0 -1 -1 -1 -1 -1 -1 -1 -1 -1 
632 -1 -1 2 1 0 0 0 -1 -1 -1 -1 -1 -1 -1 -1 -1 
633 -1 -1 2 1 0 0 0 -1 -1 -1 -1 -1 -1 -1 -1 -1 
634 -1 -1 7 2 18 0 0 -1 -1 -1 -1 -1 -1 -1 -1 -1 
635 -1 -1 -1 -1 0 0 0 -1 -1 -1 -1 -1 -1 -1 -1 -1 
636 -1 -1 -1 -1 0 0 0 -1 -1 -1 -1 -1 -1 -1 -1 -1 
637 -1 -1 43 -1 0 0 0 -1 -1 -1 -1 -1 -1 -1 -1 -1 
638 -1 -1 -1 -1 0 0 0 -1 -1 -1 -1 -1 -1 -1 -1 -1 
639 -1 -1 -1 -1 3 0 0 -1 -1 -1 -1 -1 -1 -1 -1 -1 
640 -1 -1 -1 -1 0 0 0 -1 -1 -1 -1 -1 -1 -1 -1 -1 
641 -1 -1 -1 -1 0 0 0 -1 -1 -1 -1 -1 -1 -1 -1 -1 
642 -1 -1 -1 -1 0 0 0 -1 -1 -1 -1 -1 -1 -1 -1 -1 
643 -1 -1 -1 -1 2 0 0 -1 -1 -1 -1 -1 -1 -1 -1 -1 
644 -1 -1 -1 -1 1 0 0 -1 -1 -1 -1 -1 -1 -1 -1 -1 
645 -1 -1 -1 -1 2 0 0 -1 -1 -1 -1 -1 -1 -1 -1 -1 
646 -1 -1 -1 -1 0 0 0 -1 -1 -1 -1 -1 -1 -1 -1 -1 
647 -1 -1 -1 -1 2 0 0 -1 -1 -1 -1 -1 -1 -1 -1 -1 
648 -1 -1 -1 -1 3 0 0 -1 -1 -1 -1 -1 -1 -1 -1 -1 
649 -1 -1 -1 -1 2 0 0 -1 -1 -1 -1 -1 -1 -1 -1 -1 
650 -1 -1 -1 -1 2 0 0 -1 -1 -1 -1 -1 -1 -1 -1 -1 
651 -1 -1 -1 -1 4 0 0 -1 -1 -1 -1 -1 -1 -1 -1 -1 
652 -1 -1 -1 -1 3 0 0 -1 -1 -1 -1 -1 -1 -1 -1 -1 
653 -1 -1 -1 -1 1 0 0 -1 -1 -1 -1 -1 -1 -1 -1 -1 
654 -1 -1 -1 -1 0 0 0 -1 -1 -1 -1 -1 -1 -1 -1 -1 
655 -1 -1 -1 -1 4 0 0 -1 -1 -1 -1 -1 -1 -1 -1 -1 
656 -1 -1 -1 -1 1 0 0 -1 -1 -1 -1 -1 -1 -1 -1 -1 
657 -1 -1 -1 -1 0 0 0 -1 -1 -1 -1 -1 -1 -1 -1 -1 
658 -1 -1 -1 -1 1 0 0 -1 -1 -1 -1 -1 -1 -1 -1 -1 
659 -1 -1 -1 -1 1 0 0 -1 -1 -1 -1 -1 -1 -1 -1 -1 
660 -1 -1 -1 -1 1 0 0 -1 -1 -1 -1 -1 -1 -1 -1 -1 
661 -1 -1 -1 -1 1 0 0 -1 -1 -1 -1 -1 -1 -1 -1 -1 
662 -1 -1 -1 -1 2 0 0 -1 -1 -1 -1 -1 -1 -1 -1 -1 
663 -1 -1 -1 -1 2 0 0 -1 -1 -1 -1 -1 -1 -1 -1 -1 
664 -1 -1 -1 -1 2 0 0 -1 -1 -1 -1 -1 -1 -1 -1 -1 
665 -1 -1 -1 -1 2 0 0 -1 -1 -1 -1 -1 -1 -1 -1 -1 
666 -1 -1 -1 -1 2 0 0 -1 -1 -1 -1 -1 -1 -1 -1 -1 
667 -1 -1 -1 -1 3 0 0 -1 -1 -1 -1 -1 -1 -1 -1 -1 
668 -1 -1 -1 -1 2 0 0 -1 -1 -1 -1 -1 -1 -1 -1 -1 
669 -1 -1 -1 -1 1 0 0 -1 -1 -1 -1 -1 -1 -1 -1 -1 
670 -1 -1 -1 -1 114 0 0 -1 -1 -1 -1 -1 -1 -1 -1 -1 
671 -1 -1 -1 -1 12 0 0 -1 -1 -1 -1 -1 -1 -1 -1 -1 
672 -1 -1 -1 -1 4 0 0 -1 -1 -1 -1 -1 -1 -1 -1 -1 
673 -1 -1 -1 -1 1 0 0 -1 -1 -1 -1 -1 -1 -1 -1 -1 
674 -1 -1 -1 3 12 0 0 -1 -1 -1 -1 -1 -1 -1 -1 -1 
675 -1 -1 -1 2 1 0 0 -1 -1 -1 -1 -1 -1 -1 -1 -1 
676 -1 -1 -1 3 0 0 0 -1 -1 -1 -1 -1 -1 -1 -1 -1 
677 -1 -1 -1 -1 4 0 0 -1 -1 -1 -1 -1 -1 -1 -1 -1 
678 -1 -1 9 2 0 0 0 -1 -1 -1 -1 -1 -1 -1 -1 -1 
679 -1 -1 -1 -1 0 0 0 -1 -1 -1 -1 -1 -1 -1 -1 -1 
680 -1 -1 -1 -1 8 0 0 -1 -1 -1 -1 -1 -1 -1 -1 -1 
681 -1 -1 -1 -1 8 0 0 -1 -1 -1 -1 -1 -1 -1 -1 -1 
682 -1 -1 -1 -1 8 0 0 -1 -1 -1 -1 -1 -1 -1 -1 -1 
683 -1 -1 -1 -1 9 1 0 -1 -1 -1 -1 -1 -1 -1 -1 -1 
684 -1 -1 -1 -1 0 0 0 -1 -1 -1 -1 -1 -1 -1 -1 -1 
685 -1 -1 -1 -1 0 0 0 -1 -1 -1 -1 -1 -1 -1 -1 -1 
686 -1 -1 -1 -1 1 0 0 0 0 0 -1 -1 -1 -1 -1 -1 
687 -1 -1 -1 -1 0 1 0 0 1 0 -1 -1 -1 -1 -1 -1 
688 -1 -1 -1 1 1 8 0 0 4 0 -1 -1 -1 -1 -1 -1 
689 -1 -1 -1 1 0 1 0 0 1 0 -1 -1 -1 -1 -1 -1 
690 -1 -1 -1 2 8 1 0 0 0 0 2 0 0 0 0 0 
691 -1 -1 -1 3 0 0 0 0 0 0 1 0 0 0 0 0 
692 -1 -1 -1 2 4 2 16 1 1 1 4 3 0 85 0 15 
693 -1 -1 -1 2 0 0 0 0 0 0 -1 -1 -1 -1 -1 -1 
694 -1 -1 -1 4 1 0 0 0 0 0 0 0 0 0 0 0 
695 -1 -1 1 2 1 0 0 0 1 1 0 4 0 0 0 0 
696 -1 -1 2 -1 0 0 0 0 0 0 0 0 0 0 0 0 
697 -1 -1 -1 4 0 0 0 0 0 0 0 0 0 0 0 0 
698 -1 -1 -1 -1 0 0 0 0 0 0 0 0 0 0 0 0 
699 -1 -1 -1 -1 0 0 0 0 0 18 0 0 0 0 0 0 
700 -1 -1 -1 -1 0 0 0 0 0 0 0 0 0 0 0 0 
701 -1 -1 3 1 6 0 0 1 0 0 0 15 28 3 0 0 
702 -1 -1 -1 2 0 0 0 0 1 0 0 0 0 0 0 0 
703 -1 -1 5 -1 0 0 0 0 0 33 0 0 0 0 0 12 
704 -1 -1 -1 -1 0 0 0 0 0 0 0 0 0 0 0 0 
705 -1 -1 -1 -1 0 0 0 0 0 5 0 0 0 0 0 0 
706 -1 -1 -1 -1 5 0 0 0 0 0 0 1 0 0 0 0 
707 -1 -1 -1 -1 0 16 0 2 0 1 11 23 0 1 0 0 
708 -1 -1 -1 -1 2 0 0 0 0 0 0 6 18 0 3 0 
709 -1 -1 1 -1 0 0 0 0 4 0 0 0 0 0 0 0 
710 -1 -1 3 4 9 0 0 0 6 0 0 0 0 0 0 0 
711 -1 -1 5 9 1 0 0 0 3 0 0 0 0 0 0 0 
712 -1 -1 2 -1 4 0 0 0 11 0 0 0 0 0 0 0 
713 -1 -1 -1 -1 1 0 0 0 6 0 -1 -1 -1 -1 -1 -1 
714 -1 -1 -1 -1 -1 0 0 0 0 0 0 0 0 0 0 0 
715 -1 -1 -1 -1 1 2 0 0 0 0 0 2 0 0 0 0 
716 -1 -1 -1 -1 -1 0 0 0 0 0 0 0 0 0 0 0 
717 -1 -1 -1 -1 -1 -1 0 1 0 39 6 0 0 1 0 1 
718 -1 -1 -1 -1 5 5 58 2 5 81 0 8 0 0 0 9 
719 -1 -1 -1 -1 2 14 -1 50 0 -1 -1 -1 -1 -1 -1 -1 
720 -1 -1 -1 -1 9 161 1 1 8 5 0 2 12 0 12 0 
721 -1 -1 -1 -1 -1 9 -1 0 1 0 0 0 6 1 0 0 
722 -1 -1 -1 -1 -1 -1 -1 0 0 0 0 0 0 0 0 0 
723 -1 -1 -1 -1 -1 1 -1 0 0 0 0 0 0 0 0 0 
724 -1 -1 -1 -1 -1 -1 -1 0 0 0 0 0 0 0 0 0 
725 -1 -1 -1 -1 -1 -1 -1 0 0 0 0 0 0 0 0 0 
726 -1 -1 -1 -1 -1 -1 -1 0 0 0 0 0 0 0 0 0 
727 -1 -1 -1 -1 -1 2 -1 0 0 0 0 0 0 0 0 0 
728 -1 -1 -1 -1 -1 -1 -1 0 0 0 0 0 0 0 0 0 
729 -1 -1 -1 -1 -1 -1 -1 0 0 0 0 0 0 0 0 0 
730 -1 -1 -1 -1 -1 117 -1 0 3 0 0 6 6 0 0 0 
731 -1 -1 -1 -1 9 -1 -1 0 0 2 36 0 0 0 0 0 
732 -1 -1 -1 -1 27 -1 -1 0 0 0 0 0 0 0 0 0 
733 -1 -1 -1 -1 -1 5 -1 0 0 0 0 0 0 0 0 0 
734 -1 -1 -1 -1 -1 5 3 0 1 2 0 0 0 0 0 0 
735 -1 -1 -1 -1 -1 4 -1 0 0 0 0 0 0 0 0 0 
736 -1 -1 -1 -1 -1 29 -1 9 2 0 0 1 3 0 6 0 
737 -1 -1 -1 -1 -1 -1 -1 0 2 0 -1 -1 -1 -1 -1 -1 
738 -1 -1 -1 -1 -1 1 -1 0 0 7 0 1 0 0 0 0 
739 -1 -1 -1 -1 -1 -1 -1 0 0 1 0 2 0 0 0 0 
740 -1 -1 -1 -1 -1 1 -1 0 0 0 0 0 0 0 0 0 
741 -1 -1 -1 -1 -1 -1 -1 0 0 0 -1 -1 -1 -1 -1 -1 
742 -1 -1 -1 -1 -1 1 -1 0 0 0 0 0 0 0 0 0 
743 -1 -1 -1 -1 9 14 -1 0 0 1 0 3 5 0 0 0 
744 -1 -1 -1 -1 -1 -1 -1 0 0 0 0 0 0 0 0 0 
745 -1 -1 -1 -1 -1 -1 -1 0 0 0 0 0 0 0 0 0 
746 -1 -1 -1 -1 -1 -1 -1 0 0 0 -1 -1 -1 -1 -1 -1 
747 -1 -1 -1 -1 -1 -1 -1 0 0 0 0 1 0 0 0 0 
748 -1 -1 -1 -1 -1 4 -1 0 0 0 0 0 0 0 0 0 
749 -1 -1 -1 -1 -1 1 -1 0 0 2 0 0 0 0 0 0 
750 -1 -1 -1 -1 -1 -1 -1 0 0 2 0 0 0 0 0 0 
751 -1 -1 -1 -1 -1 2 2 0 0 2 0 0 0 0 0 0 
752 -1 -1 -1 -1 -1 11 -1 2 2 0 -1 -1 -1 -1 -1 -1 
753 -1 -1 -1 -1 -1 63 1 2 8 0 0 0 1 0 0 0 
754 -1 -1 -1 -1 10 74 -1 1 19 3 7 3 18 0 5 5 
755 -1 -1 -1 -1 67 4 -1 0 2 50 0 4 13 0 0 1 
756 -1 -1 -1 -1 32 59 22 20 1 128 1 17 1 15 0 3 
757 -1 -1 -1 -1 -1 2 -1 0 0 1 0 0 0 0 0 0 
758 -1 -1 -1 -1 -1 1 -1 0 0 5 0 0 0 4 13 0 
759 -1 -1 -1 -1 -1 19 -1 0 10 1 0 0 0 0 0 0 
760 -1 -1 -1 -1 4 1 -1 0 1 8 5 1 0 0 0 0 
761 -1 -1 -1 -1 1 -1 3 1 3 82 2 3 0 0 4 0 
762 -1 -1 -1 -1 -1 13 -1 0 4 1 2 2 0 0 0 0 
763 -1 -1 -1 -1 1 -1 -1 0 0 1 0 1 0 0 0 0 
764 -1 -1 -1 -1 -1 -1 -1 0 2 4 -1 -1 -1 -1 -1 -1 
765 -1 -1 -1 -1 1 11 -1 2 2 6 0 2 0 0 0 0 
766 -1 -1 -1 -1 1 283 -1 0 1 2 0 1 3 0 0 0 
767 -1 -1 -1 -1 -1 250 -1 2 6 14 0 0 0 0 0 0 
768 -1 -1 -1 -1 -1 -1 -1 0 0 0 0 0 0 0 0 0 
769 -1 -1 -1 -1 -1 -1 -1 1 4 0 -1 -1 -1 -1 -1 -1 
770 -1 -1 -1 -1 -1 2 -1 1 0 0 0 15 0 0 0 0 
771 -1 -1 -1 -1 -1 179 -1 19 2 36 0 0 1 173 4 8 
772 -1 -1 -1 -1 -1 -1 -1 4 4 29 0 23 22 35 0 6 
773 -1 -1 -1 -1 5 53 -1 3 1 1 0 1 4 6 0 0 
774 -1 -1 -1 -1 -1 3 -1 48 0 0 0 0 3 0 1 0 
775 -1 -1 -1 -1 -1 -1 -1 0 1 0 0 0 0 0 0 0 
776 -1 -1 -1 -1 -1 1 2 0 0 0 0 0 0 0 0 0 
777 -1 -1 -1 -1 -1 -1 -1 1 1 0 -1 -1 -1 -1 -1 -1 
778 -1 -1 -1 -1 -1 -1 3 0 0 1 0 0 0 0 0 0 
779 -1 -1 -1 -1 -1 -1 -1 0 4 2 0 2 0 0 0 0 
780 -1 -1 -1 -1 -1 12 -1 0 1 2 0 10 2 66 2 2 
781 -1 -1 -1 -1 -1 -1 -1 6 75 3 0 2 1 23 0 0 
782 -1 -1 -1 -1 -1 -1 3 1 1 5 0 6 0 0 0 0 
783 -1 -1 -1 -1 -1 -1 -1 5 29 6 0 1 5 0 0 4 
784 -1 -1 -1 -1 -1 -1 -1 0 0 0 0 13 -1 -1 -1 -1 
785 -1 -1 -1 -1 9 5 -1 3 2 0 0 1 0 0 0 0 
786 -1 -1 -1 -1 93 293 -1 4 8 10 44 29 1 0 2 2 
787 -1 -1 -1 -1 -1 95 -1 3 2 2 0 2 3 0 10 0 
788 -1 -1 -1 -1 7 128 3 8 26 35 9 31 7 17 11 12 
789 -1 -1 -1 -1 -1 2 2 0 0 1 0 0 0 0 0 0 
790 -1 -1 -1 -1 1 -1 -1 1 0 0 0 0 2 0 0 0 
791 -1 -1 -1 -1 -1 -1 -1 0 0 0 -1 -1 -1 -1 -1 -1 
792 -1 -1 -1 -1 -1 -1 53 0 0 13 27 0 0 0 0 0 
793 -1 -1 -1 -1 -1 -1 -1 0 0 0 0 0 0 0 0 0 
794 -1 -1 -1 -1 1 -1 -1 0 1 0 0 18 0 3 3 3 
795 -1 -1 -1 -1 -1 -1 -1 0 0 0 0 0 2 0 0 0 
796 -1 -1 -1 -1 1 -1 -1 15 1 2 1 5 -1 -1 -1 -1 
797 -1 -1 -1 -1 -1 -1 -1 0 0 0 0 1 17 0 0 0 
798 -1 -1 -1 -1 3 -1 -1 0 0 0 0 0 0 0 0 0 
799 -1 -1 -1 -1 7 -1 -1 0 0 0 0 0 0 0 0 0 
800 -1 -1 -1 -1 -1 -1 22 1 0 1 0 0 1 0 0 0 
801 -1 -1 -1 -1 3 -1 -1 0 0 0 0 0 0 0 0 0 
802 -1 -1 -1 -1 -1 -1 -1 0 0 0 0 0 0 0 0 0 
803 -1 -1 -1 -1 3 -1 -1 0 0 0 0 0 0 0 0 0 
804 -1 -1 -1 -1 -1 -1 -1 0 0 0 0 0 2 0 0 0 
805 -1 -1 -1 -1 5 22 -1 0 0 0 0 0 2 0 7 0 
806 -1 -1 -1 -1 -1 -1 -1 0 0 0 0 0 0 0 0 0 
807 -1 -1 -1 -1 16 -1 -1 0 0 0 0 0 1 0 0 0 
808 -1 -1 -1 -1 -1 -1 -1 0 0 0 0 0 0 0 0 0 
809 -1 -1 -1 -1 -1 -1 -1 0 0 0 0 0 1 0 0 0 
810 -1 -1 -1 -1 -1 -1 -1 0 0 0 0 0 0 0 0 0 
811 -1 -1 -1 -1 -1 -1 -1 0 0 0 0 0 0 0 0 0 
812 -1 -1 -1 -1 -1 -1 -1 0 0 0 0 0 2 0 0 0 
813 -1 -1 -1 -1 1 -1 -1 2 1 5 0 0 0 0 0 0 
814 -1 -1 -1 -1 3 -1 -1 1 1 1 0 0 4 0 0 0 
815 -1 -1 -1 -1 -1 -1 -1 0 0 0 0 0 0 0 0 0 
816 -1 -1 -1 -1 -1 -1 -1 0 0 0 0 0 0 0 0 0 
817 -1 -1 -1 -1 -1 -1 -1 0 0 0 0 0 0 0 0 0 
818 -1 -1 -1 -1 -1 -1 -1 10 0 0 0 0 15 3 0 0 
819 -1 -1 -1 -1 -1 -1 -1 0 0 0 0 0 0 0 0 0 
820 -1 -1 -1 -1 -1 -1 -1 0 0 0 0 0 0 0 0 0 
821 -1 -1 -1 -1 -1 -1 -1 0 0 0 -1 -1 -1 -1 -1 -1 
822 -1 -1 -1 -1 -1 -1 -1 0 0 0 0 0 0 0 0 0 
823 -1 -1 -1 -1 -1 -1 -1 0 0 0 0 0 0 0 0 0 
824 -1 -1 -1 -1 -1 -1 -1 0 1 2 0 0 0 0 0 0 
825 -1 -1 -1 -1 -1 -1 -1 0 0 0 0 0 0 0 0 0 
826 -1 -1 -1 -1 -1 -1 -1 0 0 0 0 0 0 0 0 0 
827 -1 -1 -1 -1 -1 -1 -1 7 0 0 0 0 0 0 0 0 
828 -1 -1 -1 -1 -1 -1 -1 0 0 0 0 0 0 0 0 0 
829 -1 -1 -1 -1 -1 -1 -1 0 0 0 0 0 0 0 0 0 
830 -1 -1 -1 -1 -1 -1 -1 0 0 3 0 0 0 0 0 0 
831 -1 -1 -1 -1 -1 -1 1 21 2 0 0 2 0 0 0 0 
832 -1 -1 -1 -1 -1 -1 2 0 0 0 0 0 0 0 0 0 
833 -1 -1 -1 -1 -1 -1 -1 0 0 0 0 0 0 0 0 0 
834 -1 -1 -1 -1 -1 -1 -1 0 0 0 0 0 0 0 0 0 
835 -1 -1 -1 -1 -1 -1 -1 0 0 0 0 0 0 0 0 0 
836 -1 -1 -1 -1 -1 -1 -1 0 0 0 0 0 0 0 0 0 
837 -1 -1 -1 -1 -1 -1 -1 0 0 0 0 0 0 0 0 0 
838 -1 -1 -1 -1 -1 -1 -1 14 3 0 0 0 0 0 0 0 
839 -1 -1 -1 -1 -1 -1 -1 0 0 0 0 0 0 0 0 0 
840 -1 -1 -1 -1 1 -1 -1 0 0 3 0 0 0 0 0 0 
841 -1 -1 -1 -1 4 -1 -1 0 0 3 0 0 0 0 0 0 
842 -1 -1 -1 -1 -1 -1 -1 0 1 4 0 0 0 0 0 0 
843 -1 -1 -1 -1 -1 -1 -1 0 0 0 0 0 0 0 0 0 
844 -1 -1 -1 -1 -1 5 -1 0 0 0 0 0 0 0 0 0 
845 -1 -1 -1 -1 -1 -1 -1 0 0 3 0 0 0 0 0 0 
846 -1 -1 -1 -1 -1 -1 -1 0 0 0 0 0 0 0 0 0 
847 -1 -1 -1 -1 -1 2 -1 0 0 0 0 0 0 0 0 0 
848 -1 -1 -1 -1 -1 19 -1 0 3 25 0 177 0 0 0 0 
849 -1 -1 -1 -1 -1 10 -1 0 0 0 0 0 0 0 0 0 
850 -1 -1 -1 -1 -1 -1 -1 0 0 0 0 0 0 0 0 0 
851 -1 -1 -1 -1 -1 -1 -1 0 0 3 0 0 0 0 0 0 
852 -1 -1 -1 -1 -1 -1 -1 0 0 1 0 0 0 0 0 0 
853 -1 -1 -1 -1 -1 -1 -1 -1 1 0 -1 -1 -1 -1 -1 -1 
854 -1 -1 -1 -1 -1 -1 -1 -1 -1 37 0 0 0 0 0 0 
855 -1 -1 -1 -1 -1 -1 -1 -1 1 0 0 0 0 0 0 0 
856 -1 -1 -1 -1 -1 -1 -1 -1 -1 0 0 0 0 0 0 0 
857 -1 -1 -1 -1 -1 -1 -1 -1 4 0 0 0 0 0 0 0 
858 -1 -1 -1 -1 -1 -1 -1 -1 -1 0 -1 -1 -1 -1 -1 -1 
859 -1 -1 -1 -1 -1 -1 -1 -1 -1 0 0 0 0 0 0 0 
860 -1 -1 -1 -1 -1 -1 -1 -1 1 0 0 0 0 0 0 0 
861 -1 -1 -1 -1 -1 -1 -1 -1 -1 0 0 0 0 0 0 0 
862 -1 -1 -1 -1 -1 -1 -1 -1 -1 0 0 0 0 0 0 0 
863 -1 -1 -1 -1 -1 -1 -1 -1 -1 0 0 0 0 0 0 0 
864 -1 -1 -1 -1 -1 -1 -1 -1 -1 0 0 0 0 0 0 0 
865 -1 -1 -1 -1 -1 -1 -1 -1 2 0 0 4 0 0 0 0 
866 -1 -1 -1 -1 -1 -1 -1 -1 -1 1 0 0 0 0 0 0 
867 -1 -1 -1 -1 -1 -1 -1 -1 -1 5 0 0 0 0 0 0 
868 -1 -1 -1 -1 -1 -1 -1 -1 -1 0 0 0 0 0 0 0 
869 -1 -1 -1 -1 -1 -1 -1 -1 -1 0 0 0 0 0 0 0 
870 -1 -1 -1 -1 -1 -1 -1 -1 -1 0 0 0 0 0 0 0 
871 -1 -1 -1 -1 -1 -1 -1 -1 -1 0 0 0 0 0 0 0 
872 -1 -1 -1 -1 -1 -1 -1 -1 -1 0 0 0 0 0 0 0 
873 -1 -1 -1 -1 -1 -1 -1 -1 11 0 0 0 0 0 0 0 
874 -1 -1 -1 -1 -1 -1 -1 -1 -1 0 0 0 0 0 0 0 
875 -1 -1 -1 -1 -1 -1 -1 -1 -1 0 0 0 0 0 0 0 
876 -1 -1 -1 -1 -1 -1 -1 -1 -1 0 0 0 0 0 0 0 
877 -1 -1 -1 -1 -1 -1 -1 -1 -1 0 0 0 0 0 0 0 
878 -1 -1 -1 -1 -1 -1 -1 -1 -1 0 0 0 0 0 0 0 
879 -1 -1 -1 -1 -1 -1 -1 -1 1 0 0 0 0 0 0 0 
880 -1 -1 -1 -1 -1 -1 -1 -1 -1 0 0 0 0 0 0 0 
881 -1 -1 -1 -1 -1 -1 -1 -1 -1 0 0 0 0 0 0 0 
882 -1 -1 -1 -1 -1 -1 -1 2 -1 0 0 0 1 0 1 0 
883 -1 -1 -1 -1 -1 -1 -1 -1 2 0 0 8 0 0 0 0 
884 -1 -1 -1 -1 -1 -1 -1 -1 -1 0 20 5 -1 -1 -1 -1 
885 -1 -1 -1 -1 -1 -1 -1 -1 2 0 0 0 0 0 0 0 
886 -1 -1 -1 -1 -1 -1 -1 -1 -1 0 0 0 3 0 0 0 
887 -1 -1 -1 -1 -1 -1 -1 -1 -1 0 0 0 2 0 0 0 
888 -1 -1 -1 -1 -1 -1 -1 -1 1 0 0 0 0 0 0 0 
889 -1 -1 -1 -1 -1 -1 -1 -1 2 0 0 8 3 0 0 0 
890 -1 -1 -1 -1 -1 -1 1 -1 1 7 0 0 9 0 0 0 
891 -1 -1 -1 -1 -1 -1 -1 -1 -1 0 0 0 0 0 0 0 
892 -1 -1 -1 -1 -1 -1 -1 -1 -1 0 0 0 0 0 0 0 
893 -1 -1 -1 -1 -1 -1 -1 -1 -1 0 0 0 0 0 0 0 
894 -1 -1 -1 -1 -1 -1 -1 -1 -1 0 0 0 0 0 0 0 
895 -1 -1 -1 -1 -1 -1 -1 -1 -1 0 0 0 0 0 0 0 
896 -1 -1 -1 -1 -1 -1 -1 -1 -1 0 0 0 0 0 0 0 
897 -1 -1 -1 -1 -1 -1 -1 -1 -1 0 0 34 0 0 0 0 
898 -1 -1 -1 -1 -1 -1 -1 -1 9 0 0 2 0 0 0 0 
899 -1 -1 -1 -1 -1 -1 -1 -1 -1 0 0 0 1 0 0 0 
900 -1 -1 -1 -1 -1 -1 -1 -1 -1 0 0 0 0 0 0 0 
901 -1 -1 -1 -1 -1 -1 -1 -1 -1 0 0 0 0 0 0 0 
902 -1 -1 -1 -1 -1 -1 -1 -1 -1 0 0 0 0 0 0 0 
903 -1 -1 -1 -1 -1 -1 -1 -1 -1 0 0 0 0 0 0 0 
904 -1 -1 -1 -1 -1 -1 -1 -1 -1 0 0 0 0 0 0 0 
905 -1 -1 -1 -1 -1 -1 -1 -1 3 0 0 0 0 0 0 0 
906 -1 -1 -1 -1 -1 -1 -1 -1 -1 0 0 0 0 0 0 0 
907 -1 -1 -1 -1 -1 -1 -1 -1 4 0 0 6 0 0 0 0 
908 -1 -1 -1 -1 -1 -1 -1 -1 -1 0 0 0 0 0 0 0 
909 -1 -1 -1 -1 -1 -1 -1 -1 2 0 0 0 0 0 0 0 
910 -1 -1 -1 -1 -1 -1 -1 1 1 9 0 0 9 0 0 0 
911 -1 -1 -1 -1 -1 -1 -1 -1 -1 0 0 0 0 0 0 0 
912 -1 -1 -1 -1 -1 -1 -1 -1 -1 0 0 133 1 1 0 0 
913 -1 -1 -1 -1 -1 -1 -1 -1 4 1 0 5 0 0 0 0 
914 -1 -1 -1 -1 -1 -1 -1 -1 1 0 -1 -1 -1 -1 -1 -1 
915 -1 -1 -1 -1 -1 -1 -1 -1 64 2 0 0 0 0 0 0 
916 -1 -1 -1 -1 -1 -1 -1 -1 3 0 0 0 0 0 0 0 
917 -1 -1 -1 -1 -1 -1 -1 -1 5 4 0 0 0 0 0 0 
918 -1 -1 -1 -1 -1 -1 -1 -1 1 0 0 0 0 0 0 0 
919 -1 -1 -1 -1 -1 -1 -1 -1 -1 0 0 0 0 0 0 0 
920 -1 -1 -1 -1 -1 -1 -1 -1 2 0 0 1 0 0 0 0 
921 -1 -1 -1 -1 -1 -1 -1 2 1 0 0 0 0 0 0 0 
922 -1 -1 -1 -1 -1 -1 -1 -1 1 0 -1 -1 -1 -1 -1 -1 
923 -1 -1 -1 -1 -1 -1 -1 -1 1 0 -1 -1 -1 -1 -1 -1 
924 -1 -1 -1 -1 -1 -1 -1 -1 4 0 0 8 0 0 0 1 
925 -1 -1 -1 -1 -1 -1 -1 1 20 0 17 0 0 0 0 5 
926 -1 -1 -1 -1 -1 -1 -1 3 5 0 0 12 0 0 0 0 
927 -1 -1 -1 -1 -1 -1 -1 -1 -1 0 0 0 0 0 0 0 
928 -1 -1 -1 -1 -1 -1 -1 -1 2 2 0 0 0 0 0 0 
929 -1 -1 -1 -1 -1 -1 -1 -1 1 1 0 0 0 0 0 0 
930 -1 -1 -1 -1 -1 -1 -1 -1 -1 0 0 0 0 0 0 0 
931 -1 -1 -1 -1 -1 -1 -1 -1 -1 0 0 0 0 0 0 0 
932 -1 -1 -1 -1 -1 -1 -1 -1 10 1 51 0 0 0 0 0 
933 -1 -1 -1 -1 -1 -1 -1 -1 -1 0 0 0 0 0 0 0 
934 -1 -1 -1 -1 -1 -1 -1 -1 -1 6 0 1 0 0 0 3 
935 -1 -1 -1 -1 -1 -1 -1 -1 -1 -1 0 0 0 0 0 0 
936 -1 -1 -1 -1 -1 -1 -1 -1 5 12 0 19 6 0 1 3 
937 -1 -1 -1 -1 -1 -1 -1 -1 -1 -1 0 6 0 0 0 11 
938 -1 -1 -1 -1 -1 -1 -1 -1 8 -1 0 14 5 0 0 0 
939 -1 -1 -1 -1 -1 -1 -1 -1 15 -1 0 7 10 0 0 0 
940 -1 -1 -1 -1 -1 -1 -1 -1 11 5 0 3 1 0 0 0 
941 -1 -1 -1 -1 -1 -1 -1 -1 2 -1 0 0 0 0 0 0 
942 -1 -1 -1 -1 -1 -1 -1 -1 3 -1 0 18 1 0 0 4 
943 -1 -1 -1 -1 -1 -1 -1 -1 4 -1 0 0 0 0 0 0 
944 -1 -1 -1 -1 -1 -1 -1 -1 2 -1 0 0 0 0 0 0 
945 -1 -1 -1 -1 -1 -1 -1 -1 8 -1 0 0 0 0 0 0 
946 -1 -1 -1 -1 -1 -1 -1 -1 1 -1 0 5 1 0 0 0 
947 -1 -1 -1 -1 -1 -1 -1 -1 2 -1 0 0 0 0 1 0 
948 -1 -1 -1 -1 -1 -1 -1 -1 8 -1 0 2 0 0 0 0 
949 -1 -1 -1 -1 -1 -1 -1 -1 8 -1 0 0 0 0 0 0 
950 -1 -1 -1 -1 -1 -1 -1 -1 1 -1 0 0 0 0 0 0 
951 -1 -1 -1 -1 -1 -1 -1 -1 -1 2 0 1 0 0 0 0 
952 -1 -1 -1 -1 -1 -1 -1 -1 -1 6 0 0 0 0 0 0 
953 -1 -1 -1 -1 -1 -1 -1 -1 -1 14 0 28 0 0 0 0 
954 -1 -1 -1 -1 -1 -1 -1 -1 -1 1 0 0 0 0 0 0 
955 -1 -1 -1 -1 -1 -1 -1 -1 -1 -1 0 0 0 0 0 0 
956 -1 -1 -1 -1 -1 -1 -1 -1 -1 35 0 0 6 0 0 0 
957 -1 -1 -1 -1 -1 -1 -1 -1 -1 -1 0 0 0 0 0 0 
958 -1 -1 -1 -1 -1 -1 -1 -1 -1 -1 0 0 0 0 0 0 
959 -1 -1 -1 -1 -1 -1 -1 -1 -1 -1 0 1 0 0 0 0 
960 -1 -1 -1 -1 -1 -1 6 -1 -1 -1 0 0 0 0 0 0 
961 -1 -1 -1 -1 -1 -1 -1 -1 -1 -1 0 0 0 0 0 0 
962 -1 -1 -1 -1 -1 -1 -1 -1 -1 -1 0 0 0 0 0 0 
963 -1 -1 -1 -1 -1 -1 -1 -1 -1 2 0 0 0 0 0 0 
964 -1 -1 -1 -1 -1 -1 -1 -1 -1 4 0 5 0 0 0 0 
965 -1 -1 -1 -1 -1 -1 -1 -1 -1 1 0 0 0 0 0 0 
966 -1 -1 -1 -1 -1 -1 -1 -1 -1 11 0 1 0 0 0 0 
967 -1 -1 -1 -1 -1 -1 -1 -1 -1 1 0 0 0 0 0 0 
968 -1 -1 -1 -1 -1 -1 -1 -1 -1 -1 0 0 0 0 0 0 
969 -1 -1 -1 -1 -1 -1 -1 -1 -1 -1 0 0 0 0 0 0 
970 -1 -1 -1 -1 -1 -1 -1 -1 -1 4 15 17 0 0 0 1 
971 -1 -1 -1 -1 -1 -1 -1 -1 -1 -1 0 3 0 0 0 0 
972 -1 -1 -1 -1 -1 -1 -1 -1 -1 -1 0 0 -1 -1 -1 -1 
973 -1 -1 -1 -1 -1 -1 -1 -1 -1 -1 0 0 0 0 0 0 
974 -1 -1 -1 -1 -1 -1 -1 -1 -1 -1 0 0 0 0 0 0 
975 -1 -1 -1 -1 -1 -1 -1 -1 -1 -1 0 16 6 4 1 5 
976 -1 -1 -1 -1 -1 -1 -1 -1 -1 -1 0 0 0 0 0 0 
977 -1 -1 -1 -1 -1 -1 -1 -1 -1 -1 0 0 0 0 0 0 
978 -1 -1 -1 -1 -1 -1 -1 -1 -1 -1 0 0 0 0 0 0 
979 -1 -1 -1 -1 -1 -1 -1 -1 -1 -1 0 0 0 0 0 0 
980 -1 -1 -1 -1 -1 -1 -1 -1 -1 -1 0 0 0 0 0 0 
981 -1 -1 -1 -1 -1 -1 -1 -1 -1 -1 0 0 0 5 0 0 
982 -1 -1 -1 -1 -1 -1 -1 -1 -1 -1 0 0 0 0 0 0 
983 -1 -1 -1 -1 -1 -1 -1 -1 -1 -1 0 0 0 0 0 0 
984 -1 -1 -1 -1 -1 -1 -1 -1 -1 8 0 84 0 0 0 0 
985 -1 -1 -1 -1 -1 -1 -1 -1 -1 9 0 0 0 0 2 7 
986 -1 -1 -1 -1 -1 -1 -1 -1 -1 2 0 5 0 0 0 0 
987 -1 -1 -1 -1 -1 -1 -1 -1 -1 2 0 8 0 0 0 0 
988 -1 -1 -1 -1 -1 -1 -1 -1 -1 7 0 23 0 10 0 0 
989 -1 -1 -1 -1 -1 -1 -1 -1 -1 -1 0 0 0 0 0 0 
990 -1 -1 -1 -1 -1 -1 -1 -1 -1 -1 0 0 -1 -1 -1 -1 
991 -1 -1 -1 -1 -1 -1 -1 -1 -1 -1 0 0 -1 -1 -1 -1 
992 -1 -1 -1 -1 -1 -1 -1 -1 -1 -1 0 0 -1 -1 -1 -1 
993 -1 -1 -1 -1 -1 -1 -1 -1 -1 -1 0 0 -1 -1 -1 -1 
994 -1 -1 -1 -1 -1 -1 -1 -1 -1 -1 0 0 -1 -1 -1 -1 
995 -1 -1 -1 -1 -1 -1 -1 -1 -1 4 0 37 0 0 0 0 
996 -1 -1 -1 -1 -1 -1 -1 -1 -1 4 0 50 1 0 1 28 
997 -1 -1 -1 -1 -1 -1 -1 -1 -1 -1 0 0 0 0 0 0 
998 -1 -1 -1 -1 -1 -1 -1 -1 -1 5 0 4 -1 -1 -1 -1 
999 -1 -1 -1 -1 -1 -1 -1 -1 -1 -1 0 0 0 0 0 0 
1000 -1 -1 -1 -1 -1 -1 -1 -1 -1 -1 0 0 0 0 0 0 
1001 -1 -1 -1 -1 -1 -1 -1 -1 -1 6 0 26 -1 -1 -1 -1 
1002 -1 -1 -1 -1 -1 -1 -1 -1 -1 -1 0 0 0 0 0 0 
1003 -1 -1 -1 -1 -1 -1 -1 -1 -1 -1 0 0 0 0 0 0 
1004 -1 -1 -1 -1 -1 -1 -1 -1 -1 -1 0 0 0 0 0 0 
1005 -1 -1 -1 -1 -1 -1 -1 -1 -1 -1 0 0 0 0 0 0 
1006 -1 -1 -1 -1 -1 -1 -1 -1 -1 -1 0 0 0 0 0 0 
1007 -1 -1 -1 -1 -1 -1 -1 -1 -1 2 0 0 0 0 0 8 
1008 -1 -1 -1 -1 -1 -1 -1 -1 -1 -1 0 0 -1 -1 -1 -1 
1009 -1 -1 -1 -1 -1 -1 -1 -1 -1 -1 0 1 0 0 0 0 
1010 -1 -1 -1 -1 -1 -1 -1 -1 -1 -1 0 0 0 0 0 0 
1011 -1 -1 -1 -1 -1 -1 -1 -1 -1 -1 0 23 0 0 0 0 
1012 -1 -1 -1 -1 -1 -1 -1 -1 -1 -1 0 2 0 0 0 0 
1013 -1 -1 -1 -1 -1 -1 -1 -1 -1 -1 0 0 -1 -1 -1 -1 
1014 -1 -1 -1 -1 -1 -1 -1 -1 -1 -1 0 29 -1 -1 -1 -1 
1015 -1 -1 -1 -1 -1 -1 -1 -1 11 -1 0 2 0 0 0 0 
1016 -1 -1 -1 -1 -1 -1 -1 -1 -1 -1 0 0 0 0 0 0 
1017 -1 -1 -1 -1 -1 -1 -1 -1 -1 -1 0 0 0 0 0 0 
1018 -1 -1 -1 -1 -1 -1 -1 -1 -1 -1 0 0 0 0 0 0 
1019 -1 -1 -1 -1 -1 -1 -1 -1 -1 -1 0 0 0 0 0 0 
1020 -1 -1 -1 -1 -1 -1 -1 -1 34 -1 0 0 0 0 0 0 
1021 -1 -1 -1 -1 -1 -1 -1 -1 -1 -1 0 0 0 0 0 0 
1022 -1 -1 -1 -1 -1 -1 -1 -1 -1 -1 0 0 37 0 0 0 
1023 -1 -1 -1 -1 -1 -1 -1 -1 2 -1 0 0 35 0 0 0 
1024 -1 -1 -1 -1 -1 -1 -1 -1 -1 -1 0 0 0 0 0 0 
1025 -1 -1 -1 -1 -1 -1 -1 -1 -1 -1 0 0 0 0 0 -1 
1026 -1 -1 -1 -1 -1 -1 -1 -1 1 -1 0 1 63 0 0 0 
1027 -1 -1 -1 -1 -1 -1 -1 -1 -1 -1 0 0 38 0 0 0 
1028 -1 -1 -1 -1 -1 -1 -1 -1 -1 -1 0 0 10 0 0 0 
1029 -1 -1 -1 -1 -1 -1 -1 -1 -1 -1 0 0 17 0 0 0 
1030 -1 -1 -1 -1 -1 -1 -1 -1 -1 1 0 38 0 0 0 -1 
1031 -1 -1 -1 -1 -1 -1 -1 -1 -1 -1 0 0 0 0 0 0 
1032 -1 -1 -1 -1 -1 -1 -1 -1 -1 -1 0 0 1 0 0 0 
1033 -1 -1 -1 -1 -1 -1 -1 -1 -1 -1 0 0 0 0 0 0 
1034 -1 -1 -1 -1 -1 -1 -1 -1 -1 3 0 0 3 0 0 0 
1035 -1 -1 -1 -1 -1 -1 -1 -1 -1 -1 0 0 10 0 0 0 
1036 -1 -1 -1 -1 -1 -1 -1 -1 -1 -1 0 0 0 0 0 0 
1037 -1 -1 -1 -1 -1 -1 -1 -1 -1 -1 0 0 0 0 0 0 
1038 -1 -1 -1 -1 -1 -1 -1 -1 -1 -1 15 0 0 0 0 0 
1039 -1 -1 -1 -1 -1 -1 -1 -1 -1 -1 5 0 0 0 0 33 
1040 -1 -1 -1 -1 -1 -1 -1 -1 -1 -1 -1 1 0 0 0 0 
1041 -1 -1 -1 -1 -1 -1 -1 -1 -1 -1 -1 1 0 0 1 3 
1042 -1 -1 -1 -1 -1 -1 -1 -1 -1 -1 -1 -1 0 0 7 1 
1043 -1 -1 -1 -1 -1 -1 -1 -1 -1 -1 -1 -1 0 0 0 1 
1044 -1 -1 -1 -1 -1 -1 -1 -1 -1 -1 -1 -1 0 0 0 6 
1045 -1 -1 -1 -1 -1 -1 -1 -1 -1 -1 -1 -1 0 0 0 2 
1046 -1 -1 -1 -1 -1 -1 -1 -1 -1 -1 -1 1 0 0 4 4 
1047 -1 -1 -1 -1 -1 -1 -1 -1 -1 -1 -1 2 0 0 0 0 
1048 -1 -1 -1 -1 -1 -1 -1 -1 -1 -1 -1 12 0 0 0 0 
1049 -1 -1 -1 -1 -1 -1 -1 -1 -1 -1 -1 3 0 0 3 0 
1050 -1 -1 -1 -1 -1 -1 -1 -1 -1 -1 -1 -1 0 1 0 0 
1051 -1 -1 -1 -1 -1 -1 -1 -1 -1 -1 -1 -1 0 0 0 55 
1052 -1 -1 -1 -1 -1 -1 -1 -1 -1 -1 -1 -1 0 0 0 0 
1053 -1 -1 -1 -1 -1 -1 -1 -1 -1 -1 -1 1 11 0 0 0 
1054 -1 -1 -1 -1 -1 -1 -1 -1 -1 -1 -1 12 11 18 1 0 
1055 -1 -1 -1 -1 -1 -1 -1 -1 -1 -1 -1 -1 4 69 6 25 
1056 -1 -1 -1 -1 -1 -1 -1 -1 -1 -1 -1 -1 0 0 0 0 
1057 -1 -1 -1 -1 -1 -1 -1 -1 -1 -1 -1 -1 0 0 0 0 
1058 -1 -1 -1 -1 -1 -1 -1 -1 -1 -1 -1 -1 0 0 0 0 
1059 -1 -1 -1 -1 -1 -1 -1 -1 -1 -1 -1 -1 0 0 0 0 
1060 -1 -1 -1 -1 -1 -1 -1 -1 -1 -1 -1 35 1 0 0 0 
1061 -1 -1 -1 -1 -1 -1 -1 -1 -1 -1 -1 3 1 0 0 0 
1062 -1 -1 -1 -1 -1 -1 -1 -1 -1 -1 -1 2 0 0 0 0 
1063 -1 -1 -1 -1 -1 -1 -1 -1 -1 -1 -1 -1 0 0 0 0 
1064 -1 -1 -1 -1 -1 -1 -1 -1 -1 -1 -1 -1 0 0 0 0 
1065 -1 -1 -1 -1 -1 -1 -1 -1 -1 -1 -1 -1 0 0 0 0 
1066 -1 -1 -1 -1 -1 -1 -1 -1 -1 -1 -1 1 0 2 7 0 
1067 -1 -1 -1 -1 -1 -1 -1 -1 -1 -1 -1 1 0 0 0 0 
1068 -1 -1 -1 -1 -1 -1 -1 -1 -1 -1 -1 42 0 0 0 0 
1069 -1 -1 -1 -1 -1 -1 -1 -1 -1 -1 -1 1 0 0 0 0 
1070 -1 -1 -1 -1 -1 -1 -1 -1 -1 -1 -1 1 0 0 0 0 
1071 -1 -1 -1 -1 -1 -1 -1 -1 -1 -1 -1 2 0 0 0 0 
1072 -1 -1 -1 -1 -1 -1 -1 -1 -1 -1 -1 -1 0 0 0 -1 
1073 -1 -1 -1 -1 -1 -1 -1 -1 -1 -1 -1 -1 0 0 0 -1 
1074 -1 -1 -1 -1 -1 -1 -1 -1 -1 -1 -1 -1 8 0 0 0 
1075 -1 -1 -1 -1 -1 -1 -1 -1 -1 -1 -1 -1 1 0 0 0 
1076 -1 -1 -1 -1 -1 -1 -1 -1 -1 -1 -1 -1 0 0 0 0 
1077 -1 -1 -1 -1 -1 -1 -1 -1 -1 -1 -1 2 1 0 0 0 
1078 -1 -1 -1 -1 -1 -1 -1 -1 -1 -1 -1 2 0 0 0 23 
1079 -1 -1 -1 -1 -1 -1 -1 -1 -1 -1 -1 1 1 0 0 0 
1080 -1 -1 -1 -1 -1 -1 -1 -1 -1 -1 -1 -1 4 0 0 0 
1081 -1 -1 -1 -1 -1 -1 -1 -1 -1 -1 -1 1 14 2 0 0 
1082 -1 -1 -1 -1 -1 -1 -1 -1 -1 -1 -1 -1 0 0 0 0 
1083 -1 -1 -1 -1 -1 -1 -1 -1 -1 -1 -1 168 24 108 82 0 
1084 -1 -1 -1 -1 -1 -1 -1 -1 -1 -1 -1 5 0 0 0 -1 
1085 -1 -1 -1 -1 -1 -1 -1 -1 -1 -1 -1 -1 0 0 0 0 
1086 -1 -1 -1 -1 -1 -1 -1 -1 -1 -1 -1 66 1 25 0 0 
1087 -1 -1 -1 -1 -1 -1 -1 -1 -1 -1 -1 -1 0 0 0 0 
1088 -1 -1 -1 -1 -1 -1 -1 -1 -1 -1 -1 2 0 0 0 0 
1089 -1 -1 -1 -1 -1 -1 -1 -1 -1 -1 -1 1 1 0 0 0 
1090 -1 -1 -1 -1 -1 -1 -1 -1 -1 -1 -1 2 1 0 0 0 
1091 -1 -1 -1 -1 -1 -1 -1 -1 -1 -1 -1 2 0 0 0 0 
1092 -1 -1 -1 -1 -1 -1 -1 -1 -1 -1 -1 3 0 0 0 0 
1093 -1 -1 -1 -1 -1 -1 -1 -1 -1 -1 -1 28 0 0 16 0 
1094 -1 -1 -1 -1 -1 -1 -1 -1 -1 -1 -1 -1 0 0 0 0 
1095 -1 -1 -1 -1 -1 -1 -1 -1 -1 -1 -1 15 2 0 3 0 
1096 -1 -1 -1 -1 -1 -1 -1 -1 -1 -1 -1 2 0 0 0 0 
1097 -1 -1 -1 -1 -1 -1 -1 -1 -1 -1 -1 2 0 0 0 0 
1098 -1 -1 -1 -1 -1 -1 -1 -1 -1 -1 -1 10 0 0 9 7 
1099 -1 -1 -1 -1 -1 -1 -1 -1 -1 -1 -1 1 0 0 0 0 
1100 -1 -1 -1 -1 -1 -1 -1 -1 -1 -1 -1 -1 1 0 0 0 
1101 -1 -1 -1 -1 -1 -1 -1 -1 -1 -1 -1 -1 -1 29 3 0 
1102 -1 -1 -1 -1 -1 -1 -1 -1 -1 -1 -1 -1 -1 -1 3 0 
1103 -1 -1 -1 -1 -1 -1 -1 -1 -1 -1 -1 -1 -1 -1 0 0 
1104 -1 -1 -1 -1 -1 -1 -1 -1 -1 -1 -1 -1 -1 -1 1 0 
1105 -1 -1 -1 -1 -1 -1 -1 -1 -1 -1 -1 -1 -1 -1 1 0 
1106 -1 -1 -1 -1 -1 -1 -1 -1 -1 -1 -1 -1 -1 -1 1 0 
1107 -1 -1 -1 -1 -1 -1 -1 -1 -1 -1 -1 -1 -1 -1 -1 2 
1108 -1 -1 -1 -1 -1 -1 -1 -1 -1 -1 -1 -1 -1 -1 -1 7 
1109 -1 -1 -1 -1 -1 -1 -1 -1 -1 -1 -1 -1 -1 -1 -1 6 
1110 -1 -1 -1 -1 -1 -1 -1 -1 -1 -1 -1 -1 -1 -1 -1 0 
1111 -1 -1 -1 -1 -1 -1 -1 -1 -1 -1 -1 -1 -1 -1 -1 0 
1112 -1 -1 -1 -1 -1 -1 -1 -1 -1 -1 -1 -1 -1 -1 -1 0 
1113 -1 -1 -1 -1 -1 -1 -1 -1 -1 -1 -1 -1 -1 -1 -1 0 
1114 -1 -1 -1 -1 -1 -1 -1 -1 -1 -1 -1 -1 -1 -1 -1 10 
1115 -1 -1 -1 -1 -1 -1 -1 -1 -1 -1 -1 -1 -1 -1 -1 3 
1116 -1 -1 -1 -1 -1 -1 -1 -1 -1 -1 -1 -1 -1 -1 -1 11 
1117 -1 -1 -1 -1 -1 -1 -1 -1 -1 -1 -1 -1 2 -1 -1 0 
1118 -1 -1 -1 -1 -1 -1 -1 -1 -1 -1 -1 -1 -1 -1 191 41 
1119 -1 -1 -1 -1 -1 -1 -1 -1 -1 -1 -1 -1 4 14 6 0 
1120 -1 -1 -1 -1 -1 -1 -1 -1 -1 -1 -1 -1 10 2 12 0 
1121 -1 -1 -1 -1 -1 -1 -1 -1 -1 -1 -1 -1 -1 -1 -1 0 
1122 -1 -1 -1 -1 -1 -1 -1 -1 -1 -1 -1 -1 -1 -1 -1 8 
1123 -1 -1 -1 -1 -1 -1 -1 -1 -1 -1 -1 -1 -1 -1 -1 0 
