385 4 3 4 4 4 1 29 2 21 4 1 0 9 37 37 3 37 0 5 5 27 1793 138 870 346 535 785 410 560 234 326 22 20 24 5 0.9 153 151 159 54 
356 4 5 3 3 3 2 13 0 11 0 5 0 2 42 42 11 42 0 11 2 29 896 83 512 145 306 301 233 360 141 219 7 7 9 4 0.59 120 120 128 73 
182 2 3 1 1 1 1 1 0 1 0 1 0 0 8 8 0 8 8 0 0 0 145 11 17 16 0 117 13 14 14 0 1 1 1 0 6.88 8 8 8 8 
357 3 3 3 3 3 2 15 0 14 1 1 0 2 21 21 3 21 0 1 8 12 558 45 320 118 199 193 163 219 93 126 8 8 9 3 0.6 63 63 64 50 
362 0 0 1 1 1 1 1 0 1 0 1 0 0 6 6 0 6 6 0 0 0 70 8 9 8 0 53 7 8 8 0 1 1 1 0 5.89 6 6 6 6 
66 0 0 1 1 1 1 1 0 1 0 1 0 1 1 1 0 1 0 0 0 1 42 6 6 5 1 30 4 5 5 0 1 1 1 0 5 1 1 1 1 
140 3 4 4 4 4 2 26 1 17 6 1 0 5 43 43 8 43 4 8 9 22 1463 129 837 275 533 497 426 572 246 326 26 26 29 10 0.59 177 159 190 82 
143 0 0 1 1 1 1 1 0 1 0 1 0 0 3 3 0 3 3 0 0 0 61 4 6 5 0 51 4 5 5 0 1 1 1 0 8.5 3 3 3 3 
142 3 4 2 2 3 1 13 0 10 1 1 0 1 39 39 6 39 12 7 3 17 850 77 467 165 264 306 227 325 142 183 5 5 5 2 0.66 95 95 99 51 
386 2 3 3 3 4 1 18 0 16 1 1 0 1 6 6 3 6 0 0 0 6 246 14 125 58 70 107 74 94 52 42 7 7 7 2 0.86 20 20 21 6 
391 0 0 2 2 2 1 9 0 7 1 1 0 1 10 10 4 10 0 1 0 9 215 19 98 32 49 98 54 75 32 43 8 8 8 3 1 21 21 22 10 
199 2 3 4 4 4 2 17 1 12 3 1 0 0 9 9 3 9 4 0 0 5 267 25 127 35 70 115 60 93 34 59 9 9 11 2 0.91 32 32 34 19 
214 2 5 3 3 3 1 18 1 13 3 1 0 5 20 20 9 20 0 5 1 14 573 62 334 102 210 178 175 237 90 147 12 12 14 4 0.53 57 57 60 22 
110 0 0 2 2 2 1 4 0 4 0 1 1 1 7 6 2 7 0 0 0 7 119 12 41 13 17 66 17 29 13 16 3 3 3 1 1.61 11 11 11 9 
360 0 0 1 1 1 1 1 0 1 0 1 0 0 1 1 0 1 1 0 0 0 36 4 6 5 0 26 4 5 5 0 1 1 1 0 4.33 1 1 1 1 
139 8 7 4 4 4 2 26 2 19 4 1 0 2 132 132 2 132 1 15 32 84 4539 432 2663 826 1738 1444 1307 1803 631 1172 38 38 43 5 0.54 504 504 549 202 
65 2 2 2 2 2 1 6 0 6 0 1 1 1 8 7 3 8 0 0 0 8 152 16 61 21 31 75 30 45 21 24 3 3 4 1 1.23 14 14 15 10 
144 4 4 2 2 3 1 12 0 10 1 1 0 1 41 41 1 41 1 1 6 33 748 84 466 142 273 198 218 317 123 194 11 11 11 4 0.42 102 97 104 46 
169 5 7 2 2 2 1 15 1 11 2 4 2 8 77 75 38 77 13 4 40 20 2059 220 1055 325 611 784 506 707 281 426 11 11 12 4 0.74 177 177 180 92 
215 2 4 3 3 3 1 16 1 14 1 3 0 12 20 20 14 20 0 3 2 15 592 58 320 129 180 217 170 222 114 108 14 14 15 4 0.68 55 55 58 29 
141 7 5 2 2 2 1 13 0 10 1 1 0 5 70 70 18 70 1 1 15 53 1579 149 873 308 483 557 461 624 268 356 21 21 21 6 0.64 167 167 170 82 
170 0 0 1 1 1 1 1 0 1 0 1 0 0 2 2 0 2 2 0 0 0 43 3 5 4 0 35 3 4 4 0 1 1 1 0 7 2 2 2 2 
216 0 0 1 1 1 1 5 0 4 1 2 1 0 9 8 0 9 2 1 1 5 153 13 55 37 9 85 21 32 26 6 1 1 1 0 1.55 9 9 9 9 
392 0 0 2 2 2 1 8 0 8 0 2 3 4 10 7 0 10 0 2 0 8 175 20 78 32 43 77 36 50 33 17 6 6 6 3 0.99 15 15 15 12 
363 1 3 3 3 3 1 11 0 10 0 1 0 8 12 12 5 12 0 2 0 10 298 33 146 40 89 119 83 116 45 71 7 7 7 3 0.82 31 31 31 14 
359 0 0 1 1 1 1 3 0 3 0 1 0 0 2 2 0 2 0 0 0 2 46 4 10 5 2 32 4 7 5 2 1 1 1 0 3.2 2 2 2 2 
387 0 0 2 2 2 1 11 0 10 0 4 0 7 18 18 4 18 1 2 0 15 437 41 185 72 99 211 95 128 64 64 6 6 6 5 1.14 29 29 31 20 
183 4 3 2 2 2 1 16 1 12 1 2 0 1 32 32 8 32 1 1 2 28 1204 96 459 181 240 649 222 301 129 172 12 12 12 5 1.41 73 73 73 36 
390 0 0 0 0 0 0 0 0 0 0 1 0 0 0 0 0 0 0 0 0 0 23 1 3 2 0 19 1 2 2 0 0 0 0 0 6.33 0 0 0 0 
389 0 0 2 2 2 1 9 0 7 0 1 1 3 22 21 4 22 0 4 4 14 423 41 207 74 106 175 102 148 66 82 9 9 9 3 0.85 46 46 47 22 
388 0 0 1 1 1 1 4 0 4 0 1 0 0 2 2 0 2 0 0 2 0 50 5 15 10 2 30 7 10 8 2 1 1 1 0 2 2 2 2 2 
361 1 2 2 2 2 2 10 0 8 2 1 0 0 6 6 1 6 0 0 5 1 136 10 62 28 24 64 25 39 20 19 3 3 4 2 1.03 13 13 14 10 
560 0 0 1 1 1 1 3 0 3 0 1 0 0 5 5 3 5 0 0 1 4 88 10 24 13 6 54 13 18 12 6 1 1 1 0 2.25 5 5 5 5 
472 2 2 1 1 1 1 1 0 1 0 1 0 0 4 4 0 4 0 0 0 4 60 7 10 9 0 43 8 9 9 0 1 1 1 0 4.3 4 4 4 4 
474 0 0 1 1 1 1 3 0 3 0 1 0 0 2 2 0 2 0 0 0 2 48 4 10 5 2 34 4 7 5 2 1 1 1 0 3.4 2 2 2 2 
469 1 2 3 3 4 1 16 0 15 0 3 8 13 49 41 18 49 0 20 1 28 1277 125 837 245 582 315 461 607 234 373 18 16 18 5 0.38 168 162 174 73 
561 0 0 1 1 1 1 1 0 1 0 1 0 0 1 1 0 1 0 0 0 1 33 2 4 3 0 27 2 3 3 0 1 1 1 0 6.75 1 1 1 1 
489 0 0 1 1 1 1 3 0 3 0 1 0 0 32 32 1 32 0 0 0 32 274 41 112 50 29 121 42 75 46 29 1 1 1 0 1.08 32 32 32 32 
479 0 0 1 1 1 1 2 0 2 0 1 0 3 3 3 1 3 0 0 1 2 68 9 15 10 5 44 9 12 10 2 1 1 1 0 2.93 3 3 3 3 
475 0 0 1 1 1 1 1 0 1 0 1 0 0 3 3 0 3 0 0 0 3 55 5 7 6 0 43 5 6 6 0 1 1 1 0 6.14 3 3 3 3 
476 0 0 1 1 1 1 1 0 1 0 1 0 0 2 2 0 2 0 0 0 2 46 5 7 6 0 34 5 6 6 0 1 1 1 0 4.86 2 2 2 2 
562 0 0 1 1 1 1 5 0 5 0 1 0 0 7 7 4 7 0 0 2 5 131 17 46 19 18 68 25 34 16 18 2 2 2 1 1.48 8 8 8 7 
471 0 0 1 1 1 1 1 0 1 0 1 0 0 2 2 0 2 0 0 0 2 39 3 5 4 0 31 3 4 4 0 1 1 1 0 6.2 2 2 2 2 
467 0 0 1 1 1 1 1 0 1 0 1 0 0 1 1 0 1 0 0 0 1 36 3 6 5 0 27 3 4 4 0 1 1 1 0 4.5 1 1 1 1 
490 0 0 1 1 1 1 4 0 4 0 1 1 0 3 2 0 3 1 0 0 2 54 5 17 9 7 32 10 14 9 5 1 1 1 0 1.88 3 3 3 3 
484 0 0 1 1 1 1 4 0 4 0 1 1 0 3 2 0 3 1 0 0 2 53 5 17 9 7 31 10 14 9 5 1 1 1 0 1.82 3 3 3 3 
495 0 0 1 1 1 1 4 0 4 0 1 1 0 3 2 0 3 1 0 0 2 54 5 17 9 7 32 10 14 9 5 1 1 1 0 1.88 3 3 3 3 
485 0 0 1 1 1 1 4 0 4 0 1 1 0 8 7 2 8 0 0 1 7 120 12 40 14 16 68 16 26 14 12 4 2 4 1 1.7 11 9 11 8 
466 0 0 1 1 1 1 1 0 1 0 1 0 0 4 4 0 4 0 0 0 4 55 7 9 8 0 39 7 8 8 0 1 1 1 0 4.33 4 4 4 4 
465 0 0 1 1 1 1 1 0 1 0 1 0 0 3 3 0 3 0 0 0 3 61 6 14 13 0 41 9 10 10 0 1 1 1 0 2.93 3 3 3 3 
492 0 0 1 1 1 1 4 0 4 0 1 1 0 3 2 0 3 1 0 0 2 54 5 17 9 7 32 10 14 9 5 1 1 1 0 1.88 3 3 3 3 
494 0 0 1 1 1 1 4 0 4 0 1 1 0 3 2 0 3 1 0 0 2 53 5 17 9 7 31 10 14 9 5 1 1 1 0 1.82 3 3 3 3 
493 0 0 1 1 1 1 4 0 4 0 1 1 0 3 2 0 3 1 0 0 2 54 5 17 9 7 32 10 14 9 5 1 1 1 0 1.88 3 3 3 3 
488 0 0 1 1 1 1 3 0 3 0 1 1 0 17 16 5 17 0 0 1 16 203 24 70 27 25 109 29 48 27 21 4 2 4 1 1.56 20 18 20 17 
539 0 0 1 1 1 1 1 0 1 0 1 0 0 4 4 0 4 0 0 0 4 56 6 9 8 0 41 7 8 8 0 1 1 1 0 4.56 4 4 4 4 
470 0 0 1 1 1 1 1 0 1 0 1 0 0 5 5 0 5 0 0 0 5 58 6 8 7 0 44 6 7 7 0 1 1 1 0 5.5 5 5 5 5 
468 0 0 1 1 1 1 1 0 1 0 1 0 0 1 1 0 1 0 0 0 1 36 3 7 6 0 26 5 6 6 0 1 1 1 0 3.71 1 1 1 1 
211 0 0 1 1 1 1 3 0 3 0 1 0 0 1 1 0 1 0 0 0 1 40 3 6 3 1 31 2 4 3 1 1 1 1 0 5.17 1 1 1 1 
204 0 0 2 2 2 1 6 0 6 0 1 2 1 9 7 3 9 0 0 0 9 190 17 65 26 34 108 28 41 24 17 6 6 6 3 1.66 14 14 14 12 
445 0 0 1 1 1 1 3 0 3 0 1 0 0 4 4 3 4 0 0 0 4 79 8 20 9 6 51 10 15 9 6 1 1 1 0 2.55 4 4 4 4 
213 1 2 3 3 3 3 23 2 19 4 1 0 1 2 2 2 2 0 1 0 1 127 14 53 19 32 66 25 32 17 15 5 5 5 2 1.25 6 6 6 6 
207 0 0 1 1 1 1 3 0 3 0 1 0 0 2 2 0 2 2 0 0 0 45 5 10 5 2 30 4 7 5 2 1 1 1 0 3 2 2 2 2 
210 0 0 2 2 3 2 11 0 10 0 1 0 4 10 10 1 10 0 0 8 2 289 24 125 53 70 140 61 83 48 35 5 5 6 3 1.12 23 23 25 16 
569 1 2 1 1 1 1 3 0 3 0 1 0 0 1 1 0 1 0 0 0 1 33 3 6 3 1 24 2 4 3 1 1 1 1 0 4 1 1 1 1 
205 0 0 2 2 2 2 8 0 8 0 1 0 0 2 2 0 2 0 0 0 2 58 4 22 7 12 32 9 13 7 6 3 3 3 1 1.45 4 4 4 4 
568 1 1 1 1 1 1 3 0 3 0 1 1 1 3 2 0 3 0 0 0 3 62 7 16 9 4 39 7 11 8 3 1 1 1 0 2.44 3 3 3 3 
446 0 0 1 1 1 1 3 0 3 0 1 0 0 1 1 0 1 0 0 0 1 37 3 6 3 1 28 2 4 3 1 1 1 1 0 4.67 1 1 1 1 
212 0 0 2 2 2 1 6 0 6 0 1 0 0 2 2 0 2 0 0 0 2 51 4 16 6 7 31 6 10 6 4 2 2 2 1 1.94 3 3 3 2 
203 0 0 1 1 1 1 3 0 3 0 1 0 0 1 1 0 1 0 0 0 1 40 3 6 3 1 31 2 4 3 1 1 1 1 0 5.17 1 1 1 1 
201 1 2 2 2 2 1 12 0 11 0 1 4 2 27 23 14 27 0 4 0 23 760 63 353 131 198 344 166 227 110 117 14 14 14 5 0.97 60 60 60 29 
209 1 3 2 2 2 2 16 2 11 2 1 0 26 14 14 0 14 0 0 8 6 636 83 199 131 133 354 118 143 107 36 4 4 5 3 1.78 24 24 28 22 
206 0 0 1 1 1 1 3 0 3 0 1 0 0 3 3 1 3 0 0 0 3 71 6 16 8 4 49 7 11 7 4 1 1 1 0 3.06 3 3 3 3 
208 0 0 1 1 1 1 3 0 3 0 1 0 0 4 4 3 4 0 0 0 4 83 9 21 10 6 53 10 15 9 6 1 1 1 0 2.52 4 4 4 4 
202 1 1 1 1 1 1 5 0 5 0 1 0 0 5 5 4 5 0 0 0 5 110 11 33 15 11 66 15 22 12 10 2 2 2 1 2 6 6 6 5 
200 1 2 1 1 1 1 4 0 4 0 1 0 0 8 8 7 8 0 0 0 8 154 16 46 19 17 92 23 33 17 16 2 2 2 1 2 9 9 9 8 
700 0 0 1 1 1 1 3 0 3 0 1 0 0 5 5 1 5 0 0 0 5 82 9 20 8 6 53 7 13 8 5 1 1 2 0 2.65 5 5 6 5 
696 0 0 1 1 1 1 4 0 4 0 1 0 2 5 5 1 5 0 0 0 5 100 12 28 12 12 60 15 22 13 9 2 2 2 1 2.14 6 6 7 5 
697 1 2 1 1 1 1 1 0 1 0 1 0 0 3 3 0 3 3 0 0 0 49 6 7 6 0 36 5 6 6 0 1 1 1 0 5.14 3 3 3 3 
694 2 2 1 1 1 1 1 0 1 0 1 0 0 9 9 0 9 9 0 0 0 131 13 15 14 0 103 13 14 14 0 1 1 1 0 6.87 9 9 9 9 
698 2 1 1 1 1 1 3 0 3 0 1 0 0 3 3 0 3 0 0 0 3 56 6 13 6 3 37 5 9 6 3 1 1 1 0 2.85 3 3 3 3 
702 3 2 1 1 1 1 5 0 5 0 1 0 0 3 3 1 3 0 0 1 2 64 7 23 10 8 34 12 17 10 7 2 2 2 1 1.48 4 4 4 3 
701 3 2 2 2 3 1 9 0 8 0 1 0 3 18 18 5 18 0 5 0 13 362 32 178 62 102 152 97 139 66 73 11 11 11 3 0.85 41 41 46 18 
695 3 1 3 3 3 1 11 0 9 2 2 0 0 17 17 11 17 2 6 0 9 356 38 206 82 96 112 112 156 85 71 10 10 10 5 0.54 45 45 45 17 
699 0 0 1 1 1 1 1 0 1 0 1 0 0 3 3 0 3 3 0 0 0 43 6 9 8 0 28 7 8 8 0 1 1 1 0 3.11 3 3 3 3 
691 2 1 1 1 1 1 4 0 4 0 1 0 0 3 3 3 3 0 0 0 3 64 8 24 12 8 32 16 20 12 8 1 1 1 0 1.33 3 3 3 3 
692 4 1 2 2 2 1 10 0 10 0 1 0 8 37 37 24 37 1 1 7 28 859 74 458 174 296 327 265 345 164 181 14 14 14 4 0.71 80 80 80 49 
693 2 1 2 2 2 1 6 0 6 0 1 0 0 4 4 4 4 0 0 4 0 87 8 35 14 15 44 17 26 14 12 4 4 4 2 1.26 7 7 7 4 
690 3 2 1 1 1 1 4 0 4 0 1 1 0 12 11 3 12 1 1 0 10 118 16 69 28 27 33 35 52 28 24 3 3 3 2 0.48 16 16 16 14 
126 0 0 1 1 1 1 4 0 4 0 1 0 0 22 22 2 22 0 0 1 21 215 28 99 29 39 88 34 65 28 37 6 6 6 2 0.89 30 30 30 24 
112 1 1 1 1 1 1 1 0 1 0 1 0 0 20 20 2 20 20 0 0 0 249 25 28 27 2 196 25 26 26 0 1 1 1 0 7 20 20 20 20 
113 0 0 1 1 1 1 3 0 3 0 1 0 0 2 2 0 2 0 0 0 2 51 5 10 5 2 36 4 7 5 2 1 1 1 0 3.6 2 2 2 2 
125 0 0 2 2 3 1 9 0 8 0 1 8 4 9 1 1 9 0 2 0 7 226 21 105 28 61 100 60 86 30 56 7 7 8 3 0.95 22 22 24 9 
111 0 0 2 2 2 1 5 0 5 0 1 0 0 20 20 2 20 0 0 0 20 252 27 111 35 49 114 41 72 33 39 5 5 6 2 1.03 31 31 34 22 
114 0 0 1 1 1 1 1 0 1 0 1 0 0 1 1 0 1 0 0 0 1 37 3 6 5 0 28 4 5 5 0 1 1 1 0 4.67 1 1 1 1 
119 0 0 1 1 1 1 15 1 13 0 1 0 0 2 2 0 2 0 0 1 1 90 5 30 4 23 55 10 13 4 9 1 1 1 0 1.83 2 2 2 2 
115 1 2 3 3 3 1 22 2 18 1 5 0 4 59 59 26 59 3 0 17 39 1561 194 1083 258 768 285 495 694 250 444 10 10 10 6 0.26 179 179 183 75 
117 0 0 2 2 2 1 4 0 4 0 1 0 0 11 11 4 11 0 0 1 10 190 20 57 21 22 113 23 38 21 17 8 8 12 2 1.98 18 18 22 14 
118 0 0 2 2 2 1 10 0 7 2 1 0 1 4 4 1 4 0 0 1 3 126 13 39 15 19 74 22 30 15 15 4 4 4 2 1.9 7 7 7 4 
120 0 0 1 1 1 1 3 0 3 0 1 0 0 3 3 1 3 0 0 1 2 78 9 20 13 5 49 12 16 13 3 1 1 1 0 2.45 3 3 3 3 
116 0 0 3 3 3 1 33 2 28 1 3 0 2 17 17 5 17 0 0 4 13 607 64 401 89 297 143 172 231 93 138 8 8 10 5 0.36 50 50 52 17 
124 0 0 5 5 5 1 20 1 17 1 1 2 0 3 1 0 3 0 1 0 2 109 8 60 16 34 41 30 46 18 28 10 10 10 2 0.68 15 15 15 3 
122 0 0 1 1 1 1 5 0 5 0 3 0 1 14 14 4 14 0 9 0 5 222 26 95 43 43 101 48 71 43 28 3 3 3 2 1.06 20 20 20 14 
121 0 0 2 2 2 1 9 0 9 0 3 0 1 32 32 2 32 0 1 0 31 466 40 309 107 187 117 151 221 100 121 6 6 6 2 0.38 70 70 73 37 
123 0 0 1 1 1 1 4 0 4 0 1 0 1 9 9 5 9 0 0 0 9 147 18 54 20 25 75 31 42 20 22 2 2 2 1 1.39 10 10 10 9 
442 0 0 1 1 1 1 3 0 3 0 1 0 0 3 3 1 3 0 0 2 1 35 6 13 6 4 16 5 9 6 3 1 1 1 0 1.23 3 3 3 3 
441 3 1 2 2 2 1 7 0 7 0 2 0 0 28 28 1 28 0 7 0 21 274 36 221 74 121 17 110 160 75 85 6 6 6 3 0.08 52 52 55 28 
443 0 0 1 1 1 1 2 0 2 0 1 0 0 4 4 1 4 0 0 0 4 37 7 14 7 3 16 6 10 7 3 1 1 1 0 1.14 4 4 4 4 
444 0 0 1 1 1 1 3 0 3 0 1 0 0 1 1 0 1 0 0 0 1 25 3 6 3 1 16 2 4 3 1 1 1 1 0 2.67 1 1 1 1 
366 0 0 1 1 1 1 5 0 5 0 2 1 3 16 15 4 16 2 2 4 8 299 29 104 52 40 167 53 72 44 28 2 2 2 1 1.61 18 18 18 16 
368 0 0 2 2 2 2 9 0 9 0 1 1 1 3 2 0 3 1 0 0 2 87 7 39 23 14 41 19 26 18 8 3 3 3 2 1.05 5 5 5 5 
367 0 0 1 1 1 1 7 0 6 1 1 2 0 3 1 0 3 0 1 0 2 82 5 25 14 7 52 9 14 9 5 2 2 2 1 2.08 4 4 4 3 
364 0 0 1 1 1 1 4 0 4 0 4 0 2 43 43 3 43 4 0 2 37 412 52 228 86 97 132 98 159 85 74 3 3 3 2 0.58 57 57 58 47 
365 0 0 3 3 3 1 16 2 14 0 1 0 1 1 1 0 1 0 0 0 1 54 6 23 11 10 25 13 18 11 7 3 3 3 1 1.09 3 3 3 1 
527 2 3 2 2 2 1 7 0 7 0 1 0 1 19 19 6 19 0 1 7 11 338 35 160 58 86 143 74 112 55 57 6 6 6 4 0.89 32 32 32 19 
531 3 3 2 2 2 2 10 0 10 0 1 0 2 14 14 3 14 0 1 0 13 272 24 169 67 102 79 95 125 67 58 4 4 4 2 0.47 33 33 33 25 
534 1 2 2 2 2 1 8 0 8 0 1 0 5 24 24 8 24 0 5 1 18 401 54 226 67 132 121 109 158 67 91 6 6 7 3 0.54 46 46 47 26 
537 4 3 2 2 2 1 10 0 9 0 1 8 5 38 30 19 38 0 12 10 16 760 91 400 113 236 269 193 279 107 172 6 6 7 4 0.67 83 83 84 40 
529 2 3 2 2 3 1 10 0 10 0 1 1 1 6 5 6 6 0 2 0 4 161 17 78 32 41 66 45 60 32 28 3 3 4 2 0.85 14 14 15 6 
533 0 0 1 1 1 1 7 0 6 0 1 0 0 3 3 2 3 0 0 1 2 72 8 25 8 12 39 12 18 8 10 2 2 2 1 1.56 4 4 4 3 
536 2 3 2 2 2 1 8 0 7 0 5 0 5 18 18 6 18 0 1 5 12 278 35 148 61 84 95 77 108 60 48 5 5 6 4 0.64 30 30 31 18 
535 2 3 3 3 3 1 13 0 13 0 1 0 0 5 5 7 5 0 1 0 4 162 19 79 26 43 64 44 61 26 35 9 9 9 2 0.81 16 16 16 7 
532 2 3 2 2 2 1 11 0 10 0 1 4 5 16 12 8 16 0 7 0 9 389 46 195 71 117 148 109 148 71 77 4 4 5 2 0.76 35 35 37 18 
523 1 2 3 3 3 1 11 0 11 0 1 0 1 3 3 2 3 0 0 0 3 99 9 44 14 23 46 23 32 14 18 4 4 4 2 1.05 8 8 8 3 
704 2 1 1 1 1 1 5 0 5 0 1 0 0 4 4 1 4 0 0 2 2 91 11 29 16 11 51 15 21 15 6 2 2 2 1 1.76 5 5 5 4 
522 2 3 1 1 1 1 1 0 1 0 1 0 0 6 6 0 6 0 0 0 6 73 8 9 9 0 56 8 9 9 0 1 1 1 0 6.22 6 6 6 6 
520 0 0 1 1 1 1 3 0 3 0 1 0 0 2 2 0 2 0 0 0 2 48 4 10 5 2 34 4 7 5 2 1 1 1 0 3.4 2 2 2 2 
526 1 2 4 4 4 1 16 1 15 0 1 0 1 5 5 4 5 0 0 0 5 169 18 92 24 57 59 45 64 24 40 6 6 7 3 0.64 19 19 21 5 
705 1 1 1 1 2 1 4 0 4 0 1 0 0 4 4 1 4 0 0 1 3 69 8 23 8 10 38 9 15 8 7 2 2 3 1 1.65 5 5 6 4 
703 0 0 2 2 2 1 7 0 6 0 1 0 1 3 3 1 3 0 0 1 2 71 7 27 10 12 37 12 18 9 9 2 2 3 1 1.37 5 5 6 3 
530 2 3 2 2 2 1 6 0 6 0 1 0 0 22 22 6 22 0 2 0 20 267 39 146 49 74 82 65 100 46 54 4 4 4 2 0.56 34 34 34 26 
524 1 2 1 1 1 1 1 0 1 0 1 0 0 29 29 0 29 0 0 0 29 255 31 36 36 0 188 35 36 36 0 1 1 1 0 5.22 29 29 29 29 
521 0 0 1 1 1 1 1 0 1 0 1 0 0 4 4 0 4 0 0 0 4 52 5 7 6 0 40 5 6 6 0 1 1 1 0 5.71 4 4 4 4 
528 0 0 1 1 1 1 1 0 1 0 1 0 0 3 3 0 3 0 0 0 3 48 5 6 6 0 37 5 6 6 0 1 1 1 0 6.17 3 3 3 3 
525 0 0 1 1 1 1 1 0 1 0 1 0 0 1 1 0 1 0 0 0 1 33 2 4 3 0 27 2 3 3 0 1 1 1 0 6.75 1 1 1 1 
134 0 0 1 1 1 1 5 0 5 0 1 0 0 10 10 6 10 0 0 0 10 168 19 64 23 27 85 32 47 22 25 4 4 4 1 1.33 14 14 14 10 
136 0 0 1 1 1 1 4 0 4 0 1 0 0 9 9 2 9 0 0 0 9 131 14 50 17 19 67 20 34 17 17 3 3 3 1 1.34 13 13 13 9 
131 1 2 1 1 1 1 1 0 1 0 1 0 0 11 11 0 11 11 0 0 0 148 14 24 23 0 110 19 20 20 0 1 1 1 0 4.58 11 11 11 11 
132 2 4 3 3 3 1 15 1 13 0 7 0 2 48 48 12 48 3 11 0 34 1097 128 677 195 431 292 329 464 186 278 8 8 11 5 0.43 135 133 145 68 
133 0 0 3 3 5 2 14 0 13 0 1 2 0 4 2 1 4 0 1 0 3 110 10 58 19 38 42 33 47 19 28 8 8 13 2 0.72 13 13 19 6 
138 1 2 3 3 3 1 11 0 10 0 2 0 7 20 20 8 20 0 0 0 20 445 52 234 71 139 159 121 172 69 103 7 7 8 4 0.68 50 50 54 28 
135 0 0 2 2 2 2 6 0 6 0 1 0 0 2 2 1 2 0 0 0 2 58 7 19 8 6 32 9 14 8 6 3 3 3 2 1.68 4 4 4 4 
137 2 3 2 2 2 1 7 0 7 0 1 0 1 20 20 2 20 0 1 0 19 298 32 167 55 83 99 74 114 53 61 3 3 4 2 0.59 39 39 43 20 
686 1 1 1 1 1 1 3 0 3 0 1 0 0 13 13 5 13 2 0 0 11 142 16 52 23 16 74 25 39 23 16 1 1 1 0 1.42 13 13 13 13 
519 1 3 3 3 3 2 10 0 9 0 2 0 2 25 25 7 25 1 7 0 17 489 42 262 88 161 185 151 210 92 118 8 8 8 4 0.71 64 64 65 42 
76 1 3 5 5 6 3 23 0 20 2 1 3 1 39 36 5 39 3 4 1 31 1168 63 810 215 526 295 377 579 212 367 27 27 31 7 0.36 202 202 230 100 
79 1 3 1 1 1 1 1 0 1 0 2 0 0 11 11 0 11 11 0 0 0 124 15 18 16 0 91 14 16 16 0 1 1 1 0 5.06 11 11 11 11 
518 1 2 2 2 2 2 7 0 6 0 2 0 0 22 22 4 22 5 1 0 16 365 38 169 65 90 158 95 136 69 67 5 5 5 3 0.93 40 40 40 36 
73 0 0 1 1 1 1 3 0 3 0 1 0 0 2 2 0 2 0 0 0 2 49 5 10 5 2 34 4 7 5 2 1 1 1 0 3.4 2 2 2 2 
81 0 0 1 1 1 1 3 0 3 0 1 0 0 2 2 0 2 0 0 0 2 49 5 10 5 2 34 4 7 5 2 1 1 1 0 3.4 2 2 2 2 
71 2 2 1 1 1 1 1 0 1 0 1 0 0 8 8 2 8 8 0 0 0 97 12 15 14 2 70 13 14 14 0 1 1 1 0 4.67 8 8 8 8 
96 1 1 1 1 2 1 4 0 4 0 1 0 0 16 16 6 16 0 0 0 16 225 26 78 27 37 121 29 50 27 23 5 5 10 1 1.55 22 22 27 18 
85 3 3 2 2 2 2 5 0 5 0 1 0 2 11 11 3 11 1 0 0 10 180 20 76 27 33 84 35 53 26 27 3 3 3 2 1.11 17 17 17 17 
75 1 1 1 1 1 1 1 0 1 0 1 0 0 4 4 1 4 4 0 0 0 59 7 9 8 1 43 7 8 8 0 1 1 1 0 4.78 4 4 4 4 
77 1 1 2 2 2 1 9 0 8 0 1 1 1 6 5 1 6 1 1 0 4 138 14 58 16 32 66 31 45 17 28 5 5 5 2 1.14 13 13 13 8 
97 2 3 1 1 2 1 5 0 5 0 1 0 0 17 17 4 17 0 0 0 17 244 25 98 28 48 121 46 69 28 41 4 4 7 1 1.23 23 23 26 19 
86 3 3 2 2 3 2 10 0 9 1 1 0 1 7 7 0 7 1 0 0 6 182 13 81 26 44 88 42 60 27 33 4 4 5 3 1.09 17 17 19 15 
689 2 2 1 1 1 1 4 0 3 0 1 0 0 10 10 4 10 2 0 0 8 126 16 53 23 17 57 28 40 22 18 3 3 3 1 1.08 12 12 12 10 
82 0 0 1 1 1 1 3 0 3 0 1 0 0 2 2 0 2 0 0 0 2 49 5 10 5 2 34 4 7 5 2 1 1 1 0 3.4 2 2 2 2 
80 2 3 2 2 2 1 7 0 6 0 1 0 0 22 22 9 22 0 1 0 21 349 30 172 52 90 148 92 130 56 74 11 11 13 6 0.86 41 41 51 24 
102 0 0 3 3 3 1 14 0 10 2 4 1 4 30 29 8 30 3 6 3 18 614 70 347 101 221 197 182 262 107 155 11 11 15 5 0.57 83 80 97 30 
78 1 1 1 1 1 1 3 0 3 0 1 0 0 9 9 1 9 0 0 0 9 118 13 50 29 13 55 26 37 26 11 2 2 2 1 1.1 10 10 10 9 
87 3 4 3 3 3 2 13 0 11 1 1 0 1 29 29 5 29 1 0 0 28 638 38 363 102 221 237 199 276 113 163 15 15 16 3 0.65 84 84 88 62 
88 4 4 4 4 4 1 19 1 17 1 1 0 1 28 28 9 28 0 2 0 26 969 71 544 182 330 354 300 400 173 227 34 34 34 5 0.65 107 107 108 32 
74 3 5 4 4 5 1 27 1 20 4 1 8 3 47 39 12 47 4 14 6 23 1820 139 1029 326 680 652 574 755 276 479 52 52 66 6 0.63 198 198 218 60 
83 1 1 1 1 1 1 1 0 1 0 1 0 0 3 3 0 3 3 0 0 0 50 5 7 6 0 38 5 6 6 0 1 1 1 0 5.43 3 3 3 3 
688 1 1 1 1 1 1 4 0 4 0 1 0 0 18 18 8 18 2 0 0 16 192 22 93 40 34 77 51 72 42 30 3 3 3 1 0.83 20 20 20 18 
70 1 1 1 1 1 1 1 0 1 0 1 0 0 5 5 1 5 5 0 0 0 66 8 10 9 1 48 8 9 9 0 1 1 1 0 4.8 5 5 5 5 
69 0 0 2 2 2 1 7 0 7 0 1 1 1 6 5 1 6 1 1 0 4 128 12 49 13 27 67 24 36 13 23 4 4 4 1 1.37 12 12 12 8 
95 1 1 1 1 1 1 5 0 4 0 1 0 0 19 19 5 19 0 0 0 19 261 28 100 31 50 133 44 69 31 38 3 3 7 1 1.33 24 24 28 21 
84 2 2 2 2 2 2 7 0 7 0 1 0 1 6 6 0 6 1 0 0 5 117 11 55 23 26 51 30 42 23 19 5 5 5 2 0.93 12 12 13 9 
687 1 1 1 1 1 1 3 0 3 0 1 0 0 10 10 4 10 2 0 0 8 114 14 47 22 14 53 23 34 20 14 1 1 1 0 1.13 10 10 10 10 
72 2 2 4 4 4 1 19 0 17 1 8 1 2 29 28 15 29 20 0 1 8 715 69 555 138 374 92 225 332 111 221 11 10 13 4 0.17 114 104 122 34 
93 3 4 4 4 4 1 15 0 15 0 1 0 0 24 24 5 24 0 20 0 4 706 42 399 82 273 265 222 317 79 238 15 15 15 4 0.66 100 100 102 28 
94 2 3 3 3 3 1 12 0 12 0 1 1 1 19 18 5 19 0 14 0 5 429 32 258 65 157 139 154 211 71 140 8 8 9 4 0.54 58 58 66 22 
91 0 0 2 2 2 2 11 1 10 0 1 0 37 5 5 2 5 0 0 0 5 158 22 107 51 87 29 75 85 50 35 5 5 7 2 0.27 9 9 11 9 
92 0 0 2 2 2 1 8 0 8 0 1 0 0 6 6 3 6 0 0 0 6 128 12 58 13 36 59 36 47 13 34 5 5 6 1 1.02 10 10 11 6 
684 0 0 1 1 1 1 3 0 3 0 1 0 0 4 4 0 4 0 0 0 4 67 5 16 7 4 46 6 11 7 4 1 1 1 0 2.88 4 4 4 4 
682 0 0 1 1 1 1 1 0 1 0 1 0 0 8 8 0 8 0 0 0 8 92 11 12 11 0 69 10 11 11 0 1 1 1 0 5.75 8 8 8 8 
680 0 0 1 1 1 1 1 0 1 0 1 0 0 8 8 0 8 0 0 0 8 153 10 13 12 0 130 11 12 12 0 1 1 1 0 10 8 8 8 8 
685 1 2 1 1 1 1 3 0 3 0 1 0 0 4 4 0 4 0 0 0 4 67 5 16 7 4 46 6 11 7 4 1 1 1 0 2.88 4 4 4 4 
681 0 0 1 1 1 1 1 0 1 0 1 0 0 8 8 0 8 0 0 0 8 103 10 12 11 0 81 10 11 11 0 1 1 1 0 6.75 8 8 8 8 
683 0 0 1 1 1 1 1 0 1 0 1 0 0 9 9 0 9 0 0 0 9 99 11 14 13 0 74 12 13 13 0 1 1 1 0 5.29 9 9 9 9 
89 2 2 2 2 2 1 13 0 12 0 1 0 2 8 8 7 8 0 2 0 6 262 23 144 58 79 95 72 92 53 39 4 4 4 2 0.66 18 18 18 8 
90 2 2 2 2 2 1 13 0 11 1 1 1 0 12 11 1 12 0 4 3 5 285 21 169 70 97 95 105 131 63 68 4 4 4 1 0.56 26 26 26 14 
100 2 2 2 2 2 1 7 0 7 0 1 0 0 5 5 2 5 0 1 0 4 102 11 48 21 24 43 25 35 21 14 2 2 2 1 0.9 9 9 9 5 
101 0 0 0 0 0 0 0 0 0 0 1 0 0 0 0 24 0 0 0 0 0 96 26 27 26 24 43 25 26 26 0 0 0 0 0 1.59 0 0 0 0 
99 2 2 4 4 4 1 29 1 25 2 1 1 0 7 6 3 7 0 3 0 4 328 27 210 66 139 91 105 132 60 72 9 9 9 3 0.43 27 27 29 9 
98 2 2 4 4 4 1 28 2 24 1 1 1 0 6 5 2 6 0 5 0 1 283 28 168 46 112 87 97 119 48 71 6 6 7 2 0.52 22 22 24 6 
193 2 2 2 2 2 1 6 0 5 0 3 0 0 12 12 4 12 1 2 0 9 243 21 99 49 34 123 47 67 44 23 3 3 3 2 1.24 18 18 18 16 
186 1 1 1 1 1 1 5 0 5 0 1 0 1 7 7 1 7 3 0 0 4 129 13 51 22 19 65 23 36 21 15 3 3 3 2 1.27 9 9 9 7 
191 0 0 1 1 1 1 3 0 3 0 1 0 0 3 3 2 3 3 0 0 0 66 7 16 8 4 43 8 12 8 4 1 1 1 0 2.69 3 3 3 3 
192 0 0 4 4 5 2 15 0 14 1 1 0 1 8 8 5 8 6 0 0 2 273 20 139 47 74 114 67 99 47 52 8 8 10 4 0.82 32 32 37 13 
187 0 0 1 1 1 1 1 0 1 0 1 0 0 3 3 0 3 3 0 0 0 50 5 7 6 0 38 5 6 6 0 1 1 1 0 5.43 3 3 3 3 
194 3 3 3 3 4 2 14 1 12 1 2 0 1 6 6 8 6 6 0 0 0 234 28 95 42 43 111 54 72 38 34 12 12 17 3 1.17 17 17 22 13 
196 2 3 2 2 2 1 6 0 6 0 1 0 1 11 11 3 11 1 0 0 10 205 21 84 32 41 100 44 62 32 30 3 3 4 2 1.19 17 17 18 15 
197 0 0 2 2 2 1 6 0 6 0 1 0 0 9 9 4 9 1 1 0 7 163 16 70 26 30 77 35 52 25 27 4 4 4 2 1.1 16 16 17 9 
195 1 2 2 2 2 1 9 0 8 0 1 11 1 27 16 12 27 3 1 0 23 643 56 261 124 103 326 98 142 64 78 6 6 6 3 1.25 44 44 47 34 
190 2 3 3 3 3 1 24 0 19 4 1 0 1 15 15 4 15 2 5 0 8 566 36 322 120 223 208 161 201 120 81 25 25 26 8 0.65 46 46 47 18 
184 0 0 1 1 1 1 1 0 1 0 1 0 0 1 1 0 1 1 0 0 0 34 4 5 4 0 25 3 4 4 0 1 1 1 0 5 1 1 1 1 
198 0 0 2 2 2 1 5 0 5 0 1 0 1 9 9 5 9 0 1 0 8 168 19 69 30 27 80 35 50 27 23 5 5 7 3 1.16 15 15 17 9 
188 0 0 2 2 2 1 11 0 10 1 1 0 2 10 10 7 10 7 0 0 3 252 25 128 42 71 99 72 96 43 53 4 4 4 3 0.77 23 23 23 10 
189 2 2 3 3 3 1 15 1 13 0 1 0 1 6 6 3 6 0 0 0 6 194 21 106 46 51 67 51 67 35 32 6 6 6 2 0.63 15 15 15 6 
185 0 0 0 0 0 0 0 0 0 0 1 0 0 0 0 0 0 0 0 0 0 30 2 4 3 0 24 2 3 3 0 0 0 0 0 6 0 0 0 0 
434 0 0 2 2 2 1 5 0 5 0 1 0 0 9 9 0 9 0 0 6 3 148 12 65 26 31 71 34 47 25 22 10 10 10 3 1.09 18 18 18 9 
567 1 1 1 1 1 1 1 0 1 0 1 0 0 1 1 0 1 1 0 0 0 48 5 9 8 0 34 6 7 7 0 1 1 1 0 3.78 1 1 1 1 
432 1 1 1 1 1 1 4 0 4 0 1 0 0 7 7 6 7 0 0 0 7 140 17 47 27 12 76 26 34 22 12 1 1 1 0 1.62 7 7 7 7 
431 1 1 1 1 1 1 1 0 1 0 1 0 0 11 11 0 11 11 0 0 0 183 14 27 26 0 142 22 23 23 0 1 1 1 0 5.26 11 11 11 11 
509 5 4 3 3 3 1 12 0 11 0 1 0 6 29 29 9 29 0 3 12 14 715 56 405 130 243 255 222 300 118 182 27 27 32 5 0.63 85 85 92 37 
512 8 4 2 2 2 1 11 0 9 0 6 0 6 77 77 36 77 2 1 23 51 1455 152 865 282 523 440 467 635 271 364 21 21 23 7 0.51 167 167 176 91 
508 3 2 2 2 2 1 9 0 9 0 4 0 2 35 35 11 35 2 1 10 22 621 61 386 132 223 175 210 289 129 160 7 7 10 3 0.45 77 77 83 45 
510 0 0 1 1 1 1 1 0 1 0 1 0 0 1 1 0 1 0 0 0 1 34 4 4 4 0 26 3 4 4 0 1 1 1 0 6.5 1 1 1 1 
513 0 0 2 2 2 1 8 0 6 0 1 0 3 14 14 5 14 0 0 1 13 343 34 114 34 65 196 51 77 34 43 7 7 7 2 1.72 24 24 24 14 
515 0 0 2 2 2 1 8 0 8 0 1 0 1 6 6 1 6 0 0 1 5 131 14 58 16 30 60 25 41 16 25 7 7 7 1 1.03 14 14 14 6 
514 1 2 1 1 2 1 4 0 4 0 1 0 1 4 4 1 4 0 0 1 3 79 9 24 9 11 47 10 16 9 7 2 2 3 1 1.96 5 5 6 4 
511 1 2 3 3 3 1 10 0 9 1 1 0 1 1 1 0 1 0 0 0 1 57 5 14 5 6 39 6 10 5 5 3 3 3 1 2.79 3 3 3 1 
516 0 0 3 3 3 1 16 1 13 2 2 0 2 9 9 3 9 0 0 4 5 265 26 146 67 84 94 81 105 62 43 6 6 6 2 0.64 23 23 23 9 
517 1 3 3 3 3 1 10 0 9 0 1 0 3 8 8 1 8 0 0 4 4 187 17 92 30 50 79 45 66 30 36 9 9 9 2 0.86 20 20 21 8 
566 1 2 2 2 2 2 11 0 11 0 1 0 1 4 4 0 4 0 0 2 2 121 9 63 30 30 49 35 46 28 18 3 3 3 4 0.78 8 8 8 6 
499 3 4 12 10 13 7 81 3 70 7 1 0 2 7 7 0 7 0 0 0 7 686 41 521 114 406 132 311 385 109 276 26 21 27 7 0.25 87 72 90 50 
502 0 0 2 2 2 1 7 0 7 0 2 0 2 9 9 7 9 0 0 0 9 205 22 82 31 47 102 46 62 31 31 5 5 6 1 1.24 16 16 17 9 
564 1 1 8 8 9 7 34 0 28 6 1 1 0 1 0 0 1 0 0 0 1 85 5 38 15 20 42 18 24 13 11 8 8 9 4 1.11 8 8 9 7 
563 3 2 3 3 3 1 13 0 12 0 2 0 3 16 16 11 16 0 7 0 9 485 42 232 57 147 211 121 169 58 111 7 7 8 3 0.91 49 49 55 22 
496 0 0 3 3 3 2 11 0 11 0 1 0 1 9 9 6 9 0 0 5 4 214 16 115 35 71 84 56 79 33 46 4 4 4 2 0.73 23 23 23 15 
498 0 0 2 2 2 1 5 0 5 0 1 0 2 4 4 1 4 0 0 0 4 82 9 30 14 13 43 15 23 14 9 3 3 3 2 1.43 7 7 7 4 
505 0 0 3 3 3 1 13 0 13 0 1 0 1 5 5 5 5 0 2 0 3 174 15 86 32 54 74 52 67 31 36 5 5 5 2 0.86 14 14 14 5 
500 3 4 2 2 2 1 9 0 8 1 1 0 3 21 21 6 21 0 0 0 21 449 36 219 86 123 209 138 175 86 89 6 6 6 2 0.95 40 40 40 21 
503 0 0 2 2 2 1 6 0 6 0 1 0 2 4 4 4 4 0 0 0 4 108 12 39 17 21 58 21 30 17 13 3 3 4 2 1.49 8 8 9 4 
507 0 0 1 1 1 1 7 0 7 0 1 0 1 3 3 0 3 0 0 2 1 76 6 27 11 13 44 13 18 9 9 2 2 2 1 1.63 4 4 4 3 
504 0 0 2 2 2 1 5 0 5 0 1 0 1 3 3 1 3 0 0 0 3 68 8 23 9 10 38 10 16 9 7 2 2 2 1 1.65 5 5 5 3 
501 3 3 1 1 1 1 4 0 4 0 3 0 2 53 53 21 53 0 1 0 52 715 86 289 112 129 341 147 217 113 104 5 5 6 4 1.18 67 67 72 53 
565 0 0 2 2 2 2 9 0 8 0 1 0 0 4 4 1 4 0 0 3 1 91 8 41 12 21 42 17 26 10 16 3 3 3 3 1.02 7 7 7 6 
497 0 0 1 1 1 1 1 0 1 0 1 0 1 2 2 0 2 0 0 0 2 47 5 6 5 1 37 4 5 5 0 1 1 1 0 6.17 2 2 2 2 
506 1 2 1 1 1 1 4 0 4 0 1 0 1 11 11 3 11 0 0 0 11 142 17 59 23 26 67 28 44 23 21 2 2 2 1 1.14 15 15 15 11 
428 2 3 3 3 3 1 17 1 14 2 4 0 4 50 50 31 50 3 0 15 32 1261 137 805 225 519 319 418 566 213 353 11 11 11 6 0.4 141 141 143 58 
429 0 0 2 2 2 1 10 0 7 2 1 0 1 4 4 1 4 0 0 1 3 134 13 39 15 19 82 22 30 15 15 4 4 4 2 2.1 7 7 7 4 
430 0 0 1 1 1 1 3 0 3 0 1 0 0 3 3 1 3 0 0 1 2 80 9 20 13 5 51 12 16 13 3 1 1 1 0 2.55 3 3 3 3 
426 0 0 4 4 4 1 24 1 18 3 2 0 2 11 11 4 11 0 0 3 8 434 38 242 92 150 154 132 174 84 90 8 8 10 5 0.64 40 40 42 11 
427 0 0 1 1 1 1 3 0 3 0 1 0 0 9 9 4 9 0 0 1 8 167 15 40 20 11 112 20 30 20 10 1 1 1 0 2.8 9 9 9 9 
439 1 2 3 3 3 1 15 1 12 2 1 1 6 27 26 9 27 0 0 7 20 597 72 389 135 238 156 226 301 133 168 6 6 6 4 0.4 69 69 70 29 
433 0 0 3 3 3 1 19 1 17 1 1 4 4 19 15 4 19 0 4 6 9 516 52 370 124 237 94 203 274 120 154 8 8 8 4 0.25 64 64 65 23 
435 0 0 1 1 1 1 1 0 1 0 1 0 0 4 4 0 4 4 0 0 0 72 6 9 8 0 57 7 8 8 0 1 1 1 0 6.33 4 4 4 4 
437 0 0 2 2 2 1 10 0 9 1 1 0 0 6 6 1 6 0 0 0 6 129 10 68 25 36 51 40 54 25 29 4 4 5 2 0.75 12 12 13 8 
438 0 0 1 1 1 1 1 0 1 0 1 0 0 1 1 0 1 1 0 0 0 36 2 6 5 0 28 4 5 5 0 1 1 1 0 4.67 1 1 1 1 
436 2 3 4 4 4 1 39 1 29 13 1 6 2 6 0 0 6 0 0 0 6 365 18 207 83 131 165 142 168 80 88 6 6 6 4 0.8 26 26 26 6 
440 2 3 5 5 5 1 30 2 25 3 1 0 25 24 24 6 24 0 7 6 11 956 90 683 227 480 183 388 505 220 285 13 13 13 8 0.27 110 110 111 30 
285 0 0 1 1 1 1 4 0 4 0 1 0 0 5 5 1 5 0 0 1 4 100 9 37 21 9 54 18 25 17 8 3 3 3 1 1.46 7 7 7 5 
219 0 0 1 1 1 1 1 0 1 0 1 0 0 3 3 0 3 0 0 0 3 83 6 25 24 0 52 11 12 12 0 1 1 1 0 2.08 3 3 3 3 
294 0 0 1 1 1 1 3 0 3 0 1 0 0 4 4 0 4 0 0 1 3 61 5 18 6 6 38 6 12 6 6 2 2 2 1 2.11 5 5 5 4 
676 1 2 1 1 1 1 3 0 3 0 1 0 0 13 13 1 13 0 0 0 13 131 17 52 24 14 62 18 32 18 14 1 1 1 0 1.19 13 13 13 13 
353 0 0 1 1 1 1 3 0 3 0 1 0 0 13 13 0 13 0 0 0 13 76 14 42 15 13 20 14 28 15 13 1 1 1 0 0.48 13 13 13 13 
301 1 2 1 1 1 1 4 0 4 0 1 0 0 7 7 1 7 0 0 1 6 98 11 33 12 13 54 14 23 12 11 3 3 4 1 1.64 9 9 10 7 
296 1 2 2 2 2 1 4 0 4 0 1 0 0 7 7 2 7 0 0 0 7 103 11 37 13 15 55 16 26 13 13 4 4 5 1 1.49 11 11 12 7 
675 1 2 1 1 1 1 1 0 1 0 1 0 0 1 1 0 1 0 0 0 1 42 4 8 7 0 30 5 6 6 0 1 1 1 0 3.75 1 1 1 1 
221 0 0 1 1 1 1 1 0 1 0 1 0 0 1 1 0 1 1 0 0 0 38 3 6 5 0 29 4 5 5 0 1 1 1 0 4.83 1 1 1 1 
292 2 3 1 1 2 1 4 0 4 0 1 0 4 12 12 3 12 0 0 1 11 184 21 61 24 28 102 27 42 24 18 3 3 6 1 1.67 15 15 18 12 
289 0 0 2 2 2 1 7 0 7 0 1 0 1 9 9 1 9 0 0 0 9 166 15 76 21 40 75 35 56 23 33 4 4 4 2 0.99 22 22 22 12 
297 2 3 1 1 1 1 4 0 3 0 1 0 0 4 4 0 4 0 0 1 3 65 6 20 8 6 39 8 14 8 6 2 2 2 1 1.95 5 5 5 4 
295 0 0 1 1 1 1 3 0 3 0 1 0 0 4 4 0 4 0 0 1 3 58 5 18 6 6 35 6 12 6 6 2 2 2 1 1.94 5 5 5 4 
293 0 0 1 1 1 1 3 0 3 0 1 0 0 4 4 0 4 0 0 1 3 60 5 18 6 6 37 6 12 6 6 2 2 2 1 2.06 5 5 5 4 
290 1 2 1 1 1 1 3 0 3 0 2 0 0 14 14 3 14 0 0 1 13 199 23 63 25 23 113 26 44 25 19 3 3 4 1 1.79 17 17 18 14 
288 2 3 2 2 2 2 8 0 6 1 1 0 1 10 10 2 10 0 0 1 9 188 23 78 25 41 87 33 55 25 30 10 10 12 4 1.12 21 21 24 17 
678 2 3 1 1 1 1 11 0 10 0 1 0 0 6 6 2 6 0 2 0 4 153 14 79 35 35 61 42 51 20 31 2 2 2 1 0.77 8 8 8 6 
447 0 0 1 1 1 1 4 0 4 0 1 0 3 6 6 2 6 0 0 1 5 123 14 43 19 18 66 22 31 17 14 2 2 2 1 1.53 8 8 8 6 
222 1 1 3 3 3 1 12 0 11 0 2 0 2 7 7 5 7 0 2 0 5 182 18 110 45 57 54 66 89 49 40 7 7 7 4 0.49 19 19 20 7 
300 1 1 0 0 0 0 0 0 0 0 1 0 0 0 0 26 0 0 0 0 0 161 27 29 28 26 105 27 28 28 0 0 0 0 0 3.62 0 0 0 0 
218 0 0 1 1 1 1 1 0 1 0 1 0 0 8 8 0 8 8 0 0 0 128 12 28 27 0 88 19 20 20 0 1 1 1 0 3.14 8 8 8 8 
220 0 0 1 1 1 1 4 0 4 0 1 0 0 10 10 8 10 0 0 0 10 186 20 60 31 18 106 32 43 25 18 1 1 1 0 1.77 10 10 10 10 
355 2 4 2 2 2 1 8 0 8 0 1 0 3 13 13 9 13 0 0 3 10 295 34 147 76 62 114 82 103 54 49 3 3 3 2 0.78 20 20 20 13 
217 0 0 1 1 1 1 4 0 4 0 1 0 2 7 7 4 7 0 1 0 6 164 18 58 35 16 88 34 43 29 14 2 2 2 1 1.52 8 8 8 7 
287 0 0 1 1 1 1 2 0 2 0 1 0 13 7 7 1 7 0 0 0 7 137 22 32 24 18 83 24 28 24 4 1 1 1 0 2.59 7 7 7 7 
674 1 2 1 1 1 1 1 0 1 0 1 0 0 12 12 0 12 0 0 0 12 136 14 26 26 0 96 14 15 15 0 1 1 1 0 3.69 12 12 12 12 
291 0 0 1 1 1 1 1 0 1 0 1 0 0 13 13 0 13 13 0 0 0 49 14 16 15 0 19 14 15 15 0 1 1 1 0 1.19 13 13 13 13 
354 2 3 1 1 1 1 6 0 5 0 1 2 0 3 1 0 3 0 1 0 2 88 10 22 16 4 56 7 11 9 2 1 1 1 0 2.55 3 3 3 3 
286 1 2 1 1 2 1 3 0 3 0 1 0 0 11 11 3 11 0 0 1 10 144 18 48 20 17 78 20 33 20 13 4 4 6 1 1.63 14 14 19 11 
318 2 3 1 1 1 1 1 0 1 0 1 0 0 4 4 0 4 4 0 0 0 75 8 13 12 0 54 7 8 8 0 1 1 1 0 4.15 4 4 4 4 
351 0 0 2 2 2 2 6 0 6 0 1 2 3 2 0 3 2 0 0 0 2 96 9 45 25 19 42 28 35 23 12 3 3 3 2 0.93 4 4 4 4 
352 2 2 4 4 4 1 16 0 16 0 1 1 2 16 15 1 16 0 2 0 14 338 23 274 49 215 41 179 239 53 186 29 29 29 3 0.15 59 59 60 16 
299 2 3 2 2 2 1 4 0 4 0 1 0 1 22 22 9 22 0 0 1 21 338 36 123 44 53 179 55 84 44 40 5 5 11 1 1.46 34 34 41 22 
302 0 0 1 1 1 1 1 0 1 0 1 0 0 2 2 0 2 2 0 0 0 65 5 9 8 0 51 6 7 7 0 1 1 1 0 5.67 2 2 2 2 
298 2 3 2 2 2 1 5 0 5 0 1 0 0 13 13 3 13 0 0 1 12 205 19 78 25 36 108 34 54 25 29 4 4 6 1 1.38 22 22 25 13 
679 1 1 1 1 1 1 4 0 4 0 1 0 0 7 7 0 7 0 0 0 7 60 8 32 11 13 20 12 22 11 11 3 3 3 1 0.63 9 9 9 7 
673 0 0 1 1 1 1 1 0 1 0 1 0 0 1 1 0 1 0 0 0 1 41 3 8 7 0 30 5 6 6 0 1 1 1 0 3.75 1 1 1 1 
643 0 0 1 1 1 1 1 0 1 0 1 0 0 2 2 0 2 0 0 0 2 42 2 6 5 0 34 3 4 4 0 1 1 1 0 5.67 2 2 2 2 
644 0 0 1 1 1 1 1 0 1 0 1 0 0 1 1 0 1 0 0 0 1 38 1 5 4 0 32 2 3 3 0 1 1 1 0 6.4 1 1 1 1 
645 0 0 1 1 1 1 1 0 1 0 1 0 0 2 2 0 2 0 0 0 2 56 2 6 5 0 48 3 4 4 0 1 1 1 0 8 2 2 2 2 
647 0 0 1 1 1 1 1 0 1 0 1 0 0 2 2 0 2 0 0 0 2 55 2 6 5 0 47 3 4 4 0 1 1 1 0 7.83 2 2 2 2 
648 0 0 1 1 1 1 1 0 1 0 1 0 0 3 3 0 3 0 0 0 3 82 3 6 5 0 73 4 5 5 0 1 1 1 0 12.17 3 3 3 3 
639 0 0 1 1 1 1 1 0 1 0 1 0 0 3 3 0 3 0 0 0 3 130 3 7 6 0 120 4 5 5 0 1 1 1 0 17.14 3 3 3 3 
638 0 0 0 0 0 0 0 0 0 0 1 0 0 0 0 0 0 0 0 0 0 29 1 3 2 0 25 1 2 2 0 0 0 0 0 8.33 0 0 0 0 
649 0 0 1 1 1 1 1 0 1 0 1 0 0 2 2 0 2 0 0 0 2 58 2 6 5 0 50 3 4 4 0 1 1 1 0 8.33 2 2 2 2 
650 0 0 1 1 1 1 1 0 1 0 1 0 0 2 2 0 2 0 0 0 2 58 2 6 5 0 50 3 4 4 0 1 1 1 0 8.33 2 2 2 2 
640 0 0 0 0 0 0 0 0 0 0 1 0 0 0 0 0 0 0 0 0 0 26 1 4 3 0 21 1 2 2 0 0 0 0 0 5.25 0 0 0 0 
651 0 0 1 1 1 1 1 0 1 0 1 0 0 4 4 0 4 0 0 0 4 84 4 8 7 0 72 5 6 6 0 1 1 1 0 9 4 4 4 4 
652 0 0 1 1 1 1 1 0 1 0 1 0 0 3 3 0 3 0 0 0 3 115 3 7 6 0 105 4 5 5 0 1 1 1 0 15 3 3 3 3 
653 0 0 1 1 1 1 1 0 1 0 1 0 0 1 1 0 1 0 0 0 1 44 1 5 4 0 38 2 3 3 0 1 1 1 0 7.6 1 1 1 1 
655 0 0 1 1 1 1 1 0 1 0 1 0 0 4 4 0 4 0 0 0 4 61 4 8 7 0 49 5 6 6 0 1 1 1 0 6.13 4 4 4 4 
646 0 0 0 0 0 0 0 0 0 0 1 0 0 0 0 0 0 0 0 0 0 25 1 3 2 0 21 1 2 2 0 0 0 0 0 7 0 0 0 0 
656 0 0 1 1 1 1 1 0 1 0 1 0 0 1 1 0 1 0 0 0 1 39 1 5 4 0 33 2 3 3 0 1 1 1 0 6.6 1 1 1 1 
657 0 0 0 0 0 0 0 0 0 0 1 0 0 0 0 0 0 0 0 0 0 24 2 3 2 0 19 1 2 2 0 0 0 0 0 6.33 0 0 0 0 
658 0 0 1 1 1 1 1 0 1 0 1 0 0 1 1 0 1 0 0 0 1 41 1 5 4 0 35 2 3 3 0 1 1 1 0 7 1 1 1 1 
659 0 0 1 1 1 1 1 0 1 0 1 0 0 1 1 0 1 0 0 0 1 36 1 5 4 0 30 2 3 3 0 1 1 1 0 6 1 1 1 1 
660 0 0 1 1 1 1 1 0 1 0 1 0 0 1 1 0 1 0 0 0 1 36 1 5 4 0 30 2 3 3 0 1 1 1 0 6 1 1 1 1 
661 0 0 1 1 1 1 1 0 1 0 1 0 0 1 1 0 1 0 0 0 1 35 1 5 4 0 29 2 3 3 0 1 1 1 0 5.8 1 1 1 1 
641 0 0 0 0 0 0 0 0 0 0 1 0 0 0 0 0 0 0 0 0 0 25 1 3 2 0 21 1 2 2 0 0 0 0 0 7 0 0 0 0 
663 0 0 1 1 1 1 1 0 1 0 1 0 0 2 2 0 2 0 0 0 2 49 2 6 5 0 41 3 4 4 0 1 1 1 0 6.83 2 2 2 2 
662 0 0 1 1 1 1 1 0 1 0 1 0 0 2 2 0 2 0 0 0 2 79 2 5 4 0 72 3 4 4 0 1 1 1 0 14.4 2 2 2 2 
664 0 0 1 1 1 1 1 0 1 0 1 0 0 2 2 0 2 0 0 0 2 50 2 6 5 0 42 3 4 4 0 1 1 1 0 7 2 2 2 2 
665 0 0 1 1 1 1 1 0 1 0 1 0 0 2 2 0 2 0 0 0 2 51 2 6 5 0 43 3 4 4 0 1 1 1 0 7.17 2 2 2 2 
672 0 0 1 1 1 1 1 0 1 0 1 0 0 4 4 0 4 0 0 0 4 87 5 9 8 0 73 6 7 7 0 1 1 1 0 8.11 4 4 4 4 
671 0 0 0 0 0 0 0 0 0 0 1 0 12 0 0 0 0 0 0 0 0 84 12 15 14 12 57 13 14 14 0 0 0 0 0 3.8 0 0 0 0 
670 0 0 1 1 1 1 0 0 0 0 1 0 0 42 42 0 42 0 0 0 42 660 51 116 115 0 493 46 47 47 0 1 1 1 0 4.25 42 42 42 42 
666 0 0 1 1 1 1 1 0 1 0 1 0 0 2 2 0 2 0 0 0 2 56 2 6 5 0 48 3 4 4 0 1 1 1 0 8 2 2 2 2 
667 0 0 1 1 1 1 1 0 1 0 1 0 0 3 3 0 3 0 0 0 3 80 3 7 6 0 70 4 5 5 0 1 1 1 0 10 3 3 3 3 
668 0 0 1 1 1 1 1 0 1 0 1 0 0 2 2 0 2 0 0 0 2 66 2 6 5 0 58 3 4 4 0 1 1 1 0 9.67 2 2 2 2 
654 0 0 0 0 0 0 0 0 0 0 1 0 0 0 0 0 0 0 0 0 0 25 1 3 2 0 21 1 2 2 0 0 0 0 0 7 0 0 0 0 
642 0 0 0 0 0 0 0 0 0 0 1 0 0 0 0 0 0 0 0 0 0 27 1 4 3 0 22 1 2 2 0 0 0 0 0 5.5 0 0 0 0 
669 0 0 1 1 1 1 1 0 1 0 1 0 0 1 1 0 1 0 0 0 1 41 1 5 4 0 35 2 3 3 0 1 1 1 0 7 1 1 1 1 
591 0 0 2 2 2 2 15 0 13 0 2 0 1 15 15 4 15 0 2 2 11 309 24 203 69 122 82 114 151 76 75 9 9 9 5 0.4 36 36 37 23 
242 4 2 3 3 3 1 13 0 12 1 4 0 3 25 25 14 25 11 4 5 5 578 47 330 83 204 201 166 244 84 160 11 11 11 4 0.61 77 77 78 36 
586 0 0 1 1 1 1 4 0 4 0 1 0 0 4 4 5 4 0 0 0 4 110 12 28 18 7 70 17 21 15 6 1 1 1 0 2.5 4 4 4 4 
540 0 0 2 2 2 1 8 0 7 0 1 0 0 3 3 1 3 0 0 1 2 86 10 33 17 16 43 24 30 18 12 4 4 4 2 1.3 6 6 6 3 
573 0 0 1 1 1 1 1 0 1 0 1 0 0 2 2 0 2 2 0 0 0 58 5 10 9 0 43 6 7 7 0 1 1 1 0 4.3 2 2 2 2 
598 3 3 3 3 4 2 14 0 13 1 2 1 0 10 9 7 10 3 5 0 2 347 24 171 75 84 152 102 134 73 61 6 6 7 4 0.89 32 32 35 19 
256 1 1 2 2 2 2 9 0 7 1 2 1 3 13 12 3 13 2 1 0 10 251 31 119 32 66 101 52 83 39 44 10 10 11 6 0.85 27 27 29 23 
581 3 2 2 2 3 2 10 0 10 0 2 0 0 11 11 7 11 2 1 1 7 271 27 132 53 71 116 72 101 50 51 6 6 7 4 0.88 25 25 28 21 
457 0 0 2 2 2 1 11 1 9 1 5 0 0 13 13 5 13 4 1 3 5 202 34 125 40 71 43 67 90 48 42 9 9 9 0 0.34 23 23 23 16 
284 1 3 2 2 2 2 8 0 7 0 4 0 0 22 22 10 22 2 3 2 15 421 44 211 81 104 166 105 149 81 68 12 12 16 6 0.79 42 42 48 33 
252 1 1 1 1 1 1 3 0 3 0 1 0 0 4 4 1 4 3 0 1 0 77 10 22 11 6 45 12 17 11 6 1 1 1 0 2.05 4 4 4 4 
236 0 0 3 3 3 1 11 0 10 0 5 1 1 18 17 5 18 5 5 0 8 390 34 226 72 130 130 120 170 77 93 13 13 16 4 0.58 47 47 51 23 
235 0 0 1 1 1 1 2 0 2 0 1 0 0 4 4 2 4 3 0 0 1 62 9 16 10 3 37 10 13 10 3 1 1 1 0 2.31 4 4 4 4 
265 0 0 2 2 2 1 7 1 5 0 1 4 4 5 1 2 5 0 1 0 4 119 21 46 18 24 52 23 34 17 17 5 5 5 2 1.13 9 9 9 5 
590 0 0 1 1 1 1 8 0 8 0 1 0 0 1 1 0 1 0 0 1 0 46 4 13 8 3 29 4 6 5 1 1 1 1 0 2.23 1 1 1 1 
546 0 0 4 4 4 2 17 0 16 0 5 4 6 18 14 5 18 0 2 0 16 467 38 333 115 187 97 178 239 88 151 35 35 39 5 0.29 66 66 70 38 
552 0 0 1 1 1 1 8 0 8 0 1 0 0 1 1 0 1 0 0 1 0 48 4 13 9 2 31 4 6 5 1 1 1 1 0 2.38 1 1 1 1 
277 0 0 2 2 2 1 6 0 5 0 5 0 0 21 21 10 21 1 2 2 16 334 39 147 55 63 148 77 112 60 52 10 10 10 3 1.01 32 32 32 24 
282 2 2 2 2 2 1 6 0 6 0 4 0 0 22 22 10 22 0 3 2 17 368 42 157 56 73 170 77 115 56 59 7 7 8 2 1.08 36 36 39 30 
255 3 1 1 1 1 1 3 0 3 0 4 2 1 18 16 4 18 16 0 0 2 249 29 78 31 30 142 35 56 33 23 4 4 4 2 1.82 21 21 21 18 
246 1 1 3 3 4 1 16 0 15 1 2 1 4 5 4 6 5 4 1 0 0 191 19 93 28 55 79 52 73 30 43 6 6 7 3 0.85 17 17 18 5 
273 1 1 3 3 3 2 18 0 15 2 3 0 1 12 12 3 12 1 1 0 10 264 27 148 43 87 90 83 113 46 67 11 11 12 3 0.61 30 30 31 20 
262 0 0 3 3 3 2 14 0 11 2 1 2 2 3 1 0 3 0 1 0 2 76 7 40 14 26 29 20 29 13 16 4 4 4 2 0.72 8 8 8 5 
580 1 1 3 3 3 2 11 0 10 0 4 0 0 9 9 5 9 1 2 0 6 202 18 107 32 62 77 59 81 35 46 11 11 11 3 0.72 23 23 23 14 
544 2 3 1 1 1 1 1 0 1 0 1 0 0 2 2 1 2 0 0 0 2 59 6 12 11 1 41 9 10 10 0 1 1 1 0 3.42 2 2 2 2 
260 0 0 1 1 1 1 2 0 2 0 1 2 9 3 1 0 3 0 1 0 2 109 13 20 14 11 76 12 16 14 2 1 1 1 0 3.8 3 3 3 3 
451 2 3 2 2 2 1 14 0 12 1 1 0 1 6 6 5 6 0 2 0 4 219 20 104 46 55 95 63 80 43 37 4 4 4 3 0.91 14 14 14 6 
587 1 1 1 1 1 1 3 0 3 0 1 0 0 6 6 2 6 6 0 0 0 94 10 26 12 7 58 12 19 12 7 1 1 1 0 2.23 6 6 6 6 
245 0 0 1 1 1 1 1 0 1 0 1 0 0 1 1 0 1 1 0 0 0 38 4 5 4 0 29 3 4 4 0 1 1 1 0 5.8 1 1 1 1 
592 0 0 1 1 1 1 1 0 1 0 1 0 0 1 1 0 1 0 0 0 1 37 3 6 5 0 28 3 4 4 0 1 1 1 0 4.67 1 1 1 1 
582 0 0 1 1 2 1 4 0 4 0 1 1 2 4 3 1 4 0 1 0 3 87 10 26 12 11 51 12 18 12 6 2 2 3 1 1.96 5 5 6 4 
238 0 0 2 2 2 1 6 0 6 0 1 0 0 12 12 5 12 12 0 0 0 216 20 99 39 51 97 59 80 41 39 5 5 6 2 0.98 18 18 19 12 
248 0 0 1 1 1 1 1 0 1 0 1 0 0 1 1 0 1 1 0 0 0 35 4 5 4 0 26 3 4 4 0 1 1 1 0 5.2 1 1 1 1 
247 2 1 3 3 3 1 15 0 12 2 4 0 2 16 16 16 16 9 0 0 7 499 58 245 70 151 196 142 191 75 116 13 13 13 5 0.8 46 46 48 22 
584 1 2 1 1 1 1 1 0 1 0 1 0 1 7 7 0 7 5 0 0 2 112 11 16 15 1 85 14 15 15 0 1 1 1 0 5.31 7 7 7 7 
594 0 0 3 3 3 3 10 0 10 0 1 0 2 1 1 0 1 0 0 0 1 56 6 21 13 7 30 11 15 11 4 3 3 3 2 1.43 3 3 3 3 
595 2 3 3 3 4 2 17 0 15 0 6 1 5 28 27 18 28 4 7 0 17 808 73 484 177 292 251 260 357 178 179 16 16 18 9 0.52 97 97 101 43 
541 0 0 3 3 3 1 11 0 10 0 1 0 1 6 6 2 6 1 0 0 5 171 14 82 32 45 75 50 64 35 29 5 5 5 3 0.91 15 15 15 6 
542 0 0 3 3 3 1 11 0 10 0 1 1 4 9 8 4 9 1 3 0 5 249 21 122 45 68 106 63 88 43 45 7 7 7 6 0.87 23 23 23 9 
589 2 3 2 2 2 2 13 0 12 0 2 1 1 38 37 11 38 0 3 0 35 655 60 461 180 268 134 254 319 166 153 10 9 10 4 0.29 80 66 81 63 
583 0 0 2 2 2 2 5 0 5 0 1 0 0 3 3 2 3 0 0 2 1 77 10 24 12 8 43 12 18 12 6 3 3 3 2 1.79 5 5 5 5 
547 0 0 5 5 5 2 19 1 18 0 1 0 1 3 3 3 3 0 0 0 3 198 15 81 34 44 103 46 59 31 28 9 9 9 3 1.27 15 15 15 6 
271 0 0 3 3 3 2 16 0 11 4 1 2 1 3 1 0 3 0 1 0 2 76 7 39 11 24 30 18 27 10 17 4 4 4 2 0.77 8 8 8 5 
275 4 4 8 7 9 2 44 1 38 5 2 1 1 20 19 11 20 0 5 0 15 1125 65 830 227 588 239 475 612 226 386 63 42 70 5 0.29 169 143 187 37 
274 0 0 1 1 1 1 3 0 3 0 1 0 0 4 4 1 4 1 0 1 2 72 8 22 11 5 42 10 16 11 5 2 2 2 1 1.91 5 5 5 4 
257 0 0 2 2 2 1 9 0 8 0 1 0 0 8 8 5 8 1 1 0 6 180 19 87 33 44 74 47 63 32 31 5 5 7 4 0.85 13 13 15 8 
268 0 0 1 1 1 1 3 0 3 0 1 0 0 7 7 5 7 1 0 1 5 117 15 42 21 13 65 25 33 21 12 1 1 1 0 1.55 7 7 7 7 
599 0 0 2 2 2 1 9 0 8 0 3 1 10 39 38 13 39 2 6 1 30 926 102 391 158 223 447 228 307 165 142 9 9 10 4 1.14 78 78 85 54 
237 5 2 2 2 2 1 12 0 10 1 11 9 24 77 68 31 77 43 12 0 22 1928 190 924 260 569 814 497 694 262 432 13 13 13 4 0.88 180 180 182 94 
543 1 1 1 1 1 1 1 0 1 0 1 0 0 3 3 0 3 0 0 0 3 56 6 9 8 0 41 7 8 8 0 1 1 1 0 4.56 3 3 3 3 
555 0 0 2 2 2 2 8 0 8 1 1 0 0 7 7 4 7 1 1 0 5 152 16 68 22 38 72 32 49 22 27 5 5 6 3 1.06 16 16 17 14 
456 2 3 2 2 2 1 6 0 5 0 1 0 0 4 4 2 4 1 0 0 3 91 11 36 18 12 44 17 24 15 9 2 2 2 1 1.22 6 6 6 4 
593 2 2 1 1 1 1 4 0 4 0 2 1 3 5 4 1 5 0 1 0 4 112 13 46 31 14 53 30 38 31 7 2 2 2 1 1.15 6 6 6 5 
239 2 3 1 1 1 1 1 0 1 0 1 0 0 1 1 0 1 0 0 0 1 38 3 7 6 0 28 5 6 6 0 1 1 1 0 4 1 1 1 1 
258 3 3 3 3 3 1 13 0 11 1 1 0 2 29 29 8 29 0 4 20 5 747 53 384 126 232 310 176 248 112 136 21 13 23 3 0.81 84 76 86 35 
263 0 0 2 2 2 1 6 0 5 0 1 0 1 11 11 5 11 1 0 1 9 197 20 81 28 38 96 39 58 27 31 4 4 4 2 1.19 18 18 19 11 
267 0 0 1 1 2 1 4 0 4 0 3 0 0 18 18 6 18 3 0 1 14 243 30 106 38 43 107 46 74 38 36 6 6 8 2 1.01 26 26 29 18 
455 0 0 2 2 2 2 7 0 7 0 1 0 0 8 8 3 8 2 0 0 6 146 14 63 22 35 69 34 51 24 27 4 4 4 2 1.1 16 16 16 13 
458 0 0 2 2 2 1 6 0 6 0 4 0 1 20 20 9 20 1 2 2 15 322 39 139 53 60 144 69 103 55 48 6 6 6 4 1.04 30 30 30 20 
549 0 0 1 1 1 1 4 0 4 0 2 1 1 8 7 3 8 4 2 0 2 136 15 44 19 17 77 20 32 19 13 2 2 3 1 1.75 10 10 11 8 
249 1 2 1 1 1 1 7 0 7 0 1 0 0 9 9 2 9 9 0 0 0 188 14 82 37 40 92 45 60 34 26 3 3 3 4 1.12 12 12 13 9 
545 0 0 2 2 2 1 10 0 10 0 2 0 1 5 5 3 5 0 0 0 5 132 13 63 28 29 56 36 44 24 20 3 3 3 2 0.89 8 8 8 5 
588 2 2 2 2 2 1 10 0 9 0 2 0 0 6 6 3 6 0 1 0 5 172 15 81 45 34 76 45 56 38 18 3 3 3 1 0.94 10 10 10 6 
597 1 1 3 3 3 1 15 0 15 0 1 2 3 5 3 4 5 0 3 0 2 189 16 94 34 57 79 59 74 34 40 4 4 4 2 0.84 14 14 14 5 
251 0 0 1 1 1 1 3 0 3 0 1 0 0 6 6 3 6 0 0 0 6 109 12 31 15 9 66 17 24 15 9 1 1 1 0 2.13 6 6 6 6 
250 3 4 2 2 3 1 16 1 14 1 2 1 1 7 6 2 7 0 1 1 5 226 21 128 59 66 77 76 94 55 39 7 7 8 2 0.6 17 17 18 7 
281 3 4 3 3 3 1 12 0 11 0 2 0 1 19 19 20 19 0 4 1 14 504 51 259 87 138 194 132 183 77 106 11 11 12 4 0.75 50 50 54 22 
279 0 0 2 2 3 2 10 0 9 0 3 0 1 23 23 11 23 2 3 2 16 513 53 255 83 147 205 141 190 82 108 16 16 24 9 0.8 56 56 67 35 
452 0 0 1 1 1 1 4 0 4 0 1 0 0 4 4 2 4 1 0 2 1 60 9 26 13 9 25 14 20 13 7 2 2 2 1 0.96 5 5 5 4 
254 2 2 1 1 1 1 4 0 4 0 3 0 0 27 27 4 27 5 0 4 18 358 40 132 49 50 186 57 95 47 48 3 3 3 2 1.41 34 34 37 27 
269 0 0 7 6 8 4 31 2 24 5 1 1 1 3 2 3 3 1 2 0 0 174 16 87 25 55 71 52 71 30 41 19 16 20 3 0.82 22 19 23 13 
243 0 0 2 2 2 1 6 0 6 0 4 0 1 12 12 4 12 8 2 0 2 217 20 99 39 45 98 50 72 40 32 5 5 5 3 0.99 20 20 20 12 
272 3 3 3 3 3 2 10 0 10 0 2 0 5 20 20 9 20 3 8 0 9 518 39 253 88 141 226 125 179 82 97 12 12 12 5 0.89 52 52 54 37 
450 0 0 1 1 1 1 3 0 3 0 1 0 0 3 3 2 3 1 0 0 2 61 7 16 8 4 38 8 12 8 4 1 1 1 0 2.38 3 3 3 3 
264 0 0 1 1 1 1 1 0 1 0 1 0 0 2 2 0 2 2 0 0 0 50 6 7 6 0 37 5 6 6 0 1 1 1 0 5.29 2 2 2 2 
240 8 3 2 2 2 1 8 0 8 0 6 0 11 97 97 39 97 0 2 15 80 1788 167 926 319 543 699 447 632 300 332 11 11 13 6 0.75 187 187 191 124 
270 0 0 3 3 3 2 13 0 12 0 3 0 1 8 8 6 8 3 1 0 4 235 24 126 50 64 86 61 88 43 45 12 12 13 5 0.68 22 22 25 12 
261 0 0 2 2 2 2 16 2 13 1 2 0 1 9 9 2 9 0 2 1 6 207 25 93 34 58 89 56 77 40 37 5 5 6 3 0.96 20 20 21 15 
253 1 1 1 1 1 1 3 0 3 0 1 0 0 8 8 2 8 1 0 1 6 144 14 43 19 15 87 20 31 19 12 2 2 3 1 2.02 10 10 11 8 
596 0 0 2 2 2 1 9 0 9 0 1 0 0 3 3 2 3 0 0 0 3 80 8 39 17 18 33 23 30 17 13 3 3 3 2 0.85 5 5 5 3 
553 1 2 4 4 5 1 18 0 17 0 1 0 0 2 2 1 2 0 0 0 2 90 6 51 25 24 33 33 41 26 15 7 7 8 4 0.65 8 8 9 2 
280 0 0 1 1 1 1 3 0 3 0 1 0 0 9 9 2 9 1 0 0 8 112 14 43 18 16 55 21 32 18 14 2 2 3 1 1.28 10 10 11 9 
571 1 1 1 1 1 1 1 0 1 0 1 0 0 3 3 0 3 0 0 0 3 58 6 9 8 0 43 7 8 8 0 1 1 1 0 4.78 3 3 3 3 
570 1 1 2 2 2 1 5 0 5 0 1 0 0 2 2 2 2 1 0 0 1 65 7 18 8 6 40 9 13 8 5 2 2 2 1 2.22 3 3 3 2 
585 1 1 1 1 1 1 1 0 1 0 1 0 0 2 2 0 2 0 0 0 2 51 5 7 6 0 39 5 6 6 0 1 1 1 0 5.57 2 2 2 2 
550 0 0 3 3 3 2 13 0 12 0 1 0 0 3 3 1 3 0 0 0 3 120 11 51 25 24 58 30 39 24 15 4 4 4 3 1.14 8 8 8 7 
551 0 0 3 3 3 1 18 0 15 2 3 0 2 8 8 4 8 1 1 0 6 249 21 134 42 75 94 65 92 41 51 10 10 10 3 0.7 26 26 26 11 
554 0 0 3 3 4 2 15 0 11 2 1 0 1 4 4 5 4 1 0 0 3 149 16 61 17 32 72 29 43 17 26 5 5 5 3 1.18 13 13 14 6 
556 1 3 2 2 2 1 8 0 8 0 2 0 0 5 5 2 5 0 0 0 5 127 11 57 28 26 59 34 43 27 16 4 4 4 2 1.04 8 8 8 7 
266 0 0 1 1 1 1 3 0 3 0 1 0 0 1 1 0 1 0 0 0 1 36 4 7 4 1 25 3 5 4 1 1 1 1 0 3.57 1 1 1 1 
453 0 0 0 0 0 0 0 0 0 0 1 0 3 0 0 0 0 0 0 0 0 39 5 6 5 3 28 4 5 5 0 0 0 0 0 4.67 0 0 0 0 
572 0 0 1 1 1 1 1 0 1 0 1 0 0 1 1 0 1 0 0 0 1 35 2 4 3 0 29 2 3 3 0 1 1 1 0 7.25 1 1 1 1 
548 0 0 4 4 4 3 12 0 12 0 1 2 1 2 0 0 2 0 0 0 2 76 6 34 14 15 36 19 26 16 10 4 4 4 3 1.06 8 8 8 5 
241 2 2 2 2 2 1 6 0 5 0 1 0 1 8 8 3 8 5 1 2 0 161 15 63 26 30 83 37 50 27 23 4 4 4 2 1.32 12 12 12 8 
278 0 0 1 1 1 1 5 0 5 0 4 0 1 22 22 11 22 1 1 3 17 372 40 160 64 71 172 85 120 64 56 5 5 5 4 1.08 30 30 30 25 
259 1 2 4 4 4 1 18 1 16 1 2 0 0 11 11 9 11 0 2 2 7 353 37 203 63 124 113 106 143 59 84 14 14 17 6 0.56 40 39 46 13 
276 2 2 1 1 1 1 5 0 5 0 5 0 0 20 20 8 20 2 2 0 16 289 33 130 57 52 126 67 96 56 40 4 4 4 2 0.97 27 27 27 20 
223 0 0 1 1 1 1 3 0 3 0 1 0 0 13 13 3 13 0 0 0 13 144 18 53 20 18 73 23 39 21 18 2 2 2 1 1.38 15 15 15 13 
579 0 0 2 2 2 1 7 0 7 0 1 0 2 6 6 4 6 1 0 0 5 123 17 56 21 29 50 29 42 21 21 7 7 8 5 0.89 12 12 13 6 
574 1 1 2 2 2 1 7 0 7 0 1 0 1 6 6 3 6 0 1 0 5 95 10 52 15 28 33 28 41 16 25 3 3 3 2 0.63 12 12 12 8 
577 0 0 1 1 1 1 4 0 4 0 1 0 0 4 4 2 4 0 0 0 4 58 6 22 10 8 30 12 17 10 7 1 1 1 0 1.36 4 4 4 4 
575 1 1 1 1 1 1 1 0 1 0 1 0 0 3 3 0 3 3 0 0 0 45 6 6 6 0 33 5 6 6 0 1 1 1 0 5.5 3 3 3 3 
576 0 0 2 2 3 1 8 0 8 0 1 0 0 4 4 4 4 0 0 0 4 79 10 41 12 25 28 21 30 12 18 5 5 7 2 0.68 9 9 11 4 
578 0 0 2 2 2 1 5 0 5 0 1 0 0 4 4 1 4 0 0 0 4 62 8 26 9 10 28 10 17 9 8 2 2 2 1 1.08 6 6 6 4 
602 2 3 2 2 2 2 6 0 6 0 1 0 0 4 4 1 4 0 0 2 2 84 9 32 11 13 43 14 22 11 11 3 3 3 1 1.34 8 8 8 8 
606 2 3 1 1 1 1 3 0 3 0 1 0 0 4 4 2 4 1 0 0 3 74 10 22 11 6 42 12 17 11 6 1 1 1 0 1.91 4 4 4 4 
607 2 3 1 1 1 1 3 0 3 0 1 0 0 4 4 1 4 1 0 0 3 72 10 22 12 5 40 10 15 10 5 1 1 1 0 1.82 4 4 4 4 
608 2 3 1 1 1 1 3 0 3 0 1 0 0 4 4 2 4 1 0 0 3 75 10 23 12 6 42 13 18 12 6 1 1 1 0 1.83 4 4 4 4 
609 2 3 1 1 1 1 4 0 4 0 1 0 0 4 4 2 4 1 0 0 3 78 10 26 15 6 42 12 17 11 6 1 1 1 0 1.62 4 4 4 4 
611 2 3 1 1 1 1 3 0 3 0 1 0 1 8 8 3 8 1 0 0 7 133 18 40 20 12 75 19 28 17 11 1 1 1 0 1.88 8 8 8 8 
600 2 3 1 1 1 1 4 0 4 0 1 0 0 5 5 3 5 1 0 0 4 100 12 31 17 8 57 16 22 14 8 1 1 1 0 1.84 5 5 5 5 
601 2 3 1 1 1 1 3 0 3 0 1 0 0 1 1 0 1 0 0 0 1 34 4 10 7 1 20 4 6 5 1 1 1 1 0 2 1 1 1 1 
635 0 0 1 1 1 1 3 0 3 0 1 0 0 27 27 0 27 0 0 0 27 213 28 84 29 27 101 28 56 29 27 1 1 1 0 1.2 27 27 27 27 
637 0 0 1 1 1 1 5 0 5 0 1 0 0 10 10 0 10 0 0 0 10 127 11 60 15 34 56 36 50 17 33 4 4 4 1 0.93 13 13 13 10 
612 2 3 1 1 1 1 4 0 4 0 1 0 0 4 4 2 4 1 0 0 3 79 10 27 16 6 42 13 18 12 6 1 1 1 0 1.56 4 4 4 4 
613 2 3 1 1 1 1 4 0 4 0 1 0 0 4 4 2 4 1 0 0 3 78 10 26 15 6 42 12 17 11 6 1 1 1 0 1.62 4 4 4 4 
603 2 3 1 1 1 1 3 0 3 0 1 0 0 1 1 0 1 0 0 0 1 33 4 10 7 1 19 4 6 5 1 1 1 1 0 1.9 1 1 1 1 
614 2 3 1 1 1 1 4 0 4 0 1 0 0 6 6 4 6 1 0 0 5 110 14 38 21 10 58 18 25 15 10 1 1 1 0 1.53 6 6 6 6 
615 2 3 1 1 1 1 3 0 3 0 1 0 0 7 7 3 7 1 0 0 6 118 15 38 20 10 65 17 25 15 10 1 1 1 0 1.71 7 7 7 7 
616 2 3 1 1 1 1 3 0 3 0 1 0 0 3 3 1 3 1 0 0 2 61 8 19 11 4 34 9 13 9 4 1 1 1 0 1.79 3 3 3 3 
610 2 3 1 1 1 1 3 0 3 0 1 0 0 1 1 0 1 0 0 0 1 33 4 10 7 1 19 4 6 5 1 1 1 1 0 1.9 1 1 1 1 
617 2 3 1 1 1 1 4 0 4 0 1 0 0 6 6 4 6 1 0 0 5 112 14 37 20 10 61 19 26 16 10 1 1 1 0 1.65 6 6 6 6 
619 2 3 1 1 1 1 3 0 3 0 1 0 0 3 3 1 3 1 0 0 2 59 8 17 9 4 34 9 13 9 4 1 1 1 0 2 3 3 3 3 
620 2 3 1 1 1 1 3 0 3 0 1 0 0 3 3 1 3 0 0 0 3 54 8 17 9 4 29 9 13 9 4 1 1 1 0 1.71 3 3 3 3 
621 2 3 1 1 1 1 3 0 3 0 1 0 0 3 3 1 3 1 0 0 2 59 8 17 9 4 34 9 13 9 4 1 1 1 0 2 3 3 3 3 
622 2 3 1 1 1 1 3 0 3 0 1 0 0 3 3 1 3 1 0 0 2 61 8 19 11 4 34 9 13 9 4 1 1 1 0 1.79 3 3 3 3 
623 2 3 1 1 1 1 3 0 3 0 1 0 0 3 3 1 3 1 0 0 2 59 8 17 9 4 34 9 13 9 4 1 1 1 0 2 3 3 3 3 
624 2 3 1 1 1 1 3 0 3 0 1 0 0 3 3 1 3 1 0 0 2 59 8 17 9 4 34 9 13 9 4 1 1 1 0 2 3 3 3 3 
626 2 3 1 1 1 1 3 0 3 0 1 0 0 4 4 2 4 1 0 0 3 74 10 22 11 6 42 12 17 11 6 1 1 1 0 1.91 4 4 4 4 
625 2 3 1 1 1 1 4 0 4 0 1 0 1 4 4 2 4 1 0 0 3 84 12 25 14 7 47 13 18 12 6 1 1 1 0 1.88 4 4 4 4 
627 2 3 1 1 1 1 3 0 3 0 1 0 0 6 6 2 6 1 0 0 5 98 13 32 17 8 53 14 21 13 8 1 1 1 0 1.66 6 6 6 6 
628 2 3 1 1 1 1 3 0 3 0 1 0 0 6 6 2 6 1 0 0 5 98 13 32 17 8 53 14 21 13 8 1 1 1 0 1.66 6 6 6 6 
605 0 0 1 1 1 1 1 0 1 0 1 0 0 27 27 0 27 0 0 0 27 77 28 30 29 0 19 28 29 29 0 1 1 1 0 0.63 27 27 27 27 
634 2 3 2 2 2 1 9 0 9 0 1 0 3 48 48 3 48 0 5 0 43 1101 62 514 182 240 538 182 282 114 168 10 10 11 3 1.05 99 99 109 48 
636 0 0 1 1 1 1 3 0 3 0 1 0 0 4 4 0 4 0 0 0 4 71 8 23 14 4 40 11 16 12 4 1 1 1 0 1.74 4 4 4 4 
629 2 3 1 1 1 1 5 0 4 0 1 0 0 7 7 4 7 0 1 0 6 123 15 43 22 15 65 22 30 17 13 1 1 1 0 1.51 7 7 7 7 
630 2 3 1 1 1 1 4 0 4 0 1 0 0 4 4 2 4 1 0 0 3 78 11 25 14 6 42 13 18 12 6 1 1 1 0 1.68 4 4 4 4 
631 2 3 1 1 1 1 4 0 4 0 1 0 0 5 5 3 5 1 0 0 4 95 12 33 19 8 50 16 22 14 8 1 1 1 0 1.52 5 5 5 5 
632 2 3 1 1 1 1 3 0 3 0 1 0 0 6 6 2 6 1 0 0 5 102 13 30 15 8 59 14 21 13 8 1 1 1 0 1.97 6 6 6 6 
618 2 3 1 1 1 1 3 0 3 0 1 0 0 1 1 0 1 0 0 0 1 31 4 8 5 1 19 4 6 5 1 1 1 1 0 2.38 1 1 1 1 
604 2 3 1 1 1 1 3 0 3 0 1 0 0 1 1 0 1 0 0 0 1 33 4 10 7 1 19 4 6 5 1 1 1 1 0 1.9 1 1 1 1 
633 2 3 1 1 1 1 3 0 3 0 1 0 0 3 3 1 3 1 0 0 2 59 8 17 9 4 34 9 13 9 4 1 1 1 0 2 3 3 3 3 
677 1 1 6 5 7 2 24 0 24 0 2 0 17 33 33 18 33 0 31 0 2 957 47 852 169 625 58 448 620 174 446 36 25 39 5 0.07 207 172 223 76 
335 1 1 1 1 1 1 3 0 3 0 1 0 0 7 7 2 7 0 0 0 7 57 11 27 12 7 19 11 19 12 7 1 1 1 0 0.7 7 7 7 7 
333 1 1 1 1 1 1 3 0 3 0 1 0 0 6 6 1 6 0 0 0 6 49 9 23 10 6 17 9 16 10 6 1 1 1 0 0.74 6 6 6 6 
332 0 0 1 1 1 1 3 0 3 0 1 0 0 8 8 2 8 0 0 0 8 61 13 29 12 8 19 11 20 12 8 1 1 1 0 0.66 8 8 8 8 
327 1 1 1 1 1 1 3 0 3 0 1 0 0 14 14 5 14 0 0 0 14 89 21 51 22 15 17 21 36 22 14 1 1 1 0 0.33 14 14 14 14 
319 0 0 1 1 1 1 3 0 3 0 1 0 0 20 20 0 20 0 0 0 20 104 21 63 22 20 20 21 42 22 20 1 1 1 0 0.32 20 20 20 20 
347 3 3 3 3 4 1 18 0 16 1 6 3 3 41 38 8 41 3 8 0 30 1003 85 676 190 458 242 378 510 195 315 16 16 23 5 0.36 138 138 156 61 
348 2 3 1 1 1 1 4 0 4 0 1 0 0 4 4 0 4 0 0 0 4 64 7 25 16 4 32 11 16 12 4 1 1 1 0 1.28 4 4 4 4 
349 3 3 5 5 6 1 22 0 21 0 1 4 0 20 16 4 20 0 5 0 15 595 41 461 104 323 93 269 368 112 256 16 16 23 4 0.2 98 98 120 26 
303 2 3 1 1 1 1 4 0 4 0 1 0 0 4 4 0 4 0 0 0 4 64 7 25 16 4 32 11 16 12 4 1 1 1 0 1.28 4 4 4 4 
316 3 3 5 5 5 1 21 0 20 0 2 2 0 19 17 3 19 0 3 0 16 517 33 426 96 302 58 254 346 102 244 25 25 26 4 0.14 91 91 94 21 
304 0 0 1 1 1 1 4 0 4 0 1 1 0 20 19 5 20 0 0 0 20 151 27 91 29 36 33 38 67 31 36 4 4 4 3 0.36 29 29 29 20 
315 4 4 10 9 11 2 43 0 39 3 2 3 36 18 15 5 18 1 13 0 4 1182 78 782 191 597 324 396 552 180 372 64 64 67 6 0.41 178 157 197 39 
173 2 3 1 1 1 1 4 0 4 0 1 0 0 7 7 6 7 0 0 0 7 142 17 45 25 12 80 24 32 20 12 1 1 1 0 1.78 7 7 7 7 
172 0 0 1 1 1 1 1 0 1 0 1 0 0 5 5 3 5 5 0 0 0 118 11 19 18 3 88 14 15 15 0 1 1 1 0 4.63 5 5 5 5 
180 0 0 1 1 1 1 4 0 4 0 1 0 1 5 5 0 5 0 0 0 5 60 8 26 10 9 26 10 18 10 8 3 3 3 1 1 7 7 7 7 
171 0 0 1 1 1 1 4 0 4 0 3 0 0 11 11 5 11 0 0 0 11 174 18 70 28 28 86 34 49 28 21 4 4 4 2 1.23 15 15 15 11 
181 0 0 1 1 1 1 2 0 2 0 1 0 0 3 3 1 3 0 0 0 3 53 6 15 9 2 32 7 11 9 2 1 1 1 0 2.13 3 3 3 3 
179 0 0 3 3 4 1 13 0 12 1 1 0 0 2 2 1 2 0 0 0 2 72 5 36 19 17 31 22 29 19 10 5 5 7 2 0.86 6 6 8 2 
174 0 0 0 0 0 0 0 0 0 0 1 0 0 0 0 1 0 0 0 0 0 33 2 5 4 1 26 2 3 3 0 0 0 0 0 5.2 0 0 0 0 
177 0 0 3 3 3 2 11 1 9 1 1 0 0 6 6 5 6 0 0 0 6 142 19 71 25 31 52 32 49 20 29 5 5 6 2 0.73 16 16 18 9 
538 0 0 2 2 3 1 9 0 8 0 1 0 1 5 5 2 5 0 0 0 5 108 16 59 33 27 33 32 43 30 13 4 4 7 3 0.56 9 9 15 5 
178 0 0 2 2 2 1 10 0 9 1 1 0 3 10 10 5 10 0 0 0 10 229 25 113 39 64 91 59 82 38 44 10 10 11 4 0.81 23 23 24 10 
176 0 0 1 1 1 1 4 0 4 0 1 0 1 5 5 0 5 0 0 0 5 60 8 26 10 9 26 10 18 10 8 3 3 3 1 1 7 7 7 7 
175 0 0 2 2 2 1 5 0 5 0 1 0 0 5 5 1 5 0 0 0 5 68 8 31 11 12 29 13 22 11 11 3 3 3 1 0.94 8 8 8 7 
54 0 0 0 0 0 0 0 0 0 0 1 0 0 0 0 0 0 0 0 0 0 27 2 4 4 0 21 1 2 2 0 0 0 0 0 5.25 0 0 0 0 
460 0 0 1 1 1 1 1 0 1 0 1 0 0 6 6 0 6 6 0 0 0 61 9 9 8 0 43 7 8 8 0 1 1 1 0 4.78 6 6 6 6 
461 0 0 1 1 1 1 1 0 1 0 1 0 1 2 2 0 2 2 0 0 0 40 5 6 5 1 29 4 5 5 0 1 1 1 0 4.83 2 2 2 2 
459 1 3 2 2 2 1 8 0 6 1 2 0 6 20 20 11 20 7 1 0 12 297 43 166 61 94 88 96 134 66 68 12 12 13 3 0.53 33 33 34 22 
46 0 0 2 2 2 1 10 0 9 0 1 0 0 19 19 4 19 0 0 0 19 369 30 188 45 118 151 94 139 45 94 7 7 7 3 0.8 44 44 45 19 
707 0 0 1 1 1 1 6 0 5 0 4 0 0 8 8 3 8 0 1 1 6 113 14 48 19 20 51 20 30 19 11 1 1 3 0 1.06 8 8 10 8 
708 0 0 3 3 3 2 15 0 13 1 4 2 1 16 14 11 16 2 4 0 10 393 39 252 63 148 102 130 177 66 111 6 6 6 4 0.4 48 48 51 35 
706 0 0 1 1 1 1 1 0 1 0 3 0 0 5 5 0 5 0 0 0 5 90 10 14 11 0 66 7 10 10 0 1 1 1 0 4.71 5 5 5 5 
25 1 2 2 2 2 1 5 0 5 0 1 0 9 32 32 5 32 4 2 10 16 441 45 190 61 100 206 83 127 61 66 8 3 8 2 1.08 58 48 60 32 
45 1 1 1 1 1 1 1 0 1 0 1 0 0 9 9 0 9 9 0 0 0 97 10 13 12 0 74 11 12 12 0 1 1 1 0 5.69 9 9 9 9 
462 0 0 1 1 1 1 1 0 1 0 1 0 0 1 1 0 1 1 0 0 0 30 2 4 3 0 24 2 3 3 0 1 1 1 0 6 1 1 1 1 
33 0 0 1 1 1 1 3 0 3 0 1 0 0 2 2 0 2 0 0 0 2 49 5 10 5 2 34 4 7 5 2 1 1 1 0 3.4 2 2 2 2 
26 0 0 1 1 1 1 1 0 1 0 1 0 0 4 4 0 4 4 0 0 0 57 5 7 6 0 45 5 6 6 0 1 1 1 0 6.43 4 4 4 4 
27 0 0 1 1 1 1 1 0 1 0 1 0 0 4 4 0 4 4 0 0 0 64 6 10 9 0 48 6 7 7 0 1 1 1 0 4.8 4 4 4 4 
30 0 0 2 1 2 1 5 0 5 0 1 0 1 13 13 1 13 0 1 1 11 171 18 90 32 46 63 49 66 32 34 9 3 9 1 0.7 23 17 23 13 
44 1 2 1 1 1 1 5 0 4 1 1 0 1 12 12 2 12 0 0 0 12 179 19 59 23 24 101 31 45 23 22 2 2 2 1 1.71 13 13 13 12 
29 0 0 1 1 1 1 3 0 3 0 1 0 0 1 1 0 1 0 0 0 1 37 3 7 4 1 27 3 5 4 1 1 1 1 0 3.86 1 1 1 1 
31 0 0 1 1 1 1 1 0 1 0 1 0 0 9 9 0 9 9 0 0 0 105 11 15 14 0 79 13 14 14 0 1 1 1 0 5.27 9 9 9 9 
39 4 5 2 2 2 1 10 0 8 1 1 0 0 27 27 6 27 0 0 3 24 526 58 251 68 139 217 111 172 55 117 6 6 6 3 0.86 59 59 62 30 
63 1 2 1 1 2 1 6 0 6 0 2 0 2 21 21 8 21 0 3 0 18 294 36 159 48 79 99 66 112 48 64 3 3 4 2 0.62 31 31 32 21 
463 0 0 1 1 1 1 4 0 4 0 1 0 0 2 2 1 2 0 0 0 2 48 5 13 6 5 30 7 10 6 4 1 1 1 0 2.31 2 2 2 2 
32 0 0 1 1 1 1 3 0 3 0 1 0 0 2 2 0 2 0 0 0 2 47 4 9 4 2 34 3 6 4 2 1 1 1 0 3.78 2 2 2 2 
35 0 0 1 1 1 1 3 0 3 0 1 0 1 9 9 2 9 0 0 0 9 126 15 39 20 11 72 19 29 20 9 1 1 1 0 1.85 9 9 9 9 
34 0 0 2 2 2 1 4 0 4 0 1 1 1 7 6 1 7 0 0 0 7 120 12 41 14 16 67 17 29 14 15 3 3 3 1 1.63 11 11 11 9 
28 4 4 2 2 2 1 8 0 7 0 4 0 1 102 102 17 102 10 5 5 82 1434 158 778 217 430 505 364 562 217 345 15 15 17 6 0.65 197 197 206 131 
48 0 0 1 1 1 1 1 0 1 0 1 0 0 1 1 0 1 1 0 0 0 35 4 6 5 0 25 4 5 5 0 1 1 1 0 4.17 1 1 1 1 
36 1 1 1 1 1 1 1 0 1 0 1 0 0 4 4 0 4 4 0 0 0 67 6 10 9 0 51 7 8 8 0 1 1 1 0 5.1 4 4 4 4 
464 2 2 8 8 9 5 51 6 31 13 2 1 0 3 2 0 3 3 0 0 0 206 24 105 33 63 77 58 74 35 39 22 22 25 5 0.73 24 24 27 16 
47 0 0 1 1 1 1 4 0 4 0 1 0 0 1 1 0 1 0 0 0 1 37 4 12 10 1 21 8 10 9 1 1 1 1 0 1.75 1 1 1 1 
41 0 0 0 0 0 0 0 0 0 0 1 0 0 0 0 0 0 0 0 0 0 25 1 3 3 0 21 1 2 2 0 0 0 0 0 7 0 0 0 0 
24 3 4 2 2 2 1 9 0 8 1 2 0 2 24 24 6 24 0 3 1 20 374 37 192 58 106 149 102 144 64 80 7 7 7 6 0.78 40 40 41 24 
37 2 3 2 2 2 1 10 0 8 1 3 0 1 52 52 6 52 1 0 0 51 967 103 461 155 250 403 215 322 133 189 11 11 11 3 0.87 101 101 107 71 
40 4 6 4 4 4 2 21 1 17 2 3 0 1 44 44 17 44 0 11 3 30 1457 137 803 227 500 517 424 584 215 369 21 21 29 5 0.64 165 165 179 98 
43 0 0 1 1 1 1 3 0 3 0 1 0 0 2 2 0 2 0 0 0 2 48 4 9 4 2 35 3 6 4 2 1 1 1 0 3.89 2 2 2 2 
42 1 1 2 2 2 1 6 0 6 0 1 0 0 10 10 2 10 0 0 0 10 159 16 71 27 34 72 30 51 27 24 2 2 2 1 1.01 20 20 20 10 
38 1 1 1 1 1 1 1 0 1 0 1 0 0 9 9 0 9 9 0 0 0 123 12 19 18 0 92 13 14 14 0 1 1 1 0 4.84 9 9 9 9 
64 0 0 3 3 4 2 12 0 12 0 1 0 1 18 18 5 18 0 3 1 14 421 33 247 88 133 141 119 178 82 96 15 15 19 4 0.57 62 62 72 31 
50 0 0 0 0 0 0 0 0 0 0 1 0 0 0 0 0 0 0 0 0 0 28 2 5 5 0 21 2 3 3 0 0 0 0 0 4.2 0 0 0 0 
51 0 0 0 0 0 0 0 0 0 0 1 0 0 0 0 0 0 0 0 0 0 28 2 5 5 0 21 2 3 3 0 0 0 0 0 4.2 0 0 0 0 
53 0 0 0 0 0 0 0 0 0 0 1 0 0 0 0 0 0 0 0 0 0 28 2 5 5 0 21 2 3 3 0 0 0 0 0 4.2 0 0 0 0 
52 0 0 0 0 0 0 0 0 0 0 1 0 0 0 0 0 0 0 0 0 0 28 2 5 5 0 21 2 3 3 0 0 0 0 0 4.2 0 0 0 0 
49 0 0 0 0 0 0 0 0 0 0 1 0 0 0 0 0 0 0 0 0 0 28 2 5 5 0 21 2 3 3 0 0 0 0 0 4.2 0 0 0 0 
59 0 0 0 0 0 0 0 0 0 0 1 0 0 0 0 0 0 0 0 0 0 28 2 5 5 0 21 2 3 3 0 0 0 0 0 4.2 0 0 0 0 
61 0 0 0 0 0 0 0 0 0 0 1 0 0 0 0 0 0 0 0 0 0 28 2 5 5 0 21 2 3 3 0 0 0 0 0 4.2 0 0 0 0 
55 0 0 0 0 0 0 0 0 0 0 1 0 0 0 0 0 0 0 0 0 0 26 2 3 3 0 21 1 2 2 0 0 0 0 0 7 0 0 0 0 
57 0 0 1 1 1 1 3 0 3 0 1 0 0 1 1 0 1 0 0 0 1 30 3 6 4 1 21 3 5 4 1 1 1 1 0 3.5 1 1 1 1 
56 0 0 0 0 0 0 0 0 0 0 1 0 0 0 0 0 0 0 0 0 0 25 1 3 3 0 21 1 2 2 0 0 0 0 0 7 0 0 0 0 
58 0 0 1 1 1 1 5 0 4 1 1 6 0 6 0 0 6 0 0 0 6 89 9 35 23 6 45 12 19 13 6 1 1 1 0 1.29 6 6 6 6 
60 0 0 0 0 0 0 0 0 0 0 1 0 0 0 0 0 0 0 0 0 0 29 3 5 5 0 21 2 3 3 0 0 0 0 0 4.2 0 0 0 0 
129 0 0 1 1 1 1 4 0 4 0 1 0 2 8 8 2 8 0 0 0 8 156 17 61 32 24 78 36 46 30 16 3 3 3 1 1.28 10 10 10 8 
128 0 0 3 3 3 2 10 0 10 0 1 0 1 8 8 2 8 0 0 0 8 220 19 100 37 53 101 55 76 39 37 5 5 6 2 1.01 21 21 23 12 
127 0 0 1 1 1 1 1 0 1 0 1 0 0 1 1 0 1 1 0 0 0 35 2 5 4 0 28 3 4 4 0 1 1 1 0 5.6 1 1 1 1 
130 0 0 1 1 1 1 3 0 3 0 1 0 0 6 6 2 6 0 0 0 6 97 9 27 14 8 61 13 20 14 6 1 1 1 0 2.26 6 6 6 6 
558 2 3 4 4 4 1 21 0 18 2 1 0 2 5 5 5 5 0 2 0 3 223 21 110 25 67 92 45 66 24 42 6 6 6 2 0.84 19 19 19 5 
68 0 0 1 1 1 1 2 0 2 0 1 0 0 8 8 0 8 0 0 0 8 111 12 29 17 9 70 17 22 17 5 3 3 3 2 2.41 10 10 10 8 
711 1 1 1 1 1 1 4 0 4 0 1 3 2 12 9 2 12 3 2 0 7 132 21 68 32 29 43 37 52 32 20 2 2 4 1 0.63 14 14 16 12 
712 0 0 2 2 2 1 6 0 6 0 1 3 4 11 8 1 11 3 1 0 7 188 20 85 32 46 83 49 68 34 34 4 4 4 2 0.98 18 18 18 13 
709 0 0 2 2 2 1 6 0 5 0 1 1 2 9 8 2 9 1 1 0 7 154 19 66 23 30 69 28 44 23 21 3 3 4 2 1.05 15 15 16 11 
710 1 1 2 2 2 1 7 0 7 0 1 2 1 11 9 3 11 2 2 0 7 183 18 95 31 48 70 46 68 31 37 7 7 7 3 0.74 21 21 24 16 
713 0 0 4 4 4 2 17 0 14 2 1 0 3 11 11 4 11 4 0 0 7 362 24 183 46 115 155 88 129 45 84 6 6 7 3 0.85 41 41 44 23 
67 4 4 2 2 2 2 7 0 7 0 1 22 5 48 26 2 48 0 11 0 37 663 60 407 101 236 196 188 275 100 175 16 8 16 3 0.48 109 85 119 90 
156 2 3 2 2 2 1 9 0 8 0 3 0 1 25 25 4 25 1 2 15 7 528 40 242 92 130 246 117 166 81 85 5 5 6 3 1.02 48 48 50 34 
166 0 0 2 2 2 1 6 0 6 0 1 1 0 9 8 2 9 0 0 0 9 178 13 67 27 36 98 37 52 26 26 5 5 6 2 1.46 15 15 17 11 
146 1 1 1 1 1 1 1 0 1 0 1 0 0 1 1 0 1 1 0 0 0 34 4 5 4 0 25 3 4 4 0 1 1 1 0 5 1 1 1 1 
154 0 0 1 1 1 1 3 0 3 0 1 0 0 2 2 1 2 0 0 1 1 48 5 12 6 3 31 5 8 5 3 1 1 1 0 2.58 2 2 2 2 
145 1 1 1 1 1 1 1 0 1 0 1 0 0 6 6 0 6 6 0 0 0 77 10 13 12 0 54 11 12 12 0 1 1 1 0 4.15 6 6 6 6 
168 2 2 4 3 5 2 18 0 15 1 1 2 3 11 9 5 11 0 1 1 9 356 30 206 71 124 120 105 144 66 78 21 12 23 4 0.58 48 38 51 24 
163 2 2 1 1 1 1 4 0 4 0 1 0 0 7 7 0 7 0 0 0 7 95 11 42 19 14 42 16 26 15 11 2 2 2 1 1 9 9 9 7 
164 0 0 1 1 1 1 1 0 1 0 1 0 0 4 4 0 4 4 0 0 0 63 7 10 9 0 46 7 8 8 0 1 1 1 0 4.6 4 4 4 4 
152 1 1 1 1 1 1 1 0 1 0 1 0 0 10 10 0 10 10 0 0 0 106 13 16 15 0 77 14 15 15 0 1 1 1 0 4.81 10 10 10 10 
153 2 2 1 1 1 1 1 0 1 0 1 0 0 10 10 0 10 10 0 0 0 108 13 18 17 0 77 16 17 17 0 1 1 1 0 4.28 10 10 10 10 
158 3 3 3 3 3 1 16 1 12 1 1 1 1 21 20 8 21 7 1 0 13 556 70 304 110 189 182 182 240 106 134 11 11 12 4 0.6 58 58 59 29 
159 2 2 2 2 2 1 7 0 6 0 1 0 0 28 28 5 28 9 4 0 15 420 41 214 73 110 165 111 164 76 88 3 3 4 3 0.77 51 51 52 32 
147 0 0 1 1 1 1 1 0 1 0 1 0 0 2 2 0 2 2 0 0 0 43 5 6 5 0 32 4 5 5 0 1 1 1 0 5.33 2 2 2 2 
155 0 0 1 1 1 1 2 0 2 0 1 0 0 4 4 2 4 0 0 2 2 68 8 15 9 3 45 9 12 9 3 1 1 1 0 3 4 4 4 4 
167 0 0 1 1 1 1 4 0 4 0 1 1 0 6 5 1 6 0 0 0 6 113 9 37 16 15 67 18 26 14 12 2 2 2 1 1.81 7 7 7 6 
157 2 3 2 2 2 1 11 0 10 0 1 0 0 28 28 4 28 0 5 0 23 611 52 327 125 191 232 180 243 119 124 6 6 6 3 0.71 65 65 65 36 
151 2 2 2 2 2 1 8 0 8 0 1 0 1 18 18 0 18 0 1 1 16 293 24 172 71 83 97 79 114 59 55 3 3 3 2 0.56 34 34 34 20 
149 0 0 1 1 1 1 5 0 5 0 1 0 1 12 12 0 12 0 0 1 11 194 19 88 44 35 87 51 69 42 27 3 3 3 2 0.99 17 17 17 14 
559 1 1 3 3 3 1 15 0 13 1 1 0 1 3 3 1 3 0 0 1 2 105 10 59 33 23 36 34 43 28 15 4 4 5 3 0.61 9 9 10 3 
161 1 3 1 1 1 1 4 0 3 0 1 0 0 16 16 3 16 0 0 0 16 187 25 81 44 21 81 37 55 36 19 2 2 2 1 1 17 17 18 16 
165 0 0 2 2 2 1 6 0 5 0 1 0 0 9 9 4 9 0 1 0 8 158 19 69 29 31 70 38 54 30 24 4 4 4 3 1.01 15 15 15 9 
150 1 1 1 1 1 1 1 0 1 0 1 0 0 11 11 0 11 11 0 0 0 154 14 29 28 0 111 21 22 22 0 1 1 1 0 3.83 11 11 11 11 
160 4 6 2 2 2 1 9 0 8 0 7 0 2 32 32 10 32 1 0 5 26 589 61 333 136 173 195 166 227 115 112 9 9 9 5 0.59 51 51 51 40 
148 0 0 1 1 1 1 1 0 1 0 1 0 0 1 1 0 1 1 0 0 0 66 5 8 7 0 53 6 7 7 0 1 1 1 0 6.63 1 1 1 1 
162 2 3 2 2 2 1 6 0 6 0 3 0 2 51 51 5 51 1 3 8 39 614 78 333 125 155 203 149 227 115 112 4 4 4 2 0.61 77 77 79 55 
21 2 2 2 2 2 1 9 0 8 0 1 0 1 28 28 5 28 0 0 11 17 499 48 268 97 129 183 131 194 90 104 6 6 6 3 0.68 60 60 62 33 
22 1 1 1 1 1 1 1 0 1 0 1 0 0 7 7 0 7 5 0 0 2 99 11 22 21 0 66 15 16 16 0 1 1 1 0 3 7 7 7 7 
23 2 2 2 2 2 1 7 0 6 0 1 0 0 11 11 3 11 0 0 1 10 215 19 92 42 40 104 47 65 34 31 3 3 3 2 1.13 17 17 18 11 
19 0 0 2 2 2 1 4 0 4 0 1 0 0 4 4 1 4 0 0 0 4 70 7 24 12 7 39 12 18 12 6 3 3 3 1 1.63 6 6 6 4 
20 1 1 1 1 1 1 1 0 1 0 1 0 0 1 1 0 1 1 0 0 0 35 4 6 5 0 25 4 5 5 0 1 1 1 0 4.17 1 1 1 1 
382 3 2 2 2 2 1 12 1 9 1 2 0 1 16 16 16 16 0 0 12 4 453 52 198 92 97 203 121 151 81 70 8 8 8 4 1.03 34 34 35 22 
377 2 4 3 3 3 2 18 0 15 2 3 0 4 13 13 11 13 0 1 1 11 378 23 241 75 148 114 130 176 71 105 5 5 6 4 0.47 41 41 42 27 
378 2 3 4 4 4 2 22 1 17 4 1 0 1 9 9 2 9 1 4 0 4 332 26 180 66 108 126 96 128 57 71 10 10 10 5 0.7 32 32 33 20 
381 2 2 2 2 2 1 16 1 11 3 1 0 2 8 8 1 8 0 1 6 1 222 23 115 56 58 84 58 77 47 30 8 8 9 3 0.73 18 18 19 11 
379 2 2 1 1 1 1 7 0 6 1 1 0 1 12 12 6 12 0 0 0 12 220 25 97 39 42 98 49 67 36 31 3 3 3 2 1.01 17 17 17 12 
370 0 0 1 1 1 1 1 0 1 0 1 0 0 4 4 0 4 4 0 0 0 74 8 10 9 0 56 7 8 8 0 1 1 1 0 5.6 4 4 4 4 
372 2 2 2 2 2 2 9 0 8 0 1 0 0 4 4 3 4 0 0 0 4 120 12 45 18 23 63 25 35 18 17 3 3 3 1 1.4 9 9 9 8 
371 1 1 1 1 1 1 3 0 3 0 1 0 0 5 5 4 5 0 0 0 5 105 12 28 14 8 65 15 21 13 8 1 1 1 0 2.32 5 5 5 5 
383 2 3 4 4 5 2 23 1 17 4 1 0 1 6 6 3 6 0 2 0 4 227 24 131 48 71 72 74 98 45 53 8 8 12 2 0.55 24 24 29 11 
369 3 3 5 5 5 2 29 1 23 4 1 0 1 7 7 5 7 0 0 2 5 293 25 192 76 111 78 107 141 67 74 12 12 16 4 0.41 34 34 38 13 
373 2 2 2 2 2 2 12 0 8 3 1 0 0 4 4 2 4 0 0 1 3 101 12 50 24 20 39 25 34 21 13 3 3 4 2 0.78 8 8 9 8 
375 2 2 7 7 7 1 31 1 26 4 2 1 0 7 6 11 7 1 2 0 4 347 27 216 64 140 104 102 144 57 87 17 17 17 4 0.48 47 47 48 7 
384 2 3 2 2 3 1 13 0 10 1 2 0 8 13 13 2 13 0 3 6 4 293 31 163 68 86 103 83 110 58 52 12 12 19 2 0.63 26 26 33 13 
376 2 2 1 1 1 1 5 0 5 0 1 0 0 5 5 3 5 0 0 1 4 105 13 37 16 13 55 19 27 16 11 2 2 2 1 1.49 7 7 7 5 
374 2 2 1 1 1 1 1 0 1 0 1 0 0 3 3 0 3 3 0 0 0 45 7 13 12 0 25 9 10 10 0 1 1 1 0 1.92 3 3 3 3 
380 3 3 6 6 7 3 59 4 41 14 1 0 1 8 8 11 8 0 1 2 5 624 52 382 125 259 194 210 262 108 154 15 15 19 5 0.51 49 49 54 23 
925 1 1 3 3 3 1 18 1 14 2 1 0 5 2 2 1 2 0 0 0 2 118 14 46 24 27 58 33 39 24 15 4 4 5 3 1.26 5 5 6 2 
