840 0 0 1 1 1 1 3 0 3 0 1 0 0 9 9 1 9 0 0 3 6 124 14 42 17 13 68 18 30 17 13 2 2 2 1 1.62 11 11 11 9 
385 2 7 5 5 5 2 33 3 25 5 1 0 4 36 36 2 36 0 5 5 26 1912 154 976 351 610 782 427 599 235 364 33 31 38 6 0.8 169 167 180 61 
356 0 0 3 3 4 2 16 0 14 1 5 0 2 41 41 12 41 2 8 3 28 984 85 592 172 358 307 272 418 162 256 9 9 9 4 0.52 137 137 144 81 
718 0 0 3 3 3 2 14 0 11 1 2 1 1 24 23 11 24 1 1 11 11 640 60 349 128 189 231 188 264 127 137 13 13 14 4 0.66 70 70 73 38 
182 0 0 1 1 1 1 1 0 1 0 1 0 0 11 11 0 11 11 0 0 0 208 15 26 25 0 167 19 20 20 0 1 1 1 0 6.42 11 11 11 11 
357 0 0 4 4 4 3 17 0 16 0 1 0 5 23 23 2 23 0 0 10 13 647 48 407 149 263 192 213 288 123 165 10 10 12 3 0.47 81 81 85 59 
362 0 0 1 1 1 1 1 0 1 0 1 0 0 6 6 0 6 6 0 0 0 70 8 9 8 0 53 7 8 8 0 1 1 1 0 5.89 6 6 6 6 
841 0 0 1 1 1 1 3 0 3 0 1 0 0 12 12 5 12 0 0 5 7 168 20 62 26 21 86 31 46 26 20 3 3 4 2 1.39 14 14 15 12 
140 1 7 5 4 5 2 27 1 19 6 1 0 5 37 37 6 37 2 9 7 19 1377 116 793 242 517 469 364 535 232 303 39 39 45 10 0.59 170 156 185 79 
143 0 0 1 1 1 1 1 0 1 0 1 0 0 3 3 0 3 3 0 0 0 61 5 7 6 0 49 5 6 6 0 1 1 1 0 7 3 3 3 3 
142 0 0 3 3 3 2 14 0 12 2 2 1 1 51 50 8 51 12 14 1 24 1257 92 669 210 394 496 305 451 181 270 10 10 10 4 0.74 140 136 152 80 
386 0 0 4 4 4 2 15 0 14 0 1 0 10 19 19 7 19 0 6 0 13 570 43 325 126 176 202 155 224 104 120 18 18 19 2 0.62 72 72 77 35 
925 2 4 2 2 2 1 12 1 11 0 3 2 4 10 8 1 10 0 2 2 6 228 29 148 56 77 51 68 99 49 50 5 5 5 3 0.34 22 22 22 10 
391 0 0 2 2 2 1 9 0 8 1 1 0 1 11 11 5 11 0 1 0 10 243 22 112 37 56 109 62 85 37 48 8 8 8 3 0.97 24 24 25 11 
214 0 0 3 3 3 1 18 1 14 2 1 0 5 16 16 7 16 0 5 1 10 471 53 284 86 179 134 149 204 77 127 11 11 13 4 0.47 47 47 49 18 
845 0 0 1 1 1 1 3 0 3 0 1 0 0 1 1 0 1 1 0 0 0 37 3 7 4 1 27 3 5 4 1 1 1 1 0 3.86 1 1 1 1 
852 0 0 1 1 1 1 3 0 3 0 1 0 0 5 5 1 5 0 0 3 2 84 11 25 12 7 48 13 19 12 7 1 1 1 0 1.92 5 5 5 5 
139 0 0 3 3 3 2 20 1 15 3 1 0 2 136 136 1 136 5 4 26 101 3855 343 2202 738 1372 1311 1004 1431 573 858 26 26 30 6 0.6 415 415 447 218 
951 0 0 9 9 10 1 29 1 23 4 1 0 1 2 2 1 2 0 0 0 2 116 11 58 19 35 47 26 45 19 26 16 16 17 2 0.81 18 18 19 2 
851 0 0 1 1 1 1 3 0 3 0 1 0 0 3 3 0 3 1 0 0 2 57 6 15 8 3 36 7 11 8 3 1 1 1 0 2.4 3 3 3 3 
144 0 0 2 2 2 1 11 0 9 1 2 0 1 50 50 1 50 1 1 7 41 832 93 527 173 306 213 254 364 155 209 12 12 12 4 0.4 115 110 117 56 
913 0 0 2 2 2 1 9 0 8 0 1 0 1 13 13 1 13 0 3 10 0 184 22 128 51 68 34 73 100 53 47 5 5 5 2 0.27 28 28 31 15 
1039 2 1 3 3 3 1 12 0 12 0 1 0 1 6 6 3 6 0 3 0 3 145 20 100 40 46 25 52 71 36 35 5 5 5 4 0.25 17 17 17 6 
915 0 0 2 2 2 1 11 0 10 0 1 5 1 11 6 2 11 0 4 0 7 281 25 138 59 75 118 69 97 54 43 4 4 4 2 0.86 21 21 21 11 
932 3 4 5 5 5 3 21 0 20 1 1 1 3 4 3 1 4 0 2 0 2 171 15 112 46 62 48 55 76 39 37 8 8 9 4 0.43 19 19 21 10 
169 3 10 2 2 2 1 14 1 11 1 6 2 8 95 93 43 95 15 4 50 26 2438 265 1287 392 754 887 624 870 339 531 18 18 18 4 0.69 217 217 225 110 
965 0 0 2 2 2 2 14 0 13 1 1 0 0 3 3 1 3 1 0 0 2 86 9 53 27 29 24 41 49 29 20 5 5 5 2 0.45 7 7 7 5 
215 0 0 3 3 4 1 19 0 16 2 2 0 7 14 14 6 14 0 3 1 10 473 40 256 102 137 180 129 175 88 87 17 17 18 4 0.7 47 47 50 16 
141 1 8 2 2 3 1 12 0 10 1 1 0 2 81 81 22 81 1 1 18 61 1680 160 969 334 533 551 468 655 280 375 19 19 32 3 0.57 193 193 215 105 
170 0 0 1 1 1 1 1 0 1 0 1 0 0 2 2 0 2 2 0 0 0 43 3 5 4 0 35 3 4 4 0 1 1 1 0 7 2 2 2 2 
216 0 0 1 1 1 1 4 0 3 0 2 1 0 24 23 1 24 2 1 6 15 293 30 118 66 27 145 47 75 52 23 3 3 3 1 1.23 26 26 26 24 
1038 2 1 2 2 2 1 18 1 16 0 1 0 1 9 9 0 9 0 8 0 1 256 33 171 61 117 52 108 127 53 74 4 4 4 2 0.3 17 17 17 9 
363 1 6 2 2 2 1 10 0 9 0 1 1 9 15 14 6 15 0 4 0 11 341 39 164 46 99 138 95 131 51 80 7 7 7 3 0.84 34 34 34 17 
359 0 0 1 1 1 1 3 0 3 0 1 0 0 2 2 0 2 0 0 0 2 44 3 9 4 2 32 3 6 4 2 1 1 1 0 3.56 2 2 2 2 
387 3 5 2 2 2 1 8 0 8 0 5 0 5 24 24 5 24 2 2 0 20 450 45 205 67 112 200 89 129 60 69 3 3 3 2 0.98 38 38 40 28 
934 0 0 2 2 2 1 7 0 6 0 3 0 0 19 19 3 19 0 1 5 13 343 30 176 78 78 137 85 125 69 56 5 5 5 4 0.78 34 34 36 25 
1015 0 0 2 2 2 1 10 0 9 0 1 0 1 29 29 0 29 0 4 1 24 531 38 327 157 186 166 155 208 120 88 5 5 5 2 0.51 51 51 52 29 
183 0 0 2 2 2 1 15 1 12 1 1 0 1 32 32 11 32 3 2 2 25 866 98 461 175 244 307 228 307 129 178 7 7 7 3 0.67 73 73 73 34 
389 0 0 2 2 2 1 8 0 7 0 1 1 4 22 21 4 22 0 4 4 14 430 41 209 76 106 180 101 148 67 81 9 9 9 3 0.86 46 46 47 22 
388 0 0 1 1 1 1 4 0 4 0 1 0 0 2 2 0 2 0 0 2 0 50 5 15 10 2 30 7 10 8 2 1 1 1 0 2 2 2 2 2 
361 0 0 3 3 3 2 10 0 8 1 1 0 0 6 6 1 6 0 0 5 1 139 10 67 27 26 62 28 46 23 23 4 4 5 3 0.93 15 15 16 12 
831 0 0 2 2 2 1 11 0 10 0 1 0 8 23 23 6 23 1 13 3 6 536 54 284 98 179 198 159 210 96 114 8 8 8 3 0.7 56 45 57 23 
472 0 0 1 1 1 1 1 0 1 0 1 0 0 5 5 0 5 5 0 0 0 70 10 12 11 0 48 10 11 11 0 1 1 1 0 4 5 5 5 5 
474 0 0 1 1 1 1 3 0 3 0 1 0 0 2 2 0 2 0 0 0 2 46 3 9 4 2 34 3 6 4 2 1 1 1 0 3.78 2 2 2 2 
469 0 0 3 3 3 1 15 0 14 0 3 0 7 39 39 21 39 0 0 1 38 989 98 631 180 430 260 328 442 171 271 8 8 8 3 0.41 130 128 136 58 
561 0 0 1 1 1 1 1 0 1 0 1 0 0 1 1 0 1 1 0 0 0 34 3 4 3 0 27 2 3 3 0 1 1 1 0 6.75 1 1 1 1 
833 0 0 1 1 1 1 3 0 3 0 1 0 1 12 12 2 12 0 0 5 7 160 20 46 21 17 94 24 35 21 14 2 2 2 1 2.04 13 13 13 12 
832 0 0 3 1 3 1 13 0 12 0 2 0 0 4 4 0 4 0 0 2 2 81 4 48 8 36 29 25 31 11 20 10 2 10 0 0.6 13 5 13 4 
837 0 0 1 1 1 1 1 0 1 0 1 0 0 5 5 0 5 5 0 0 0 62 7 8 7 0 47 6 7 7 0 1 1 1 0 5.88 5 5 5 5 
489 0 0 1 1 1 1 3 0 3 0 1 0 0 45 45 1 45 1 0 0 44 360 56 169 74 48 135 63 111 65 46 2 2 2 1 0.8 47 47 47 45 
834 0 0 1 1 1 1 4 0 3 0 1 0 0 3 3 2 3 0 0 0 3 62 7 16 8 4 39 7 11 7 4 1 1 1 0 2.44 3 3 3 3 
475 0 0 1 1 1 1 1 0 1 0 1 0 0 3 3 0 3 3 0 0 0 56 6 7 6 0 43 5 6 6 0 1 1 1 0 6.14 3 3 3 3 
476 0 0 1 1 1 1 1 0 1 0 1 0 0 2 2 0 2 2 0 0 0 47 6 7 6 0 34 5 6 6 0 1 1 1 0 4.86 2 2 2 2 
827 0 0 1 1 1 1 4 0 4 0 1 0 1 11 11 4 11 1 0 2 8 178 20 62 22 27 96 33 47 21 26 2 2 2 1 1.55 13 13 13 11 
471 0 0 1 1 1 1 1 0 1 0 1 0 0 2 2 0 2 2 0 0 0 40 4 5 4 0 31 3 4 4 0 1 1 1 0 6.2 2 2 2 2 
467 0 0 1 1 1 1 1 0 1 0 1 0 0 1 1 0 1 1 0 0 0 37 4 6 5 0 27 3 4 4 0 1 1 1 0 4.5 1 1 1 1 
835 0 0 1 1 1 1 4 0 4 0 1 0 1 8 8 3 8 1 0 2 5 126 15 42 17 17 69 23 32 16 16 1 1 1 0 1.64 8 8 8 8 
466 0 0 1 1 1 1 1 0 1 0 1 0 0 4 4 0 4 4 0 0 0 57 8 10 9 0 39 8 9 9 0 1 1 1 0 3.9 4 4 4 4 
465 0 0 1 1 1 1 1 0 1 0 1 0 0 3 3 0 3 3 0 0 0 63 7 15 14 0 41 10 11 11 0 1 1 1 0 2.73 3 3 3 3 
830 0 0 2 2 2 1 9 0 8 0 1 0 8 9 9 2 9 1 1 2 5 222 27 99 35 61 96 63 79 37 42 6 4 6 2 0.97 20 16 20 9 
539 0 0 1 1 1 1 1 0 1 0 1 0 0 6 6 0 6 6 0 0 0 74 9 12 11 0 53 10 11 11 0 1 1 1 0 4.42 6 6 6 6 
470 0 0 1 1 1 1 1 0 1 0 1 0 0 5 5 0 5 5 0 0 0 60 7 8 7 0 45 6 7 7 0 1 1 1 0 5.63 5 5 5 5 
468 0 0 1 1 1 1 1 0 1 0 1 0 0 1 1 0 1 1 0 0 0 42 5 9 8 0 28 6 7 7 0 1 1 1 0 3.11 1 1 1 1 
828 0 0 1 1 1 1 1 0 1 0 1 0 0 2 2 0 2 2 0 0 0 30 5 6 5 0 19 4 5 5 0 1 1 1 0 3.17 2 2 2 2 
836 0 0 1 1 1 1 1 0 1 0 1 0 0 1 1 0 1 1 0 0 0 38 5 7 6 0 26 4 5 5 0 1 1 1 0 3.71 1 1 1 1 
829 0 0 2 2 2 1 6 0 5 0 3 0 2 16 16 4 16 8 0 4 4 200 37 108 35 54 55 57 80 34 46 3 3 3 1 0.51 24 24 24 16 
211 0 0 1 1 1 1 3 0 3 0 1 0 0 1 1 0 1 0 0 0 1 40 3 6 3 1 31 2 4 3 1 1 1 1 0 5.17 1 1 1 1 
204 0 0 3 3 3 1 11 0 10 0 1 2 3 13 11 8 13 0 2 1 10 350 30 187 57 121 133 76 110 53 57 10 10 15 3 0.71 33 33 43 16 
445 0 0 1 1 1 1 3 0 3 0 1 0 0 4 4 3 4 0 0 0 4 89 11 25 14 6 53 14 19 13 6 1 1 1 0 2.12 4 4 4 4 
213 0 0 3 3 3 3 38 4 31 10 1 0 1 2 2 2 2 0 1 0 1 163 17 77 19 56 83 33 40 17 23 5 5 5 2 1.08 6 6 6 6 
844 0 0 1 1 1 1 3 0 3 0 1 0 1 4 4 0 4 0 1 0 3 63 8 22 12 6 33 12 17 12 5 1 1 1 0 1.5 4 4 4 4 
207 0 0 1 1 1 1 3 0 3 0 1 0 0 2 2 0 2 0 0 0 2 45 5 10 5 2 30 4 7 5 2 1 1 1 0 3 2 2 2 2 
210 0 0 2 2 2 1 9 0 9 0 1 0 4 15 15 1 15 0 0 13 2 390 31 159 65 88 200 76 105 59 46 6 6 7 3 1.26 31 31 34 19 
952 0 0 2 2 2 1 7 0 7 0 2 0 9 13 13 9 13 0 2 0 11 225 35 123 44 62 67 57 89 45 44 10 10 14 3 0.54 27 27 32 13 
953 0 0 2 2 2 1 8 0 8 0 1 0 1 4 4 2 4 0 0 0 4 75 9 44 20 19 22 23 34 20 14 3 3 3 2 0.5 8 8 8 4 
212 0 0 1 1 1 1 3 0 3 0 1 0 3 2 2 0 2 0 0 0 2 65 7 14 8 6 45 8 11 8 3 1 1 1 0 3.21 2 2 2 2 
203 0 0 1 1 1 1 3 0 3 0 1 0 0 1 1 0 1 0 0 0 1 40 3 6 3 1 31 2 4 3 1 1 1 1 0 5.17 1 1 1 1 
201 5 4 2 2 2 1 12 0 11 0 1 12 3 38 26 17 38 0 5 0 33 1059 92 500 193 273 467 236 323 156 167 16 16 16 6 0.93 82 82 82 40 
209 1 6 2 2 2 1 17 1 14 1 7 0 41 30 30 1 30 0 0 15 15 1071 119 450 241 291 504 259 325 212 113 7 7 9 5 1.12 65 65 72 38 
206 0 0 2 2 2 1 6 0 6 0 1 0 0 2 2 1 2 0 0 0 2 71 8 20 10 6 43 10 14 9 5 2 2 2 1 2.15 3 3 3 2 
208 0 0 1 1 1 1 4 0 4 0 1 0 0 5 5 4 5 0 0 0 5 101 11 28 14 8 62 13 19 11 8 1 1 1 0 2.21 5 5 5 5 
842 0 0 1 1 1 1 5 0 5 0 1 0 1 6 6 4 6 0 0 0 6 124 11 44 20 17 69 21 30 16 14 3 3 3 2 1.57 8 8 8 6 
954 0 0 4 4 4 1 13 0 13 0 1 0 1 2 2 1 2 0 0 0 2 91 8 34 12 19 50 17 24 12 12 6 6 6 3 1.47 7 7 7 2 
202 0 0 1 1 1 1 4 0 4 0 1 0 0 5 5 4 5 0 0 0 5 116 14 34 20 8 68 19 25 17 8 1 1 1 0 2 5 5 5 5 
200 0 0 1 1 1 1 4 0 4 0 1 0 0 12 12 9 12 0 0 0 12 234 23 79 42 23 132 39 53 31 22 2 2 2 1 1.67 13 13 13 12 
843 0 0 1 1 1 1 3 0 3 0 1 0 0 2 2 1 2 0 0 0 2 41 4 10 5 2 27 4 7 5 2 1 1 1 0 2.7 2 2 2 2 
700 0 0 1 1 1 1 3 0 3 0 1 0 0 5 5 1 5 0 0 0 5 82 9 20 8 6 53 7 13 8 5 1 1 2 0 2.65 5 5 6 5 
696 0 0 1 1 1 1 4 0 4 0 1 0 2 5 5 1 5 0 0 0 5 100 12 28 12 12 60 15 22 13 9 2 2 2 1 2.14 6 6 7 5 
697 0 0 1 1 1 1 1 0 1 0 1 0 0 4 4 0 4 4 0 0 0 55 6 8 7 0 41 6 7 7 0 1 1 1 0 5.13 4 4 4 4 
694 0 0 1 1 1 1 1 0 1 0 1 0 0 10 10 0 10 10 0 0 0 140 14 16 15 0 110 14 15 15 0 1 1 1 0 6.88 10 10 10 10 
698 0 0 1 1 1 1 3 0 3 0 1 0 0 3 3 0 3 0 0 0 3 56 6 13 6 3 37 5 9 6 3 1 1 1 0 2.85 3 3 3 3 
793 0 0 1 1 1 1 1 0 1 0 1 0 0 1 1 0 1 1 0 0 0 42 4 5 4 0 33 3 4 4 0 1 1 1 0 6.6 1 1 1 1 
702 0 0 1 1 1 1 4 0 4 0 1 0 0 4 4 1 4 0 0 0 4 69 7 25 10 9 37 12 18 10 8 2 2 2 1 1.48 5 5 5 4 
701 1 3 2 2 3 1 10 0 9 0 1 0 5 19 19 5 19 0 5 0 14 417 35 217 73 122 165 103 157 74 83 10 10 11 4 0.76 46 46 50 19 
695 0 0 2 2 3 1 10 0 8 1 3 0 1 26 26 14 26 2 4 1 19 443 48 269 90 127 126 123 194 99 95 12 12 12 6 0.47 64 64 65 26 
855 0 0 1 1 1 1 5 0 5 0 1 0 0 13 13 3 13 0 0 1 12 167 21 85 25 40 61 41 61 24 37 3 3 3 2 0.72 19 19 19 13 
699 0 0 0 0 0 0 0 0 0 0 1 0 0 0 0 0 0 0 0 0 0 26 3 4 3 0 19 2 3 3 0 0 0 0 0 4.75 0 0 0 0 
691 1 3 1 1 1 1 4 0 4 0 1 0 0 4 4 3 4 0 0 0 4 71 8 28 14 9 35 18 23 14 9 1 1 1 0 1.25 4 4 4 4 
692 1 3 2 2 2 1 9 0 8 0 1 0 7 46 46 28 46 2 3 7 34 976 88 492 178 296 397 258 354 164 190 15 15 15 4 0.81 92 92 93 59 
792 1 2 2 2 2 1 7 0 6 0 1 0 0 12 12 4 12 1 0 2 9 190 17 94 28 45 79 45 69 28 41 4 4 4 2 0.84 23 23 23 12 
854 0 0 2 2 2 1 5 0 5 0 1 0 0 2 2 0 2 0 0 1 1 53 6 21 11 6 26 10 14 9 5 2 2 2 1 1.24 3 3 3 2 
690 1 2 1 1 1 1 4 0 4 0 1 1 0 12 11 2 12 0 1 0 11 134 17 71 27 27 46 35 53 27 26 2 2 2 1 0.65 17 17 17 12 
126 0 0 1 1 1 1 4 0 4 0 1 0 0 18 18 2 18 0 0 1 17 186 24 86 24 35 76 30 57 24 33 6 6 6 2 0.88 26 26 26 20 
112 0 0 1 1 1 1 1 0 1 0 1 0 0 16 16 2 16 16 0 0 0 206 21 23 22 2 162 21 22 22 0 1 1 1 0 7.04 16 16 16 16 
113 0 0 1 1 1 1 3 0 3 0 1 0 0 2 2 0 2 0 0 0 2 49 4 9 4 2 36 3 6 4 2 1 1 1 0 4 2 2 2 2 
825 0 0 1 1 1 1 1 0 1 0 1 0 0 1 1 0 1 1 0 0 0 39 4 5 4 0 30 3 4 4 0 1 1 1 0 6 1 1 1 1 
125 0 0 2 2 3 1 9 0 8 0 1 8 4 9 1 1 9 0 2 0 7 228 21 107 29 63 100 62 88 31 57 7 7 8 3 0.93 22 22 24 9 
111 0 0 2 2 2 1 5 0 4 0 1 0 0 17 17 2 17 0 0 0 17 225 25 95 30 42 105 37 63 29 34 5 5 6 2 1.11 26 26 29 19 
114 0 0 1 1 1 1 1 0 1 0 1 0 0 1 1 0 1 0 0 0 1 39 3 6 5 0 30 4 5 5 0 1 1 1 0 5 1 1 1 1 
119 0 0 1 1 1 1 13 1 11 0 1 0 0 2 2 0 2 0 0 1 1 86 5 26 4 19 55 6 9 4 5 1 1 1 0 2.12 2 2 2 2 
115 0 0 3 3 3 1 21 2 18 0 3 1 2 35 34 23 35 0 1 6 28 937 128 646 152 450 163 293 407 152 255 6 6 7 3 0.25 98 98 103 49 
117 0 0 2 2 2 1 4 0 4 0 1 0 0 14 14 6 14 0 0 1 13 235 24 76 28 30 135 30 50 27 23 8 8 12 2 1.78 23 23 28 17 
118 0 0 1 1 1 1 5 0 5 0 1 0 0 5 5 1 5 0 0 1 4 111 12 38 17 13 61 19 27 15 12 3 3 3 2 1.61 7 7 7 5 
120 0 0 1 1 1 1 3 0 3 0 1 0 0 3 3 1 3 0 0 1 2 75 8 17 10 4 50 8 12 9 3 1 1 1 0 2.94 3 3 3 3 
917 0 0 1 1 2 1 4 0 4 0 1 0 1 4 4 1 4 0 0 1 3 96 8 24 10 11 64 10 16 9 7 2 2 3 1 2.67 5 5 6 4 
955 0 0 1 1 1 1 5 0 5 0 1 0 0 1 1 0 1 0 0 1 0 38 4 12 8 3 22 7 9 7 2 1 1 1 0 1.83 1 1 1 1 
116 0 0 1 1 1 1 19 2 16 0 1 0 0 6 6 1 6 0 0 3 3 223 29 110 16 88 84 35 43 14 29 2 2 3 1 0.76 7 7 8 6 
124 0 0 5 5 5 1 16 0 15 1 1 2 0 3 1 0 3 0 1 0 2 99 7 51 11 27 41 23 38 13 25 9 9 9 2 0.8 14 14 14 3 
122 0 0 1 1 1 1 5 0 4 0 3 0 1 14 14 4 14 0 9 0 5 217 26 90 38 39 101 43 68 40 28 3 3 3 2 1.12 20 20 20 14 
121 0 0 2 2 2 1 8 0 8 0 3 0 1 28 28 2 28 0 1 0 27 386 35 249 82 146 102 123 182 82 100 6 6 6 2 0.41 59 59 62 33 
442 0 0 1 1 1 1 3 0 3 0 1 0 0 3 3 1 3 0 0 2 1 38 6 13 6 4 19 5 9 6 3 1 1 1 0 1.46 3 3 3 3 
441 0 0 2 2 2 1 6 0 6 0 2 0 0 25 25 1 25 0 7 0 18 221 32 170 53 87 19 77 125 58 67 4 4 5 2 0.11 43 43 47 25 
443 0 0 1 1 1 1 2 0 2 0 1 0 0 3 3 1 3 0 0 0 3 36 6 11 6 2 19 5 8 6 2 1 1 1 0 1.73 3 3 3 3 
444 0 0 1 1 1 1 3 0 3 0 1 0 0 1 1 0 1 0 0 0 1 28 3 6 3 1 19 2 4 3 1 1 1 1 0 3.17 1 1 1 1 
958 0 0 1 1 1 1 1 0 1 0 1 0 0 1 1 0 1 1 0 0 0 41 4 5 4 0 32 3 4 4 0 1 1 1 0 6.4 1 1 1 1 
956 0 0 2 2 2 1 8 0 7 0 1 1 3 15 14 2 15 0 0 0 15 282 26 128 27 83 130 43 71 27 44 11 8 14 3 1.02 30 27 35 22 
957 0 0 2 2 2 1 6 0 6 0 1 1 1 8 7 3 8 0 0 0 8 152 16 61 21 31 75 30 45 21 24 3 3 4 1 1.23 14 14 15 10 
959 0 0 3 3 3 1 12 0 9 2 1 1 2 3 2 1 3 0 1 0 2 98 10 37 13 21 51 20 29 14 15 5 5 5 3 1.38 8 8 8 3 
366 1 4 1 1 1 1 4 0 4 0 2 0 3 15 15 3 15 0 2 2 11 265 27 91 44 35 147 46 64 40 24 2 2 2 1 1.62 17 17 17 15 
368 1 1 2 2 3 1 12 0 12 0 1 0 1 1 1 0 1 0 0 0 1 58 6 24 15 7 28 14 18 13 5 2 2 3 1 1.17 2 2 3 1 
367 0 0 1 1 1 1 10 0 9 1 1 2 0 3 1 0 3 0 1 0 2 98 8 38 21 16 53 16 21 14 7 2 2 2 1 1.39 4 4 4 3 
364 0 0 1 1 1 1 4 0 4 0 4 0 2 43 43 3 43 4 0 2 37 412 52 228 86 97 132 98 159 85 74 3 3 3 2 0.58 57 57 58 47 
365 0 0 3 3 3 1 16 2 14 0 1 0 1 1 1 0 1 0 0 0 1 54 6 23 11 10 25 13 18 11 7 3 3 3 1 1.09 3 3 3 1 
527 0 0 2 2 2 1 7 0 6 0 1 0 1 22 22 8 22 0 1 6 15 383 42 174 58 90 167 77 122 58 64 7 7 7 5 0.96 36 36 36 26 
531 0 0 2 2 2 2 10 0 10 0 1 0 2 14 14 3 14 0 1 0 13 282 26 175 69 106 81 97 127 68 59 4 4 4 2 0.46 33 33 33 25 
534 0 0 2 2 2 1 8 0 8 0 1 0 5 26 26 8 26 0 5 0 21 420 57 239 71 139 124 115 167 71 96 6 6 7 3 0.52 49 49 50 28 
537 0 0 2 2 2 1 8 0 7 0 3 1 3 49 48 28 49 0 3 11 35 870 108 443 130 248 319 208 302 128 174 8 8 10 3 0.72 90 90 95 53 
529 0 0 2 2 3 1 10 0 10 0 1 1 1 6 5 6 6 0 2 0 4 163 18 79 32 41 66 45 60 32 28 3 3 4 2 0.84 14 14 15 6 
533 0 0 1 1 1 1 7 0 6 0 1 0 0 3 3 2 3 0 0 1 2 72 8 25 8 12 39 12 18 8 10 2 2 2 1 1.56 4 4 4 3 
536 0 0 2 2 2 1 8 0 7 0 1 0 6 16 16 6 16 0 1 4 11 295 41 147 59 83 107 80 112 57 55 7 7 8 3 0.73 31 31 32 16 
535 0 0 3 3 3 1 13 0 13 0 1 0 0 5 5 7 5 0 1 0 4 164 20 80 26 43 64 44 61 26 35 9 9 9 2 0.8 16 16 16 7 
532 0 0 2 2 2 1 9 0 9 0 2 4 5 20 16 8 20 0 7 0 13 459 50 214 81 124 195 118 161 79 82 4 4 5 2 0.91 38 38 40 22 
523 0 0 3 3 3 1 11 0 11 0 1 0 1 4 4 3 4 0 0 0 4 122 11 59 16 32 52 29 42 16 26 4 4 4 2 0.88 12 12 12 4 
823 0 0 1 1 1 1 1 0 1 0 1 0 0 3 3 0 3 3 0 0 0 44 4 6 5 0 34 4 5 5 0 1 1 1 0 5.67 3 3 3 3 
704 0 0 1 1 1 1 5 0 5 0 1 0 0 4 4 1 4 0 0 2 2 97 11 29 16 11 57 15 21 15 6 2 2 2 1 1.97 5 5 5 4 
522 0 0 1 1 1 1 1 0 1 0 1 0 0 9 9 0 9 9 0 0 0 101 11 14 13 0 76 11 12 12 0 1 1 1 0 5.43 9 9 9 9 
520 0 0 1 1 1 1 3 0 3 0 1 0 0 2 2 0 2 0 0 0 2 46 3 9 4 2 34 3 6 4 2 1 1 1 0 3.78 2 2 2 2 
961 0 0 1 1 1 1 1 0 1 0 1 0 0 1 1 0 1 1 0 0 0 40 5 6 5 0 29 4 5 5 0 1 1 1 0 4.83 1 1 1 1 
526 0 0 4 4 4 1 16 1 15 0 1 0 1 5 5 4 5 0 0 0 5 171 19 93 24 57 59 45 64 24 40 6 6 7 3 0.63 19 19 21 5 
705 0 0 1 1 2 1 4 0 4 0 1 0 0 4 4 1 4 0 0 1 3 69 7 24 9 10 38 9 15 8 7 2 2 3 1 1.58 5 5 6 4 
960 0 0 1 1 1 1 5 0 5 0 3 0 3 22 22 10 22 0 1 3 18 355 52 147 65 68 156 72 104 60 44 5 5 5 3 1.06 29 29 29 22 
962 0 0 1 1 1 1 3 0 2 0 1 0 0 3 3 1 3 0 0 0 3 49 5 12 6 2 32 4 8 6 2 1 1 1 0 2.67 3 3 3 3 
703 0 0 1 1 2 1 4 0 4 0 1 0 1 4 4 1 4 0 0 2 2 78 9 31 16 12 38 14 20 13 7 2 2 3 1 1.23 5 5 6 4 
530 0 0 2 2 2 1 6 0 6 0 1 0 0 24 24 6 24 0 2 0 22 285 42 158 52 81 85 70 108 49 59 4 4 4 2 0.54 37 37 37 28 
524 0 0 1 1 1 1 1 0 1 0 1 0 0 31 31 0 31 31 0 0 0 273 34 39 38 0 200 37 38 38 0 1 1 1 0 5.13 31 31 31 31 
521 0 0 1 1 1 1 1 0 1 0 1 0 0 4 4 0 4 4 0 0 0 53 6 7 6 0 40 5 6 6 0 1 1 1 0 5.71 4 4 4 4 
528 0 0 1 1 1 1 1 0 1 0 1 0 0 3 3 0 3 3 0 0 0 50 6 7 6 0 37 5 6 6 0 1 1 1 0 5.29 3 3 3 3 
525 0 0 1 1 1 1 1 0 1 0 1 0 0 1 1 0 1 1 0 0 0 34 3 4 3 0 27 2 3 3 0 1 1 1 0 6.75 1 1 1 1 
716 0 0 2 2 2 1 10 0 9 0 3 1 2 8 7 4 8 0 2 0 6 177 19 88 33 51 70 45 62 33 29 7 7 7 2 0.8 16 16 16 8 
136 0 0 2 2 2 1 6 0 5 0 1 0 0 10 10 2 10 0 0 0 10 153 21 67 23 32 67 29 45 23 22 3 3 3 1 1 15 15 16 12 
964 0 0 2 2 2 1 7 0 7 0 1 2 1 21 19 8 21 0 1 2 18 359 37 165 54 90 158 84 121 51 70 8 8 13 2 0.96 36 36 44 23 
131 0 0 1 1 1 1 1 0 1 0 1 0 0 12 12 0 12 12 0 0 0 174 15 27 26 0 132 20 21 21 0 1 1 1 0 4.89 12 12 12 12 
132 2 7 3 3 3 1 16 1 14 0 11 1 2 60 59 14 60 5 11 4 40 1424 156 895 264 575 373 440 621 247 374 10 10 13 5 0.42 172 172 189 78 
926 0 0 2 2 2 1 9 0 8 0 1 1 1 12 11 3 12 2 1 0 9 223 21 126 49 62 76 59 87 43 44 4 4 4 2 0.6 22 22 24 14 
138 0 0 3 3 3 1 13 0 11 0 2 1 7 22 21 8 22 1 0 0 21 529 53 295 92 182 181 147 211 85 126 7 7 8 4 0.61 63 63 68 30 
963 0 0 2 2 2 2 7 0 7 0 1 0 0 2 2 2 2 0 0 0 2 64 8 21 9 7 35 10 15 8 7 3 3 3 2 1.67 4 4 4 4 
137 0 0 2 2 2 1 8 0 7 0 1 0 1 21 21 2 21 0 1 0 20 315 33 180 57 91 102 78 122 54 68 4 4 5 2 0.57 43 43 46 21 
519 0 0 3 3 3 2 10 0 9 0 2 0 2 25 25 7 25 1 7 0 17 491 43 263 88 161 185 151 210 92 118 8 8 8 4 0.7 64 64 65 42 
76 0 0 5 5 6 3 21 0 18 2 1 3 1 41 38 7 41 3 4 1 33 1163 70 788 172 490 305 301 553 192 361 24 24 29 7 0.39 207 207 236 105 
79 0 0 1 1 1 1 1 0 1 0 2 0 0 11 11 0 11 11 0 0 0 124 15 18 16 0 91 14 16 16 0 1 1 1 0 5.06 11 11 11 11 
518 0 0 2 2 2 2 7 0 6 0 2 0 0 22 22 4 22 5 1 0 16 368 40 170 65 90 158 95 136 69 67 5 5 5 3 0.93 40 40 40 36 
81 0 0 1 1 1 1 3 0 3 0 1 0 0 2 2 0 2 0 0 0 2 47 4 9 4 2 34 3 6 4 2 1 1 1 0 3.78 2 2 2 2 
77 0 0 2 2 2 1 9 0 8 0 1 1 1 6 5 1 6 0 1 0 5 139 14 59 17 32 66 32 46 18 28 5 5 5 2 1.12 13 13 13 8 
82 0 0 1 1 1 1 3 0 3 0 1 0 0 2 2 0 2 0 0 0 2 47 4 9 4 2 34 3 6 4 2 1 1 1 0 3.78 2 2 2 2 
102 0 0 3 3 3 1 13 0 10 2 4 1 4 31 30 8 31 3 6 3 19 631 74 353 105 218 204 179 265 113 152 11 11 15 5 0.58 86 83 101 31 
78 0 0 1 1 1 1 4 0 4 0 1 0 0 10 10 1 10 0 0 0 10 149 16 69 39 19 64 34 50 36 14 3 3 3 2 0.93 13 13 13 10 
824 0 0 2 2 2 1 7 0 6 0 1 0 1 10 10 3 10 0 0 0 10 190 15 88 37 41 87 54 72 40 32 3 3 3 2 0.99 17 17 17 12 
87 0 0 3 3 3 2 14 0 12 2 1 0 1 20 20 4 20 1 0 0 19 504 33 286 89 166 185 150 212 94 118 15 15 16 3 0.65 64 64 67 49 
88 1 7 3 3 3 1 14 0 13 0 1 0 1 23 23 8 23 0 2 0 21 656 57 367 144 196 232 185 268 138 130 13 13 14 5 0.63 67 67 68 27 
74 1 7 4 4 5 2 27 1 21 5 1 9 3 46 37 9 46 4 15 6 21 1840 135 1043 320 679 662 495 726 266 460 54 54 68 6 0.63 204 204 225 69 
83 1 2 1 1 1 1 1 0 1 0 1 0 0 3 3 0 3 3 0 0 0 53 7 8 7 0 38 6 7 7 0 1 1 1 0 4.75 3 3 3 3 
69 0 0 2 2 2 1 7 0 7 0 1 1 1 6 5 1 6 0 1 0 5 130 13 50 14 27 67 25 37 14 23 4 4 4 1 1.34 12 12 12 8 
89 1 3 2 2 2 1 14 0 13 0 1 0 2 8 8 7 8 0 2 0 6 274 26 153 63 83 95 74 96 56 40 5 5 5 3 0.62 19 19 19 8 
90 1 4 2 2 2 1 14 0 12 1 1 1 0 12 11 1 12 0 4 3 5 300 22 179 73 105 99 105 133 63 70 5 5 6 1 0.55 28 28 29 14 
100 0 0 2 2 2 1 7 0 7 0 1 0 0 5 5 2 5 0 1 0 4 102 11 48 21 24 43 25 35 21 14 2 2 2 1 0.9 9 9 9 5 
101 0 0 0 0 0 0 0 0 0 0 1 0 0 0 0 36 0 0 0 0 0 119 32 39 38 36 48 37 38 38 0 0 0 0 0 1.23 0 0 0 0 
99 0 0 5 5 6 1 32 2 28 2 1 1 0 7 6 5 7 0 3 0 4 369 30 243 82 158 96 135 173 77 96 18 18 19 3 0.4 37 37 40 9 
98 0 0 6 6 6 1 36 2 31 2 1 1 0 6 5 3 6 0 5 0 1 339 32 219 61 149 88 112 153 63 90 16 16 19 4 0.4 33 33 36 6 
193 0 0 1 1 1 1 5 0 5 0 3 0 0 13 13 4 13 1 2 0 10 252 22 98 48 32 132 43 66 42 24 3 3 3 2 1.35 19 19 19 17 
186 0 0 1 1 1 1 6 0 6 0 1 0 1 7 7 1 7 3 0 0 4 133 13 54 23 21 66 24 37 21 16 3 3 3 2 1.22 9 9 9 7 
191 0 0 1 1 1 1 3 0 3 0 1 0 0 3 3 2 3 3 0 0 0 66 7 16 8 4 43 8 12 8 4 1 1 1 0 2.69 3 3 3 3 
192 0 0 4 4 5 2 16 0 14 1 1 0 1 9 9 6 9 6 1 0 2 306 24 160 56 88 122 80 116 57 59 8 8 11 4 0.76 36 36 41 14 
187 0 0 1 1 1 1 1 0 1 0 1 0 0 3 3 0 3 3 0 0 0 50 5 7 6 0 38 5 6 6 0 1 1 1 0 5.43 3 3 3 3 
194 0 0 3 3 4 2 14 1 12 1 2 0 1 6 6 8 6 6 0 0 0 236 28 96 43 43 112 55 73 39 34 12 12 17 3 1.17 17 17 22 13 
196 0 0 2 2 2 1 6 0 6 0 1 1 1 17 16 5 17 1 1 0 15 301 29 138 51 70 134 72 102 51 51 3 3 6 2 0.97 28 28 31 21 
924 0 0 2 2 2 1 9 0 8 0 3 0 3 20 20 11 20 0 6 0 14 415 50 218 89 104 147 108 155 83 72 8 8 9 5 0.67 39 39 41 28 
197 0 0 2 2 2 1 6 0 6 0 1 0 0 9 9 4 9 1 1 0 7 163 16 70 26 29 77 35 52 25 27 4 4 4 2 1.1 16 16 17 9 
195 0 0 2 2 2 1 9 0 8 0 1 15 5 35 20 14 35 5 2 0 28 864 71 359 180 149 434 140 197 93 104 7 7 7 3 1.21 56 56 60 43 
190 1 5 3 3 3 2 21 0 17 3 1 0 1 25 25 6 25 1 9 0 15 825 55 468 161 314 302 212 296 151 145 26 26 28 8 0.65 77 77 79 39 
184 0 0 1 1 1 1 1 0 1 0 1 0 0 1 1 0 1 1 0 0 0 34 4 5 4 0 25 3 4 4 0 1 1 1 0 5 1 1 1 1 
198 0 0 2 2 2 1 6 0 6 0 1 0 1 9 9 7 9 0 1 0 8 184 21 75 33 29 88 38 53 28 25 5 5 7 3 1.17 15 15 17 9 
188 0 0 3 3 3 1 14 0 12 1 1 0 3 10 10 9 10 7 0 0 3 292 28 155 46 89 109 77 114 47 67 11 11 12 4 0.7 30 30 31 10 
189 0 0 2 2 2 1 12 0 11 0 1 0 1 11 11 5 11 1 0 0 10 300 31 154 72 69 115 73 98 51 47 7 7 7 2 0.75 24 24 24 11 
185 0 0 0 0 0 0 0 0 0 0 1 0 0 0 0 0 0 0 0 0 0 35 2 5 4 0 28 3 4 4 0 0 0 0 0 5.6 0 0 0 0 
434 0 0 2 2 2 1 4 0 4 0 1 0 0 10 10 0 10 0 0 6 4 146 12 58 21 23 76 25 43 24 19 10 10 10 3 1.31 19 19 19 10 
989 0 0 1 1 1 1 1 0 1 0 1 0 0 1 1 0 1 1 0 0 0 35 4 5 4 0 26 3 4 4 0 1 1 1 0 5.2 1 1 1 1 
567 0 0 1 1 1 1 1 0 1 0 1 0 0 1 1 0 1 1 0 0 0 47 5 8 7 0 34 5 6 6 0 1 1 1 0 4.25 1 1 1 1 
432 0 0 1 1 1 1 4 0 4 0 1 0 0 7 7 6 7 0 0 0 7 139 17 46 26 12 76 25 33 21 12 1 1 1 0 1.65 7 7 7 7 
928 0 0 4 4 4 1 22 1 19 1 1 0 0 4 4 4 4 0 1 0 3 191 19 102 39 57 70 61 80 39 41 10 10 10 5 0.69 16 16 16 4 
431 0 0 1 1 1 1 1 0 1 0 1 0 0 12 12 0 12 12 0 0 0 200 15 26 25 0 159 21 22 22 0 1 1 1 0 6.12 12 12 12 12 
509 0 0 3 3 3 1 11 0 10 0 1 0 5 32 32 6 32 0 4 13 15 713 54 391 117 227 268 200 293 115 178 27 27 32 5 0.69 88 88 95 40 
512 0 0 2 2 2 1 12 0 10 0 5 0 5 77 77 35 77 1 1 23 52 1591 167 919 277 573 506 482 667 271 396 22 22 23 5 0.55 179 179 190 95 
508 0 0 2 2 3 1 10 0 10 0 3 0 1 29 29 9 29 1 1 9 18 570 51 351 117 208 168 195 264 113 151 7 7 10 3 0.48 68 68 74 39 
991 0 0 5 5 6 5 20 0 17 3 1 1 0 2 1 0 2 0 1 0 1 95 6 44 16 23 45 19 27 14 13 9 9 11 4 1.02 10 10 12 9 
994 0 0 3 3 3 1 14 0 13 0 2 0 3 15 15 11 15 0 7 0 8 482 42 230 62 143 210 120 165 57 108 7 7 8 3 0.91 46 46 52 21 
990 0 0 3 3 3 1 14 0 14 0 1 0 0 8 8 6 8 0 0 4 4 220 16 127 46 81 77 61 85 37 48 4 4 4 3 0.61 21 21 21 10 
513 0 0 2 2 2 1 7 0 6 0 1 0 2 14 14 5 14 0 0 1 13 334 33 107 33 60 194 48 72 33 39 5 5 5 2 1.81 22 22 22 14 
515 0 0 2 2 2 1 6 0 6 0 1 0 0 5 5 1 5 0 0 1 4 107 12 40 13 18 55 17 28 13 15 5 5 5 1 1.38 9 9 9 5 
514 0 0 1 1 2 1 4 0 4 0 1 0 0 4 4 1 4 0 0 1 3 76 8 23 8 10 45 9 15 8 7 2 2 3 1 1.96 5 5 6 4 
511 0 0 3 3 3 1 10 0 9 1 1 0 0 1 1 0 1 0 0 0 1 54 4 13 4 5 37 5 9 4 5 3 3 3 1 2.85 3 3 3 1 
993 0 0 1 1 1 1 7 0 7 0 1 0 0 3 3 0 3 0 0 2 1 71 6 25 10 12 40 11 16 7 9 2 2 2 1 1.6 4 4 4 3 
516 0 0 2 2 2 1 16 1 12 2 2 0 1 9 9 3 9 0 0 4 5 259 25 142 65 81 92 79 102 60 42 6 6 6 2 0.65 22 22 22 9 
517 0 0 2 2 2 1 9 0 8 0 1 0 2 8 8 1 8 0 0 4 4 176 16 83 27 45 77 40 59 27 32 7 7 7 2 0.93 18 18 19 8 
992 0 0 2 2 2 2 10 0 9 0 1 0 0 4 4 1 4 0 0 3 1 95 8 45 14 25 42 21 30 12 18 3 3 3 3 0.93 7 7 7 6 
566 0 0 2 2 2 2 11 0 11 0 1 0 1 4 4 0 4 0 0 2 2 119 9 61 28 30 49 33 44 26 18 3 3 3 4 0.8 8 8 8 6 
428 0 0 3 3 3 1 17 1 14 1 4 0 4 52 52 32 52 3 0 15 34 1290 142 813 228 524 335 422 572 215 357 11 11 11 6 0.41 143 143 145 60 
429 0 0 2 2 2 1 12 0 8 3 1 0 1 4 4 1 4 0 0 1 3 143 13 45 15 23 85 25 34 15 19 5 5 5 2 1.89 8 8 8 4 
430 0 0 1 1 1 1 3 0 3 0 1 0 0 3 3 1 3 0 0 1 2 80 9 20 13 5 51 12 16 13 3 1 1 1 0 2.55 3 3 3 3 
927 0 0 1 1 2 1 6 0 5 0 1 0 1 4 4 1 4 0 0 1 3 104 8 28 9 15 68 15 21 9 12 2 2 3 1 2.43 5 5 6 4 
426 0 0 4 4 4 1 24 1 18 3 2 0 2 11 11 4 11 0 0 3 8 431 38 239 91 148 154 131 172 83 89 8 8 10 5 0.64 39 39 41 11 
427 0 0 1 1 1 1 3 0 3 0 1 0 0 10 10 5 10 0 0 1 9 197 17 43 22 10 137 21 32 22 10 1 1 1 0 3.19 10 10 10 10 
439 0 0 3 3 3 1 14 1 12 1 1 1 6 27 26 9 27 0 0 7 20 585 72 381 125 233 152 209 290 125 165 6 6 6 4 0.4 69 69 70 29 
433 0 0 3 3 3 1 19 1 17 1 1 4 4 19 15 4 19 0 4 6 9 509 52 364 120 235 93 199 269 116 153 7 7 7 3 0.26 63 63 64 23 
1001 0 0 3 3 3 1 11 0 10 0 1 0 5 32 32 6 32 0 4 13 15 711 54 389 115 227 268 200 293 115 178 27 27 32 5 0.69 88 88 95 40 
996 0 0 2 2 2 1 11 0 10 0 5 0 4 74 74 37 74 1 2 16 55 1462 165 836 248 503 463 430 602 244 358 22 22 23 5 0.55 162 162 172 93 
998 0 0 2 2 3 1 10 0 10 0 3 0 1 29 29 9 29 1 1 9 18 569 50 351 117 208 168 195 264 113 151 7 7 10 3 0.48 68 68 74 39 
997 0 0 3 3 3 1 13 0 13 0 1 0 0 8 8 6 8 0 0 4 4 208 15 119 41 75 74 62 83 35 48 4 4 4 2 0.62 21 21 21 10 
1005 0 0 1 1 1 1 5 0 5 0 1 0 1 14 14 5 14 0 0 1 13 297 26 87 29 44 184 37 57 28 29 6 6 6 1 2.11 19 19 19 14 
1006 0 0 2 2 2 1 8 0 7 0 1 0 0 3 3 1 3 0 0 0 3 85 9 27 7 13 49 11 19 7 12 5 5 5 1 1.81 7 7 7 3 
1002 0 0 1 1 2 1 4 0 4 0 1 0 0 4 4 1 4 0 0 1 3 78 8 24 9 10 46 9 15 8 7 2 2 3 1 1.92 5 5 6 4 
999 0 0 3 3 3 1 10 0 9 1 1 0 0 1 1 0 1 0 0 0 1 54 4 13 4 5 37 5 9 4 5 3 3 3 1 2.85 3 3 3 1 
1004 0 0 1 1 1 1 7 0 7 0 1 0 0 3 3 0 3 0 0 2 1 73 6 27 12 12 40 13 18 9 9 2 2 2 1 1.48 4 4 4 3 
1000 0 0 1 1 1 1 5 0 5 0 1 0 0 1 1 0 1 0 0 1 0 51 4 12 8 3 35 7 9 7 2 1 1 1 0 2.92 1 1 1 1 
1007 0 0 2 2 2 1 6 0 5 0 1 0 0 7 7 1 7 0 0 3 4 125 12 52 19 22 61 22 35 17 18 5 5 5 1 1.17 12 12 13 7 
1003 0 0 2 2 2 2 9 0 9 0 1 0 0 4 4 1 4 0 0 3 1 97 9 46 16 25 42 24 32 14 18 3 3 3 2 0.91 7 7 7 6 
995 0 0 2 2 2 2 10 0 10 0 1 0 1 4 4 0 4 0 0 2 2 122 8 59 27 29 55 33 43 25 18 3 3 3 3 0.93 8 8 8 6 
435 0 0 1 1 1 1 1 0 1 0 1 0 0 4 4 0 4 4 0 0 0 74 6 9 8 0 59 7 8 8 0 1 1 1 0 6.56 4 4 4 4 
1009 0 0 13 10 13 7 79 3 68 8 1 0 3 8 8 0 8 0 1 0 7 764 45 576 112 454 150 332 419 110 309 30 23 30 7 0.26 102 81 106 59 
1013 0 0 2 2 2 1 7 0 7 0 2 0 1 9 9 7 9 0 0 0 9 202 21 81 30 43 100 45 61 30 31 5 5 6 1 1.23 16 16 17 9 
1010 0 0 2 2 2 1 5 0 5 0 1 0 2 4 4 1 4 0 0 0 4 82 10 29 12 12 43 13 22 13 9 3 3 3 2 1.48 7 7 7 4 
437 0 0 2 2 2 1 9 0 8 1 1 0 0 6 6 1 6 0 0 0 6 124 10 61 23 32 53 37 49 23 26 4 4 5 2 0.87 10 10 11 8 
1012 0 0 3 3 3 1 15 0 15 0 1 0 0 5 5 5 5 0 2 0 3 178 14 92 35 59 72 58 73 34 39 5 5 5 2 0.78 14 14 14 5 
1014 0 0 2 2 2 1 10 0 9 1 1 0 3 20 20 6 20 0 0 0 20 438 37 213 78 122 201 134 171 81 90 8 8 8 2 0.94 40 40 40 20 
1008 0 0 2 2 2 1 6 0 6 0 1 0 1 4 4 4 4 0 0 0 4 105 12 39 16 18 54 20 29 16 13 3 3 4 2 1.38 8 8 9 4 
1011 0 0 1 1 1 1 4 0 4 0 3 0 1 51 51 20 51 0 1 0 50 684 81 274 101 116 329 134 206 105 101 5 5 6 4 1.2 66 66 71 51 
438 0 0 1 1 1 1 1 0 1 0 1 0 0 1 1 0 1 1 0 0 0 37 2 5 4 0 30 3 4 4 0 1 1 1 0 6 1 1 1 1 
436 0 0 4 4 4 1 37 1 27 12 1 6 2 6 0 0 6 0 0 0 6 352 18 196 82 124 162 137 161 79 82 6 6 6 4 0.83 24 24 24 6 
440 0 0 4 4 5 1 29 1 24 3 1 0 24 24 24 6 24 0 7 6 11 922 88 656 214 459 178 371 489 211 278 12 12 12 8 0.27 107 107 108 30 
1017 0 0 1 1 1 1 3 0 3 0 1 0 0 1 1 0 1 0 0 0 1 36 4 9 6 1 23 5 7 6 1 1 1 1 0 2.56 1 1 1 1 
285 0 0 1 1 1 1 4 0 4 0 1 0 1 12 12 5 12 0 0 1 11 198 23 72 33 26 103 34 50 30 20 3 3 3 2 1.43 16 16 16 12 
219 0 0 1 1 1 1 1 0 1 0 1 0 0 1 1 0 1 0 0 0 1 50 4 14 13 0 32 7 8 8 0 1 1 1 0 2.29 1 1 1 1 
1018 0 0 2 2 2 2 7 0 7 0 1 0 0 3 3 1 3 0 0 0 3 72 7 30 13 11 35 13 24 15 9 3 3 3 2 1.17 7 7 7 5 
221 0 0 1 1 1 1 1 0 1 0 1 0 0 3 3 0 3 3 0 0 0 61 6 11 10 0 44 8 9 9 0 1 1 1 0 4 3 3 3 3 
715 0 0 1 1 1 1 6 0 6 0 2 1 3 5 4 1 5 0 0 1 4 139 13 62 34 27 64 27 33 25 8 2 2 2 1 1.03 6 6 6 5 
222 1 3 3 3 3 1 12 0 11 0 2 0 2 7 7 5 7 0 2 0 5 183 18 111 46 56 54 61 87 50 37 7 7 7 4 0.49 19 19 20 7 
1016 0 0 1 1 1 1 4 0 4 0 1 0 0 3 3 2 3 0 0 0 3 72 9 25 16 5 38 15 19 15 4 1 1 1 0 1.52 3 3 3 3 
1019 0 0 1 1 1 1 1 0 1 0 1 0 0 2 2 0 2 0 0 0 2 49 5 10 9 0 34 7 8 8 0 1 1 1 0 3.4 2 2 2 2 
218 0 0 1 1 1 1 1 0 1 0 1 0 0 10 10 0 10 9 0 0 1 152 14 32 31 0 106 21 22 22 0 1 1 1 0 3.31 10 10 10 10 
220 0 0 1 1 1 1 4 0 4 0 1 0 0 12 12 10 12 0 0 0 12 218 26 76 40 23 116 43 56 33 23 1 1 1 0 1.53 12 12 12 12 
1037 0 0 1 1 1 1 1 0 1 0 1 0 0 1 1 0 1 1 0 0 0 26 4 6 5 0 16 3 4 4 0 1 1 1 0 2.67 1 1 1 1 
355 0 0 2 2 2 1 8 0 8 0 1 0 1 13 13 9 13 0 0 3 10 284 31 146 70 65 107 83 107 56 51 3 3 3 2 0.73 23 23 23 13 
217 0 0 1 1 1 1 7 0 7 0 5 0 0 13 13 4 13 1 1 2 9 211 24 108 48 48 79 52 72 46 26 3 3 3 2 0.73 17 17 17 13 
794 0 0 1 1 1 1 6 0 6 0 1 0 0 6 6 1 6 0 0 0 6 126 11 53 32 14 62 28 35 21 14 1 1 1 0 1.17 6 6 6 6 
591 1 2 2 2 2 2 15 0 13 0 2 0 1 15 15 4 15 0 2 2 11 305 24 199 67 120 82 109 148 74 74 9 9 9 5 0.41 36 36 37 23 
242 0 0 3 3 3 1 12 0 11 0 4 0 3 29 29 14 29 10 4 8 7 640 51 356 95 214 233 173 257 92 165 9 9 9 4 0.65 80 80 82 40 
888 0 0 2 2 2 1 7 0 6 1 1 0 0 3 3 1 3 0 0 0 3 72 9 29 14 9 34 13 19 12 7 2 2 2 1 1.17 5 5 5 3 
799 0 0 2 2 2 2 4 0 4 0 1 0 0 3 3 0 3 0 0 0 3 64 5 16 6 4 43 4 10 6 4 3 3 3 2 2.69 5 5 5 5 
586 0 0 1 1 1 1 4 0 4 0 1 0 0 9 9 7 9 0 0 3 6 183 21 60 36 17 102 34 44 31 13 2 2 2 1 1.7 10 10 10 9 
1025 0 0 2 2 3 2 10 0 9 0 1 1 0 5 4 2 5 0 1 1 3 124 13 59 24 30 52 32 46 24 22 5 5 6 3 0.88 12 12 13 8 
540 0 0 2 2 2 1 8 0 8 0 1 0 0 3 3 1 3 0 0 1 2 87 10 34 17 16 43 24 30 18 12 4 4 4 2 1.26 6 6 6 3 
573 0 0 1 1 1 1 1 0 1 0 1 0 0 3 3 0 3 2 0 0 1 72 6 13 12 0 53 8 9 9 0 1 1 1 0 4.08 3 3 3 3 
598 0 0 3 3 3 2 13 0 13 0 4 1 0 15 14 9 15 7 4 1 3 464 34 237 98 116 193 120 181 96 85 6 6 7 4 0.81 48 48 52 28 
256 1 2 4 4 4 2 21 0 18 2 6 1 2 16 15 14 16 3 3 1 9 563 46 319 94 191 198 146 216 88 128 14 14 15 7 0.62 58 58 61 33 
581 0 0 2 2 3 2 10 0 9 0 2 0 0 12 12 7 12 2 1 1 8 270 28 136 53 71 110 71 104 52 52 6 6 7 4 0.81 27 27 30 22 
457 0 0 2 2 2 1 11 1 9 1 5 0 0 13 13 2 13 4 1 3 5 199 32 124 42 72 43 61 88 49 39 9 9 9 0 0.35 23 23 23 16 
284 0 0 2 2 2 1 9 0 8 0 8 0 2 37 37 18 37 6 3 5 23 720 73 374 142 186 273 179 260 131 129 12 12 16 6 0.73 74 74 82 52 
798 0 0 3 3 3 2 10 0 9 0 1 0 0 4 4 3 4 0 1 0 3 109 10 49 17 24 50 23 34 16 18 4 4 4 2 1.02 10 10 10 6 
810 0 0 1 1 1 1 1 0 1 0 1 0 0 3 3 0 3 3 0 0 0 47 5 7 6 0 35 5 6 6 0 1 1 1 0 5 3 3 3 3 
252 0 0 1 1 1 1 3 0 3 0 1 0 0 3 3 1 3 2 0 1 0 68 9 19 10 5 40 11 15 10 5 1 1 1 0 2.11 3 3 3 3 
236 0 0 3 3 3 1 11 0 10 0 5 1 1 18 17 5 18 3 5 0 10 387 34 223 69 128 130 112 166 73 93 13 13 16 4 0.58 47 47 51 23 
235 0 0 1 1 1 1 2 0 2 0 1 0 0 4 4 2 4 2 0 0 2 62 9 16 10 3 37 10 13 10 3 1 1 1 0 2.31 4 4 4 4 
265 0 0 2 2 2 1 7 1 5 0 1 4 4 5 1 2 5 0 1 0 4 121 21 46 18 24 54 23 34 17 17 5 5 5 2 1.17 9 9 9 5 
1020 0 0 4 4 4 1 16 0 15 1 1 4 0 4 0 0 4 0 2 0 2 140 7 68 20 47 65 37 51 21 30 7 7 7 2 0.96 16 15 16 4 
590 0 0 1 1 1 1 8 0 8 0 1 0 0 1 1 0 1 0 0 1 0 46 4 13 8 3 29 4 6 5 1 1 1 1 0 2.23 1 1 1 1 
546 1 2 4 4 4 2 21 0 19 1 5 2 8 16 14 5 16 0 0 4 12 492 42 353 130 199 98 182 245 94 151 35 35 39 5 0.28 66 66 70 39 
804 0 0 1 1 1 1 4 0 4 0 1 0 0 3 3 2 3 0 0 0 3 67 7 22 10 7 38 11 16 10 6 2 2 2 1 1.73 4 4 4 3 
1021 0 0 2 2 2 1 6 0 6 0 4 1 4 13 12 5 13 2 3 0 8 257 25 111 45 52 121 56 80 46 34 6 6 6 3 1.09 22 22 22 13 
1024 0 0 1 1 1 1 3 0 3 0 1 0 0 1 1 0 1 0 0 0 1 29 3 7 4 1 19 3 5 4 1 1 1 1 0 2.71 1 1 1 1 
552 0 0 1 1 1 1 8 0 8 0 1 0 0 1 1 0 1 0 0 1 0 48 4 13 9 2 31 4 6 5 1 1 1 1 0 2.38 1 1 1 1 
277 0 0 2 2 2 1 6 0 6 0 5 0 0 21 21 12 21 1 2 2 16 366 41 159 58 73 166 84 122 62 60 10 10 10 3 1.04 32 32 32 24 
282 0 0 2 2 2 1 10 0 9 0 5 0 1 32 32 13 32 3 5 2 22 615 64 309 92 173 243 151 221 98 123 11 11 13 3 0.79 67 67 74 47 
255 1 2 1 1 1 1 4 0 4 0 5 4 4 25 21 4 25 22 0 0 3 382 42 146 50 68 194 69 106 52 54 5 5 5 2 1.33 34 34 34 28 
246 0 0 3 3 4 1 16 0 15 1 2 1 4 5 4 6 5 4 1 0 0 191 19 93 28 55 79 50 72 30 42 6 6 7 3 0.85 17 17 18 5 
856 0 0 3 3 3 2 24 0 20 3 3 0 1 10 10 4 10 1 1 0 8 275 26 157 47 95 93 88 120 48 72 14 14 15 3 0.59 31 31 32 21 
262 0 0 3 3 3 2 14 0 11 2 1 2 2 3 1 0 3 0 1 0 2 76 7 40 14 26 29 20 29 13 16 4 4 4 2 0.72 8 8 8 5 
580 0 0 3 3 3 2 11 0 10 0 4 0 0 9 9 5 9 1 2 0 6 202 18 107 32 62 77 59 81 35 46 11 11 11 3 0.72 23 23 23 14 
908 0 0 1 1 1 1 2 0 2 0 1 0 1 9 9 0 9 0 1 0 8 64 12 30 15 6 22 10 20 15 5 1 1 1 0 0.73 9 9 9 9 
544 0 0 1 1 1 1 1 0 1 0 1 0 0 2 2 1 2 2 0 0 0 61 7 13 12 2 41 9 10 10 0 1 1 1 0 3.15 2 2 2 2 
260 0 0 1 1 1 1 3 0 3 0 1 4 15 5 1 0 5 0 1 0 4 169 21 33 22 20 115 20 26 22 4 1 1 2 0 3.48 5 5 6 5 
714 0 0 2 2 2 2 6 0 6 0 3 0 2 3 3 0 3 0 1 0 2 66 5 27 9 14 34 10 17 9 8 3 3 3 1 1.26 6 6 6 5 
451 0 0 2 2 2 1 13 0 12 0 1 0 1 5 5 4 5 0 2 0 3 181 17 82 33 45 82 51 66 34 32 4 4 4 3 1 11 11 11 5 
857 0 0 2 2 2 1 12 0 12 0 2 0 1 5 5 2 5 0 0 0 5 102 12 51 19 22 39 22 32 17 15 4 4 5 3 0.76 10 10 11 5 
802 0 0 1 1 1 1 3 0 3 0 1 0 0 6 6 1 6 0 0 0 6 79 10 24 11 6 45 10 17 11 6 1 1 1 0 1.88 6 6 6 6 
587 0 0 1 1 1 1 4 0 4 0 1 0 1 6 6 2 6 6 0 0 0 109 11 37 14 16 61 17 26 14 12 3 3 3 2 1.65 8 8 8 8 
245 0 0 1 1 1 1 1 0 1 0 1 0 0 1 1 0 1 1 0 0 0 44 3 5 4 0 36 3 4 4 0 1 1 1 0 7.2 1 1 1 1 
592 0 0 1 1 1 1 1 0 1 0 1 0 0 1 1 0 1 1 0 0 0 37 4 5 4 0 28 3 4 4 0 1 1 1 0 5.6 1 1 1 1 
1029 0 0 2 2 2 1 7 0 7 0 1 2 1 2 0 0 2 0 0 0 2 52 4 19 8 10 29 9 14 8 6 2 2 2 1 1.53 4 4 4 2 
1032 0 0 3 3 3 1 11 0 10 0 1 0 1 5 5 2 5 1 1 0 3 101 13 65 25 36 23 33 49 26 23 7 7 7 4 0.35 14 14 14 7 
582 0 0 1 1 2 1 4 0 4 0 1 1 3 5 4 1 5 0 1 0 4 115 12 32 15 15 71 15 23 14 9 3 3 4 1 2.22 7 7 8 7 
1034 0 0 4 4 4 4 19 0 18 1 1 0 2 5 5 3 5 5 0 0 0 208 14 108 31 68 86 51 76 33 43 9 9 9 5 0.8 22 22 22 19 
1031 0 0 1 1 1 1 4 0 4 0 1 0 0 5 5 2 5 1 0 0 4 76 8 25 9 9 43 10 17 9 8 2 2 2 1 1.72 6 6 6 5 
238 0 0 2 2 2 1 9 0 9 0 1 3 3 19 16 6 19 13 5 0 1 395 33 206 71 120 156 111 155 73 82 4 4 4 3 0.76 39 39 39 19 
248 0 0 1 1 1 1 1 0 1 0 1 0 0 1 1 0 1 1 0 0 0 35 4 5 4 0 26 3 4 4 0 1 1 1 0 5.2 1 1 1 1 
247 0 0 2 2 3 1 13 0 11 1 5 0 2 23 23 21 23 13 2 0 8 623 68 302 86 174 253 149 227 94 133 13 13 14 5 0.84 57 57 59 28 
800 0 0 2 2 2 1 12 0 11 0 6 1 1 18 17 4 18 1 1 0 16 328 33 244 86 139 51 121 172 82 90 5 5 6 3 0.21 40 40 41 26 
584 0 0 1 1 1 1 1 0 1 0 1 0 0 8 8 1 8 8 0 0 0 124 12 17 16 1 95 15 16 16 0 1 1 1 0 5.59 8 8 8 8 
594 0 0 3 3 3 3 11 0 11 0 1 0 1 1 1 1 1 0 0 0 1 68 6 36 17 17 29 19 23 15 8 3 3 3 2 0.81 3 3 3 3 
595 3 4 3 3 3 1 14 0 13 0 7 1 6 39 38 24 39 7 10 0 22 1032 96 591 221 345 345 307 434 215 219 16 16 18 9 0.58 118 118 125 56 
541 0 0 2 2 2 1 12 0 11 0 1 0 1 8 8 3 8 3 1 0 4 213 18 112 40 66 83 59 82 40 42 6 6 6 3 0.74 19 19 19 8 
542 0 0 2 2 2 1 9 0 8 0 1 0 5 6 6 2 6 1 1 0 4 164 17 72 32 37 75 36 52 31 21 6 6 6 5 1.04 14 14 14 6 
583 1 2 2 2 2 2 6 0 6 0 1 0 0 4 4 2 4 0 0 2 2 89 10 36 17 13 43 16 25 15 10 3 3 3 2 1.19 8 8 8 8 
819 0 0 1 1 1 1 4 0 4 0 1 0 0 7 7 2 7 0 0 1 6 118 15 40 17 13 63 18 28 15 13 3 3 3 1 1.58 9 9 9 7 
813 0 0 2 2 2 1 7 0 7 0 1 0 0 7 7 3 7 0 0 0 7 155 15 68 33 24 72 30 42 23 19 4 4 4 2 1.06 11 11 11 7 
1030 1 1 3 3 3 1 17 0 17 0 1 3 2 7 4 1 7 2 1 0 4 230 16 152 54 98 62 89 114 47 67 14 14 14 2 0.41 23 23 23 7 
801 0 0 1 1 1 1 1 0 1 0 1 0 0 1 1 0 1 0 0 0 1 54 4 11 10 0 39 6 7 7 0 1 1 1 0 3.55 1 1 1 1 
882 0 0 4 4 5 1 17 0 16 1 1 0 0 7 7 1 7 0 1 4 2 206 12 127 28 79 67 60 92 25 67 10 10 11 3 0.53 30 30 32 7 
887 0 0 1 1 1 1 3 0 3 0 2 0 2 9 9 1 9 0 0 2 7 106 16 46 25 12 44 23 34 24 10 1 1 1 0 0.96 9 9 9 9 
907 0 0 1 1 1 1 11 0 11 0 1 0 0 2 2 6 2 0 0 0 2 100 11 39 27 11 50 23 26 19 7 1 1 1 0 1.28 2 2 2 2 
717 1 2 2 2 2 1 6 0 6 0 2 0 2 12 12 6 12 0 1 0 11 207 26 110 50 45 71 50 70 40 30 3 3 3 2 0.65 19 19 19 12 
1023 0 0 2 2 2 1 7 0 7 0 2 0 1 4 4 2 4 0 0 0 4 94 12 46 25 18 36 25 33 23 10 2 2 2 1 0.78 6 6 6 4 
816 0 0 1 1 1 1 4 0 4 0 1 0 0 4 4 2 4 0 0 0 4 76 9 26 13 7 41 13 19 13 6 2 2 2 1 1.58 5 5 5 4 
795 0 0 2 2 2 1 7 0 7 0 1 2 0 3 1 0 3 0 2 0 1 72 5 27 10 11 40 11 17 8 9 2 2 2 1 1.48 5 5 5 3 
271 0 0 3 3 3 2 16 0 11 4 1 2 1 3 1 0 3 0 1 0 2 76 7 39 11 24 30 18 27 10 17 4 4 4 2 0.77 8 8 8 5 
1027 0 0 1 1 1 1 4 0 4 0 2 0 1 6 6 2 6 0 1 0 5 86 13 39 21 11 34 18 27 19 8 2 2 2 1 0.87 7 7 7 6 
275 0 0 9 7 10 2 46 1 39 5 2 1 3 20 19 11 20 0 4 0 16 1170 77 858 225 616 244 441 601 224 377 67 46 75 6 0.28 173 145 192 39 
912 0 0 1 1 1 1 1 0 1 0 1 0 0 5 5 0 5 0 0 0 5 78 8 15 14 0 55 13 14 14 0 1 1 1 0 3.67 5 5 5 5 
884 1 2 3 3 3 2 19 0 17 1 2 0 0 8 8 9 8 0 0 0 8 282 23 177 85 95 82 103 127 77 50 9 9 10 4 0.46 23 23 24 13 
814 0 0 2 2 2 1 6 0 5 0 1 0 0 5 5 2 5 0 0 0 5 90 10 40 21 13 40 18 27 17 10 3 3 3 2 1 8 8 8 7 
803 0 0 3 3 3 3 14 0 14 0 1 0 0 1 1 0 1 0 0 0 1 50 4 23 11 8 23 8 12 7 5 3 3 3 2 1 3 3 3 3 
274 0 0 1 1 1 1 3 0 3 0 1 0 0 4 4 1 4 1 0 1 2 72 8 22 11 5 42 10 16 11 5 2 2 2 1 1.91 5 5 5 4 
257 0 0 2 2 2 1 9 0 8 0 1 0 0 8 8 5 8 1 1 0 6 181 19 88 34 44 74 47 63 32 31 5 5 7 4 0.84 13 13 15 8 
268 0 0 1 1 1 1 3 0 3 0 1 0 0 7 7 5 7 1 0 1 5 117 15 42 21 13 65 25 33 21 12 1 1 1 0 1.55 7 7 7 7 
599 0 0 2 2 2 1 7 0 7 0 3 0 10 42 42 13 42 2 5 1 34 876 93 354 153 195 445 204 279 159 120 8 8 10 4 1.26 74 74 82 57 
885 0 0 1 1 1 1 1 0 1 0 1 0 0 1 1 0 1 0 0 0 1 40 3 8 7 0 29 3 4 4 0 1 1 1 0 3.63 1 1 1 1 
909 0 0 1 1 1 1 5 0 5 0 1 1 0 3 2 2 3 0 1 0 2 77 8 27 16 7 42 16 21 14 7 2 2 2 1 1.56 4 4 4 3 
808 0 0 1 1 1 1 1 0 1 0 1 0 0 2 2 0 2 2 0 0 0 44 5 7 6 0 32 5 6 6 0 1 1 1 0 4.57 2 2 2 2 
883 0 0 1 1 1 1 9 0 8 0 1 0 0 3 3 2 3 0 0 2 1 80 9 37 26 7 34 16 20 14 6 2 2 2 0 0.92 4 4 4 3 
237 0 0 2 2 2 1 12 0 10 1 11 9 23 84 75 35 84 49 12 0 23 2115 214 1023 280 620 878 500 746 278 468 13 13 13 5 0.86 198 198 203 100 
543 0 0 1 1 1 1 1 0 1 0 1 0 0 3 3 0 3 3 0 0 0 56 6 9 8 0 41 7 8 8 0 1 1 1 0 4.56 3 3 3 3 
555 0 0 2 2 2 2 9 0 8 1 1 0 0 7 7 4 7 1 1 0 5 153 16 69 22 39 72 33 50 22 28 5 5 6 3 1.04 16 16 17 14 
456 0 0 2 2 2 1 6 0 6 0 1 0 0 3 3 1 3 1 0 0 2 69 8 26 9 12 35 10 16 9 7 2 2 2 1 1.35 5 5 5 3 
593 0 0 1 1 1 1 4 0 4 0 2 1 2 5 4 1 5 0 1 0 4 110 13 44 28 13 53 27 35 28 7 2 2 2 1 1.2 6 6 6 5 
815 0 0 1 1 1 1 7 0 6 0 1 0 0 5 5 3 5 0 0 0 5 108 11 48 22 19 49 24 32 20 12 3 3 3 2 1.02 7 7 7 7 
812 0 0 3 3 3 1 10 0 10 0 1 0 0 8 8 5 8 0 5 0 3 191 17 102 34 54 72 52 70 29 41 5 5 6 2 0.71 22 22 25 8 
239 0 0 1 1 1 1 1 0 1 0 1 0 0 2 2 0 2 2 0 0 0 49 4 9 8 0 36 7 8 8 0 1 1 1 0 4 2 2 2 2 
258 1 5 3 2 3 1 12 0 11 0 1 0 2 39 39 11 39 0 0 31 8 987 70 502 151 305 415 205 303 128 175 28 17 30 3 0.83 108 97 111 45 
263 0 0 2 2 2 1 7 0 6 0 1 0 1 10 10 6 10 1 0 2 7 199 21 87 33 42 91 46 64 31 33 3 3 4 2 1.05 17 17 18 10 
807 0 0 2 2 2 1 8 0 7 0 2 0 0 8 8 4 8 1 1 0 6 174 16 80 32 34 78 36 55 29 26 7 7 7 4 0.97 17 17 17 8 
267 0 0 1 1 2 1 4 0 4 0 3 0 0 18 18 6 18 3 0 1 14 243 30 106 38 43 107 46 74 38 36 6 6 8 2 1.01 26 26 29 18 
455 0 0 2 2 2 2 7 0 7 0 1 0 0 8 8 3 8 2 0 0 6 146 14 63 22 35 69 34 51 24 27 4 4 4 2 1.1 16 16 16 13 
1028 0 0 1 1 1 1 10 0 10 0 2 1 0 12 11 2 12 0 1 0 11 157 17 93 33 52 47 45 59 37 22 2 2 2 1 0.51 13 13 13 12 
458 0 0 2 2 2 1 8 0 7 0 4 0 1 20 20 13 20 1 2 2 15 373 44 168 64 79 161 88 125 64 61 7 7 7 4 0.96 33 33 33 20 
549 0 0 1 1 1 1 4 0 4 0 2 1 1 8 7 3 8 4 2 0 2 136 15 44 19 17 77 20 32 19 13 2 2 3 1 1.75 10 10 11 8 
249 0 0 1 1 1 1 7 0 6 0 1 0 0 11 11 4 11 10 0 1 0 214 18 93 42 43 103 48 67 38 29 3 3 3 4 1.11 15 15 16 11 
1026 0 0 2 2 2 1 6 0 6 0 5 0 0 21 21 13 21 1 2 2 16 374 46 162 62 75 166 87 123 64 59 10 10 10 1 1.02 32 32 32 24 
597 0 0 3 3 3 1 14 0 14 0 1 2 3 5 3 4 5 0 3 0 2 183 16 88 30 52 79 51 68 30 38 4 4 4 2 0.9 14 14 14 5 
811 0 0 1 1 1 1 3 0 3 0 1 1 0 4 3 1 4 0 0 0 4 64 6 16 7 4 42 6 11 7 4 1 1 1 0 2.63 4 4 4 4 
251 0 0 1 1 1 1 1 0 1 0 1 0 0 1 1 0 1 1 0 0 0 34 3 5 4 0 26 3 4 4 0 1 1 1 0 5.2 1 1 1 1 
820 0 0 1 1 1 1 4 0 4 0 1 0 0 6 6 2 6 0 0 0 6 89 11 31 13 11 47 14 22 13 9 2 2 2 1 1.52 7 7 7 6 
797 0 0 1 1 1 1 5 0 5 0 3 0 0 18 18 5 18 0 0 2 16 259 31 119 54 44 109 55 83 50 33 3 3 3 4 0.92 24 24 24 20 
250 0 0 2 2 3 1 15 1 13 0 2 0 2 7 7 1 7 0 0 2 5 221 20 124 63 62 77 71 91 60 31 8 8 9 2 0.62 17 17 19 7 
796 1 2 2 2 2 1 14 0 13 0 3 0 0 7 7 1 7 0 2 0 5 186 17 106 50 55 63 52 70 46 24 6 6 8 4 0.59 15 15 17 7 
281 0 0 3 3 3 2 12 0 10 0 2 0 1 21 21 18 21 0 5 3 13 546 54 274 92 149 218 131 188 80 108 8 8 10 4 0.8 55 55 60 32 
279 0 0 2 2 3 2 10 0 9 0 3 0 1 23 23 11 23 2 3 2 16 509 52 252 81 144 205 136 188 80 108 15 15 23 9 0.81 55 55 66 35 
452 0 0 1 1 1 1 4 0 4 0 1 0 0 4 4 2 4 1 0 2 1 60 9 26 13 9 25 14 20 13 7 2 2 2 1 0.96 5 5 5 4 
254 0 0 1 1 1 1 4 0 4 0 3 0 0 24 24 3 24 3 0 3 18 321 36 117 44 44 168 52 85 42 43 3 3 3 2 1.44 30 30 33 24 
269 0 0 7 6 8 4 31 2 24 5 1 1 1 3 2 3 3 1 2 0 0 173 16 86 23 55 71 49 70 28 42 19 16 20 3 0.83 22 19 23 13 
243 0 0 1 1 1 1 1 0 1 0 1 0 0 6 6 0 6 6 0 0 0 77 8 11 10 0 58 9 10 10 0 1 1 1 0 5.27 6 6 6 6 
1036 0 0 1 1 1 1 1 0 1 0 1 0 0 1 1 0 1 0 0 0 1 36 3 5 4 0 28 3 4 4 0 1 1 1 0 5.6 1 1 1 1 
809 0 0 1 1 1 1 3 0 3 0 1 0 0 5 5 1 5 2 0 1 2 71 11 26 13 7 34 10 17 11 6 2 2 2 1 1.31 6 6 6 5 
817 0 0 1 1 1 1 1 0 1 0 1 0 0 1 1 0 1 0 0 0 1 35 3 5 4 0 27 3 4 4 0 1 1 1 0 5.4 1 1 1 1 
272 0 0 2 2 2 2 9 0 9 0 2 0 4 28 28 13 28 2 11 0 15 704 52 312 121 164 340 156 220 109 111 13 13 13 4 1.09 61 61 63 47 
450 0 0 1 1 1 1 6 0 6 0 1 0 0 7 7 3 7 0 0 0 7 131 13 55 19 26 63 27 39 19 20 3 3 3 3 1.15 10 10 10 9 
264 0 0 1 1 1 1 1 0 1 0 1 0 0 1 1 0 1 1 0 0 0 34 3 5 4 0 26 3 4 4 0 1 1 1 0 5.2 1 1 1 1 
911 0 0 1 1 1 1 3 0 3 0 1 0 0 2 2 0 2 0 0 0 2 41 5 13 8 2 23 5 8 6 2 1 1 1 0 1.77 2 2 2 2 
240 3 4 2 2 2 1 9 0 8 0 6 0 15 125 125 48 125 0 1 21 103 2342 223 1214 415 711 909 562 823 386 437 15 15 15 6 0.75 240 240 245 152 
270 0 0 3 3 4 1 14 0 13 0 3 0 2 12 12 7 12 3 4 0 5 321 31 192 64 113 98 98 136 59 77 12 12 13 7 0.51 38 34 42 16 
261 0 0 2 2 2 2 10 0 10 0 4 0 1 9 9 7 9 0 0 1 8 242 24 131 68 59 87 68 91 57 34 5 5 5 2 0.66 18 18 18 17 
253 0 0 1 1 1 1 3 0 3 0 1 0 0 5 5 0 5 1 0 0 4 87 8 22 11 5 57 10 16 11 5 1 1 1 0 2.59 5 5 5 5 
596 0 0 2 2 2 1 9 0 9 0 1 0 0 3 3 2 3 0 0 0 3 80 8 39 17 18 33 23 30 17 13 3 3 3 2 0.85 5 5 5 3 
553 0 0 4 4 5 1 18 0 17 0 1 0 0 2 2 1 2 0 0 0 2 90 6 51 26 24 33 30 40 26 14 7 7 8 4 0.65 8 8 9 2 
889 0 0 1 1 1 1 9 0 9 0 1 0 0 3 3 3 3 0 0 2 1 89 11 42 29 9 36 19 23 16 7 2 2 2 0 0.86 4 4 4 3 
280 0 0 1 1 1 1 3 0 3 0 1 0 0 9 9 2 9 1 0 0 8 112 14 43 18 16 55 21 32 18 14 2 2 3 1 1.28 10 10 11 9 
818 0 0 1 1 1 1 6 0 6 0 1 0 0 3 3 2 3 0 0 0 3 79 8 29 11 13 42 19 24 11 13 2 2 2 1 1.45 4 4 4 3 
910 0 0 2 2 2 1 9 0 8 0 1 0 3 5 5 8 5 0 1 0 4 169 20 69 39 33 80 47 56 35 21 3 3 3 1 1.16 8 8 8 5 
1035 0 0 4 4 4 2 17 0 16 0 2 0 0 5 5 8 5 0 1 0 4 202 17 109 43 56 76 62 83 38 45 9 9 9 3 0.7 19 19 19 8 
571 0 0 1 1 1 1 1 0 1 0 1 0 0 3 3 0 3 3 0 0 0 59 7 9 8 0 43 7 8 8 0 1 1 1 0 4.78 3 3 3 3 
570 0 0 2 2 2 1 5 0 5 0 1 0 0 2 2 2 2 1 0 0 1 65 7 18 8 6 40 9 13 8 5 2 2 2 1 2.22 3 3 3 2 
585 0 0 1 1 1 1 1 0 1 0 1 0 0 2 2 0 2 2 0 0 0 52 6 7 6 0 39 5 6 6 0 1 1 1 0 5.57 2 2 2 2 
886 0 0 2 2 3 1 10 0 9 0 4 0 3 13 13 9 13 0 0 1 12 284 34 152 52 82 98 78 112 53 59 15 15 15 4 0.64 32 32 33 17 
453 0 0 0 0 0 0 0 0 0 0 1 0 0 0 0 3 0 0 0 0 0 39 5 6 5 3 28 4 5 5 0 0 0 0 0 4.67 0 0 0 0 
572 0 0 1 1 1 1 1 0 1 0 1 0 0 1 1 0 1 1 0 0 0 36 3 4 3 0 29 2 3 3 0 1 1 1 0 7.25 1 1 1 1 
1022 0 0 1 1 1 1 4 0 4 0 2 0 1 6 6 2 6 0 1 0 5 85 13 38 21 11 34 18 27 19 8 2 2 2 1 0.89 7 7 7 6 
548 0 0 6 4 7 2 20 0 19 0 1 11 1 11 0 0 11 0 0 0 11 376 16 234 44 166 126 102 144 45 99 15 8 15 5 0.54 71 39 72 20 
241 0 0 2 2 2 1 6 0 6 0 1 0 1 9 9 3 9 6 1 2 0 175 16 70 28 33 89 38 53 27 26 4 4 4 2 1.27 14 14 14 9 
822 0 0 1 1 1 1 8 0 8 0 1 0 0 1 1 0 1 0 0 1 0 52 4 13 8 3 35 4 6 5 1 1 1 1 0 2.69 1 1 1 1 
805 0 0 3 3 3 2 15 0 14 0 3 4 1 14 10 5 14 0 2 3 9 357 27 231 85 124 101 115 161 66 95 17 17 19 4 0.44 43 43 46 29 
806 0 0 1 1 1 1 8 0 8 0 1 0 0 1 1 0 1 0 0 1 0 54 4 13 9 2 37 4 6 5 1 1 1 1 0 2.85 1 1 1 1 
278 0 0 1 1 1 1 5 0 5 0 4 0 1 22 22 11 22 1 1 3 17 373 40 161 65 71 172 85 120 64 56 5 5 5 4 1.07 30 30 30 25 
259 0 0 3 3 4 1 16 1 13 1 2 0 0 10 10 9 10 0 1 2 7 302 36 161 54 91 105 79 113 49 64 14 14 17 6 0.65 32 32 38 12 
880 0 0 1 1 2 1 5 0 5 0 1 0 0 2 2 2 2 0 0 0 2 60 7 19 12 4 34 9 12 9 3 1 1 2 0 1.79 2 2 3 2 
879 0 0 2 2 2 2 10 0 10 0 1 0 0 2 2 0 2 0 0 0 2 67 6 32 19 10 29 17 22 15 7 3 3 3 1 0.91 4 4 4 4 
864 0 0 4 4 4 4 16 0 16 0 1 0 0 3 3 3 3 0 0 1 2 120 10 62 25 31 48 30 45 20 25 7 7 7 3 0.77 13 13 13 13 
862 0 0 1 1 1 1 1 0 1 0 1 0 0 1 1 0 1 0 0 0 1 42 4 9 8 0 29 5 6 6 0 1 1 1 0 3.22 1 1 1 1 
865 0 0 2 1 2 1 7 0 7 0 2 1 0 21 20 4 21 1 1 0 19 290 32 197 92 90 61 92 125 80 45 14 5 14 4 0.31 40 31 40 25 
860 0 0 4 4 4 4 15 0 15 0 1 0 0 2 2 0 2 0 0 0 2 78 6 42 22 17 30 23 29 18 11 6 6 6 3 0.71 7 7 7 7 
874 0 0 1 1 1 1 1 0 1 0 1 0 1 1 1 0 1 0 0 0 1 46 5 9 8 1 32 6 7 7 0 1 1 1 0 3.56 1 1 1 1 
876 0 0 1 1 1 1 1 0 1 0 1 0 0 4 4 0 4 0 0 0 4 57 7 13 12 0 37 11 12 12 0 1 1 1 0 2.85 4 4 4 4 
871 0 0 1 1 1 1 6 0 6 0 1 0 0 1 1 0 1 0 0 0 1 44 4 13 10 1 27 6 8 7 1 1 1 1 0 2.08 1 1 1 1 
1033 0 0 1 1 1 1 4 0 4 0 1 0 0 1 1 0 1 0 0 0 1 37 4 10 7 1 23 5 7 6 1 1 1 1 0 2.3 1 1 1 1 
859 0 0 2 2 2 2 7 0 7 0 1 0 0 2 2 2 2 0 0 1 1 71 7 24 11 9 40 13 18 11 7 3 3 3 2 1.67 4 4 4 4 
873 0 0 3 3 3 1 14 0 14 0 1 0 0 2 2 1 2 0 0 0 2 78 6 42 22 20 30 28 35 22 13 5 5 5 3 0.71 6 6 6 2 
872 0 0 1 1 1 1 4 0 4 0 1 0 0 2 2 1 2 0 0 1 1 60 7 19 13 3 34 11 14 11 3 1 1 1 0 1.79 2 2 2 2 
877 0 0 2 2 2 1 6 0 6 0 1 0 0 2 2 1 2 0 0 0 2 57 6 21 12 7 30 14 18 12 6 2 2 2 1 1.43 3 3 3 2 
861 0 0 2 2 2 1 12 0 11 1 1 0 0 1 1 0 1 0 0 0 1 54 4 20 12 7 30 11 14 11 3 2 2 2 1 1.5 2 2 2 1 
866 0 0 2 2 2 1 11 0 10 1 1 0 0 1 1 0 1 0 0 0 1 52 4 19 12 6 29 11 14 11 3 2 2 2 1 1.53 2 2 2 1 
863 0 0 1 1 1 1 4 0 4 0 1 0 0 2 2 1 2 0 0 0 2 53 6 16 11 2 31 7 10 8 2 1 1 1 0 1.94 2 2 2 2 
881 0 0 1 1 2 1 5 0 5 0 1 0 0 2 2 2 2 0 0 0 2 60 7 19 12 4 34 9 12 9 3 1 1 2 0 1.79 2 2 3 2 
870 0 0 1 1 1 1 6 0 6 0 1 0 0 1 1 0 1 0 0 0 1 46 4 13 10 1 29 6 8 7 1 1 1 1 0 2.23 1 1 1 1 
867 0 0 3 3 3 2 11 0 10 0 1 0 0 4 4 1 4 0 0 0 4 119 8 61 31 26 50 32 41 26 15 3 3 3 2 0.82 10 10 10 6 
869 0 0 2 2 2 1 12 0 11 0 1 0 0 4 4 3 4 0 2 0 2 139 14 67 36 26 58 39 49 30 19 4 4 4 3 0.87 8 8 9 4 
875 0 0 2 2 2 1 7 0 7 0 1 0 0 2 2 0 2 0 0 0 2 55 5 22 13 6 28 10 14 10 4 2 2 2 1 1.27 3 3 3 2 
868 0 0 1 1 1 1 4 0 4 0 1 0 0 3 3 2 3 0 0 2 1 69 8 21 10 7 40 10 15 10 5 2 2 2 1 1.9 4 4 4 3 
878 0 0 2 2 2 1 6 0 6 0 1 0 0 2 2 1 2 0 0 0 2 57 6 21 12 7 30 14 18 12 6 2 2 2 1 1.43 3 3 3 2 
894 0 0 1 1 1 1 1 0 1 0 1 0 0 7 7 0 7 7 0 0 0 96 10 13 12 0 73 11 12 12 0 1 1 1 0 5.62 7 7 7 7 
890 0 0 1 1 1 1 4 0 4 0 5 0 1 35 35 3 35 1 0 0 34 272 43 177 70 73 52 78 126 70 56 5 5 5 3 0.29 44 44 44 39 
893 0 0 2 2 2 1 6 0 6 0 1 0 0 4 4 3 4 0 0 0 4 90 10 33 14 14 47 18 25 14 11 2 2 2 1 1.42 6 6 6 4 
891 0 0 1 1 1 1 3 0 3 0 1 0 0 5 5 1 5 0 0 0 5 82 9 25 13 7 48 12 18 12 6 1 1 1 0 1.92 5 5 5 5 
892 0 0 1 1 1 1 6 0 6 0 1 0 0 7 7 1 7 0 0 0 7 109 11 54 18 23 44 21 37 18 19 3 3 3 1 0.81 10 10 10 9 
579 0 0 2 2 2 1 8 0 7 0 1 0 2 6 6 4 6 1 0 0 5 124 17 57 21 29 50 29 42 21 21 7 7 8 5 0.88 12 12 13 6 
574 0 0 2 2 2 1 7 0 7 0 1 0 1 6 6 3 6 0 1 0 5 96 9 54 15 29 33 28 41 16 25 3 3 3 2 0.61 12 12 12 8 
577 0 0 1 1 1 1 4 0 4 0 1 0 0 4 4 2 4 0 0 0 4 58 6 22 10 8 30 12 17 10 7 1 1 1 0 1.36 4 4 4 4 
575 0 0 1 1 1 1 1 0 1 0 1 0 0 3 3 0 3 3 0 0 0 46 6 7 6 0 33 5 6 6 0 1 1 1 0 4.71 3 3 3 3 
576 0 0 2 2 3 1 8 0 8 0 1 0 0 4 4 4 4 0 0 0 4 80 10 42 12 25 28 21 30 12 18 5 5 7 2 0.67 9 9 11 4 
578 0 0 2 2 2 1 5 0 5 0 1 0 0 4 4 1 4 0 0 0 4 62 8 26 9 10 28 10 17 9 8 2 2 2 1 1.08 6 6 6 4 
901 0 0 1 1 1 1 3 0 3 0 1 1 0 4 3 1 4 0 0 1 3 75 8 20 11 4 47 10 15 11 4 1 1 1 0 2.35 4 4 4 4 
895 0 0 3 3 3 1 12 0 11 0 1 0 0 3 3 5 3 0 1 0 2 120 11 51 26 23 58 30 41 24 17 4 4 4 2 1.14 8 8 8 3 
902 0 0 3 3 3 1 15 0 14 1 1 0 0 2 2 3 2 0 0 0 2 97 9 42 24 17 46 24 30 20 10 3 3 3 2 1.1 5 5 5 2 
906 0 0 4 4 4 1 16 0 16 0 1 0 0 2 2 5 2 0 0 0 2 107 10 48 25 21 49 27 37 23 14 5 5 5 3 1.02 7 7 7 2 
903 0 0 1 1 1 1 1 0 1 0 1 0 0 3 3 0 3 0 0 0 3 51 6 10 9 0 35 7 8 8 0 1 1 1 0 3.5 3 3 3 3 
896 0 0 4 4 4 1 15 0 15 0 1 0 0 3 3 6 3 0 1 0 2 133 12 61 27 31 60 34 49 26 23 5 5 5 3 0.98 11 11 11 3 
904 0 0 3 3 3 1 15 0 14 1 1 0 0 2 2 2 2 0 0 0 2 93 8 41 23 17 44 23 29 19 10 3 3 3 2 1.07 5 5 5 2 
897 0 0 2 2 2 1 13 0 12 0 1 0 0 2 2 4 2 0 0 0 2 97 9 40 26 14 48 24 29 20 9 3 3 3 2 1.2 4 4 4 2 
898 0 0 3 3 4 2 25 0 22 1 2 3 0 13 10 10 13 0 1 2 10 364 26 232 77 142 106 124 159 69 90 7 7 12 3 0.46 35 35 54 22 
900 0 0 2 2 2 1 10 0 10 0 1 0 0 2 2 2 2 0 0 0 2 77 7 32 20 10 38 17 23 16 7 3 3 3 2 1.19 4 4 4 2 
905 0 0 2 2 2 1 7 0 7 0 1 0 0 2 2 2 2 0 0 0 2 69 7 25 16 7 37 14 18 13 5 2 2 2 1 1.48 3 3 3 2 
899 0 0 3 3 3 2 14 0 13 1 1 0 0 2 2 1 2 0 0 0 2 93 6 35 14 21 52 21 28 14 14 3 3 3 1 1.49 6 6 6 4 
918 1 2 2 2 2 1 6 0 5 0 1 2 3 9 7 5 9 5 0 0 4 127 18 76 40 35 33 49 63 39 24 3 3 5 1 0.43 14 14 16 11 
838 1 2 3 3 4 1 17 1 14 0 1 0 5 7 7 1 7 0 0 0 7 207 27 134 63 69 46 72 96 55 41 6 6 9 3 0.34 21 21 27 7 
921 1 2 2 2 2 1 6 0 6 0 1 1 0 7 6 4 7 2 1 0 4 113 13 59 27 24 41 33 45 25 20 4 4 5 1 0.69 12 12 13 9 
919 0 0 1 1 1 1 1 0 1 0 1 0 0 2 2 0 2 0 0 0 2 30 5 6 6 0 19 5 6 6 0 1 1 1 0 3.17 2 2 2 2 
920 0 0 4 4 4 1 18 0 15 2 3 0 2 13 13 7 13 0 6 0 7 351 28 239 83 140 86 123 173 84 89 11 8 11 5 0.36 50 46 53 19 
173 0 0 1 1 1 1 4 0 4 0 1 0 0 8 8 7 8 0 0 0 8 159 19 52 29 14 88 28 37 23 14 1 1 1 0 1.69 8 8 8 8 
753 0 0 1 1 1 1 4 0 3 0 1 0 1 12 12 0 12 0 0 4 8 182 26 65 32 26 91 47 56 31 25 1 1 1 0 1.4 12 12 12 12 
172 0 0 1 1 1 1 1 0 1 0 1 0 0 10 10 3 10 10 0 0 0 195 16 27 26 3 152 22 23 23 0 1 1 1 0 5.63 10 10 10 10 
180 0 0 1 1 1 1 4 0 4 0 1 0 1 5 5 0 5 0 0 0 5 60 8 26 10 9 26 10 18 10 8 3 3 3 1 1 7 7 7 7 
720 1 4 2 2 2 1 9 0 8 0 3 1 2 33 32 13 33 0 4 4 25 549 58 342 110 182 149 175 243 100 143 7 7 8 3 0.44 68 68 74 37 
751 0 0 1 1 1 1 1 0 1 0 1 0 0 8 8 0 8 8 0 0 0 104 11 19 18 0 74 17 18 18 0 1 1 1 0 3.89 8 8 8 8 
174 0 0 0 0 0 0 0 0 0 0 1 0 0 0 0 5 0 0 0 0 0 53 6 8 7 5 39 6 7 7 0 0 0 0 0 4.88 0 0 0 0 
538 0 0 1 1 2 1 6 0 5 0 1 0 1 11 11 2 11 0 1 0 10 137 20 82 42 30 35 41 60 40 20 4 4 7 3 0.43 16 16 24 11 
176 0 0 1 1 1 1 4 0 4 0 1 0 1 5 5 0 5 0 0 0 5 60 8 26 10 9 26 10 18 10 8 3 3 3 1 1 7 7 7 7 
175 0 0 2 2 2 1 5 0 5 0 1 0 0 5 5 1 5 0 0 0 5 68 8 31 11 12 29 13 22 11 11 3 3 3 1 0.94 8 8 8 7 
730 4 6 3 3 3 1 11 0 10 0 1 0 4 26 26 11 26 0 0 15 11 777 53 323 98 186 402 161 232 93 139 14 14 15 4 1.24 77 77 87 35 
722 0 0 1 1 1 1 1 0 1 0 1 0 0 3 3 0 3 3 0 0 0 59 5 8 7 0 46 6 7 7 0 1 1 1 0 5.75 3 3 3 3 
733 0 0 3 3 3 2 12 0 11 0 1 0 0 6 6 4 6 0 1 0 5 165 16 86 39 39 63 43 61 34 27 5 5 5 4 0.73 16 16 18 10 
723 0 0 1 1 1 1 1 0 1 0 1 0 0 2 2 0 2 2 0 0 0 59 5 7 6 0 47 5 6 6 0 1 1 1 0 6.71 2 2 2 2 
727 0 0 6 6 7 1 27 1 23 2 1 0 1 2 2 5 2 0 0 0 2 121 9 69 30 36 43 43 57 29 28 9 9 11 3 0.62 12 12 14 2 
729 0 0 1 1 1 1 3 0 3 0 1 0 0 2 2 1 2 0 0 0 2 47 5 13 8 2 29 7 10 8 2 1 1 1 0 2.23 2 2 2 2 
731 1 3 2 2 2 1 8 0 8 0 1 2 1 10 8 4 10 0 2 0 8 205 19 100 39 49 86 55 76 37 39 4 4 5 2 0.86 19 19 22 12 
721 2 4 3 3 4 2 12 0 12 0 1 0 1 4 4 2 4 0 0 4 0 146 10 73 36 32 63 39 52 31 21 3 3 4 2 0.86 12 12 14 8 
726 0 0 2 2 2 1 4 0 4 0 1 0 0 2 2 1 2 0 0 0 2 58 5 14 7 3 39 6 10 7 3 2 2 2 1 2.79 3 3 3 2 
725 0 0 2 2 2 1 7 0 6 0 1 0 0 4 4 1 4 0 0 1 3 70 8 33 14 14 29 15 22 13 9 3 3 3 2 0.88 6 6 6 4 
728 0 0 3 3 3 1 12 0 11 0 1 0 1 4 4 4 4 0 0 1 3 111 15 67 33 32 29 41 51 30 21 6 6 7 2 0.43 11 11 12 4 
724 0 0 1 1 1 1 3 0 3 0 1 0 0 8 8 4 8 0 0 0 8 66 12 34 17 8 20 16 25 17 8 1 1 1 0 0.59 8 8 8 8 
732 1 1 4 4 4 2 11 0 11 0 1 0 1 3 3 1 3 1 0 0 2 112 8 48 16 25 56 24 34 16 18 5 5 6 2 1.17 11 11 13 6 
966 0 0 2 2 2 1 5 0 4 0 1 0 1 7 7 2 7 0 0 3 4 139 15 57 34 18 67 32 41 28 13 5 5 5 2 1.18 11 11 11 7 
773 0 0 1 1 2 1 6 0 6 0 3 0 1 17 17 6 17 0 0 4 13 199 19 100 31 45 80 45 71 39 32 3 3 4 2 0.8 24 24 26 19 
780 0 0 1 1 1 1 5 0 5 0 2 0 1 14 14 6 14 0 0 3 11 171 24 89 36 41 58 46 66 35 31 3 3 6 1 0.65 17 17 20 16 
770 0 0 0 0 0 0 0 0 0 0 1 0 0 0 0 12 0 0 0 0 0 86 10 17 17 12 59 16 17 17 0 0 0 0 0 3.47 0 0 0 0 
765 0 0 1 1 1 1 1 0 1 0 1 0 0 6 6 0 6 6 0 0 0 153 9 22 21 0 122 14 15 15 0 1 1 1 0 5.55 6 6 6 6 
772 0 0 2 2 2 1 7 0 7 0 1 0 0 11 11 7 11 0 0 3 8 221 24 99 37 46 98 50 73 35 38 6 6 6 2 0.99 20 20 23 13 
785 0 0 1 1 1 1 1 0 1 0 1 0 0 7 7 0 7 7 0 0 0 136 11 18 17 0 107 16 17 17 0 1 1 1 0 5.94 7 7 7 7 
776 0 0 1 1 1 1 1 0 1 0 1 0 0 3 3 0 3 3 0 0 0 75 6 9 8 0 60 7 8 8 0 1 1 1 0 6.67 3 3 3 3 
778 0 0 2 2 3 1 11 0 10 1 1 0 1 3 3 2 3 0 0 0 3 96 9 48 25 19 40 31 38 24 14 3 3 5 2 0.83 6 6 8 3 
768 0 0 1 1 1 1 1 0 1 0 1 0 0 4 4 0 4 4 0 0 0 75 9 11 11 0 55 10 11 11 0 1 1 1 0 5 4 4 4 4 
790 0 0 1 1 1 1 1 0 1 0 1 0 0 4 4 0 4 4 0 0 0 75 7 9 8 0 59 7 8 8 0 1 1 1 0 6.56 4 4 4 4 
775 0 0 2 2 2 1 4 0 4 0 1 0 0 2 2 1 2 0 0 0 2 41 6 14 7 4 21 7 11 7 4 2 2 2 1 1.5 3 3 3 2 
774 0 0 1 1 1 1 3 0 3 0 1 1 14 1 0 0 1 0 0 0 1 67 16 19 17 15 32 16 18 17 1 1 1 1 0 1.68 1 1 1 1 
771 0 0 3 3 4 1 13 0 12 0 3 4 36 21 17 10 21 1 5 0 15 526 49 356 106 228 121 176 256 108 148 17 17 19 3 0.34 73 73 76 25 
779 0 0 1 1 1 1 4 0 4 0 1 0 0 13 13 3 13 0 0 0 13 147 21 80 37 29 46 41 59 34 25 3 3 3 2 0.57 16 16 16 13 
789 0 0 1 1 1 1 1 0 1 0 1 0 0 3 3 0 3 3 0 0 0 59 5 11 10 0 43 8 9 9 0 1 1 1 0 3.91 3 3 3 3 
787 0 0 2 2 3 1 10 0 9 0 1 3 2 16 13 3 16 2 7 1 6 348 30 186 80 98 133 111 147 82 65 6 6 6 2 0.72 38 38 40 16 
786 1 4 3 3 4 1 17 0 13 3 3 2 1 21 19 6 21 1 9 2 9 604 48 337 130 200 219 181 249 129 120 15 10 18 5 0.65 68 63 75 28 
788 1 3 2 2 3 1 11 0 9 1 2 0 1 18 18 3 18 4 3 2 9 388 39 210 88 110 140 109 154 80 74 10 10 10 4 0.67 43 43 47 25 
767 0 0 3 3 3 2 11 0 10 1 1 0 1 7 7 1 7 1 0 0 6 147 13 86 30 44 48 42 68 35 33 3 3 4 2 0.56 19 19 21 11 
766 0 0 2 2 3 1 10 0 9 1 2 0 1 12 12 2 12 0 1 1 10 245 22 147 59 69 76 77 113 60 53 4 4 4 2 0.52 28 28 30 16 
782 0 0 3 3 3 1 14 0 12 1 2 3 2 21 18 2 21 3 9 1 8 450 39 293 102 171 119 159 222 105 117 8 8 8 3 0.41 63 63 68 27 
781 0 0 3 3 3 1 16 1 13 1 3 2 3 17 15 5 17 0 7 1 9 456 47 292 118 164 117 154 207 108 99 10 8 11 3 0.4 54 49 58 25 
783 0 0 2 2 2 1 9 0 8 0 2 0 3 19 19 6 19 6 2 2 9 341 39 198 87 94 105 106 144 76 68 6 6 7 4 0.53 37 37 42 23 
784 0 0 2 2 2 2 7 0 6 0 1 2 3 9 7 1 9 3 3 0 3 126 20 72 22 36 34 33 53 23 30 4 4 5 2 0.47 19 19 21 17 
745 0 0 1 1 1 1 3 0 3 0 1 0 1 9 9 3 9 2 0 0 7 92 14 45 21 16 33 24 35 21 14 2 2 2 1 0.73 11 11 11 9 
748 0 0 2 2 2 1 5 0 4 0 1 0 1 8 8 2 8 0 0 5 3 131 16 47 18 20 68 23 35 18 17 3 3 3 2 1.45 12 12 12 8 
742 0 0 1 1 2 1 3 0 3 0 1 0 0 4 4 1 4 0 0 0 4 48 7 20 8 6 21 8 14 8 6 2 2 2 1 1.05 5 5 6 4 
743 0 0 3 3 3 2 15 0 13 1 2 0 1 14 14 7 14 0 4 2 8 387 34 227 76 130 127 114 156 71 85 5 5 7 4 0.56 38 36 42 27 
739 0 0 1 1 1 1 2 0 2 0 1 1 2 9 8 0 9 0 1 0 8 67 13 32 15 10 22 13 23 15 8 1 1 2 0 0.69 9 9 10 9 
968 0 0 1 1 1 1 2 0 2 0 1 0 1 8 8 1 8 0 0 0 8 108 14 31 16 8 63 14 23 16 7 2 2 2 0 2.03 9 9 9 8 
747 0 0 2 2 2 1 5 0 4 0 1 0 1 5 5 1 5 0 0 0 5 89 12 32 12 12 45 14 23 12 11 3 3 3 1 1.41 8 8 9 7 
749 0 0 1 1 1 1 3 0 3 0 1 0 1 3 3 0 3 0 0 0 3 67 8 20 14 4 39 12 16 13 3 1 1 1 0 1.95 3 3 3 3 
738 0 0 2 2 2 1 6 0 6 0 6 0 0 27 27 8 27 0 8 1 18 337 39 194 70 90 104 88 143 74 69 4 4 5 3 0.54 45 45 48 34 
740 0 0 1 1 1 1 1 0 1 0 1 0 0 8 8 0 8 8 0 0 0 124 11 15 14 0 98 13 14 14 0 1 1 1 0 6.53 8 8 8 8 
744 0 0 1 1 1 1 1 0 1 0 1 0 0 4 4 0 4 4 0 0 0 64 6 9 8 0 49 7 8 8 0 1 1 1 0 5.44 4 4 4 4 
750 0 0 2 2 2 2 9 0 9 0 1 0 1 6 6 2 6 0 1 0 5 136 14 69 26 36 53 33 47 25 22 6 6 6 1 0.77 13 13 13 11 
969 0 0 1 1 1 1 3 0 3 0 1 0 0 1 1 0 1 0 0 0 1 27 2 5 3 1 20 2 4 3 1 1 1 1 0 4 1 1 1 1 
736 0 0 2 2 3 2 9 0 7 0 1 0 1 21 21 8 21 0 1 4 16 340 44 197 62 94 99 97 146 59 87 5 5 7 3 0.5 48 48 54 34 
735 0 0 2 2 2 1 6 0 6 0 2 0 1 6 6 0 6 0 0 4 2 98 8 48 23 20 42 27 37 25 12 2 2 3 1 0.88 9 9 10 6 
734 0 0 3 2 3 1 11 0 10 0 2 0 1 19 19 9 19 0 2 1 16 390 43 250 97 127 97 141 191 98 93 12 12 13 3 0.39 48 46 53 27 
967 0 0 1 1 1 1 3 0 2 0 1 0 0 3 3 0 3 0 0 0 3 55 6 15 11 1 34 7 11 10 1 1 1 1 0 2.27 3 3 3 3 
761 1 3 3 3 3 1 10 0 9 0 3 1 1 25 24 3 25 4 5 2 14 462 29 272 90 145 161 127 189 88 101 7 7 8 3 0.59 63 63 71 32 
755 0 0 3 3 3 2 11 0 10 0 2 0 1 17 17 2 17 0 5 1 11 357 34 214 70 116 111 107 160 76 84 9 9 10 6 0.52 49 49 54 36 
758 0 0 4 4 4 2 17 1 15 0 1 0 1 7 7 2 7 1 2 0 4 196 23 135 51 79 38 79 108 55 53 5 5 7 3 0.28 25 25 29 12 
762 2 3 3 3 3 1 12 0 12 0 1 1 0 7 6 1 7 1 3 0 3 174 12 106 41 61 58 63 82 36 46 7 7 7 3 0.55 18 18 18 7 
757 0 0 1 1 1 1 4 0 4 0 1 0 0 9 9 5 9 5 0 0 4 161 18 55 29 20 88 32 42 26 16 3 3 3 1 1.6 12 12 12 9 
759 1 3 4 4 4 2 14 0 14 0 1 2 1 9 7 0 9 1 5 0 3 251 15 153 58 81 86 66 99 48 51 10 10 12 8 0.56 34 34 39 16 
756 1 4 4 4 4 2 15 0 13 2 2 2 1 20 18 11 20 0 6 2 12 509 38 319 108 175 154 161 233 105 128 19 19 20 6 0.48 74 74 83 36 
763 0 0 0 0 0 0 0 0 0 0 1 0 0 0 0 18 0 0 0 0 0 76 10 23 23 18 43 22 23 23 0 0 0 0 0 1.87 0 0 0 0 
760 1 3 2 2 2 1 6 0 5 0 2 1 0 10 9 2 10 1 0 1 8 143 14 78 29 33 51 36 54 29 25 3 3 3 2 0.65 18 18 18 14 
970 1 2 7 7 8 3 34 3 26 5 4 2 8 10 8 8 10 0 3 0 7 552 58 321 98 201 176 171 245 103 142 29 29 31 6 0.55 70 66 76 30 
754 1 4 3 3 3 1 13 0 10 2 3 1 10 47 46 14 47 9 15 2 21 1297 103 566 171 330 630 286 414 168 246 9 9 10 4 1.11 133 131 153 64 
971 0 0 1 1 1 1 3 0 3 0 1 0 0 4 4 1 4 0 0 0 4 79 8 22 14 5 49 11 16 12 4 1 1 1 0 2.23 4 4 4 4 
460 0 0 1 1 1 1 1 0 1 0 1 0 0 6 6 0 6 6 0 0 0 61 9 9 8 0 43 7 8 8 0 1 1 1 0 4.78 6 6 6 6 
461 0 0 1 1 1 1 1 0 1 0 1 0 0 2 2 1 2 2 0 0 0 40 5 6 5 1 29 4 5 5 0 1 1 1 0 4.83 2 2 2 2 
459 1 3 2 2 2 1 8 0 7 1 2 0 6 20 20 11 20 7 1 0 12 305 43 175 62 101 87 80 127 62 65 14 14 15 3 0.5 35 35 36 22 
46 0 0 2 2 2 1 8 0 7 0 1 0 0 22 22 4 22 0 0 0 22 397 33 180 40 99 184 75 138 51 87 7 7 7 3 1.02 47 47 51 22 
848 0 0 2 2 2 1 7 0 6 0 2 0 0 50 50 4 50 10 2 1 37 574 73 373 102 199 128 159 264 102 162 9 9 9 3 0.34 98 98 104 68 
849 0 0 2 2 2 1 7 0 6 0 1 0 0 7 7 4 7 1 0 0 6 94 13 57 17 28 25 28 42 17 25 4 4 5 1 0.44 13 13 15 9 
707 2 4 2 2 3 2 8 0 8 0 4 0 0 13 13 5 13 1 2 5 5 225 27 131 39 76 72 64 95 39 56 6 6 7 2 0.55 28 28 36 24 
708 0 0 3 3 3 2 15 0 13 1 4 2 1 16 14 11 16 2 4 0 10 395 39 254 65 151 102 126 176 65 111 6 6 6 4 0.4 48 48 51 35 
706 0 0 1 1 1 1 1 0 1 0 3 0 0 5 5 0 5 5 0 0 0 91 12 13 10 0 66 7 10 10 0 1 1 1 0 5.08 5 5 5 5 
933 0 0 1 1 1 1 1 0 1 0 1 0 0 1 1 0 1 1 0 0 0 39 4 5 4 0 30 3 4 4 0 1 1 1 0 6 1 1 1 1 
25 0 0 2 2 2 1 5 0 5 0 1 0 8 30 30 5 30 4 0 10 16 424 41 181 54 99 202 76 118 54 64 8 3 8 2 1.12 56 46 58 30 
45 0 0 1 1 1 1 1 0 1 0 1 0 0 9 9 0 9 9 0 0 0 97 10 13 12 0 74 11 12 12 0 1 1 1 0 5.69 9 9 9 9 
462 0 0 1 1 1 1 1 0 1 0 1 0 0 1 1 0 1 1 0 0 0 30 2 4 3 0 24 2 3 3 0 1 1 1 0 6 1 1 1 1 
33 0 0 1 1 1 1 3 0 3 0 1 0 0 2 2 0 2 0 0 0 2 47 4 9 4 2 34 3 6 4 2 1 1 1 0 3.78 2 2 2 2 
26 0 0 1 1 1 1 1 0 1 0 1 0 0 4 4 0 4 4 0 0 0 57 5 7 6 0 45 5 6 6 0 1 1 1 0 6.43 4 4 4 4 
27 0 0 1 1 1 1 1 0 1 0 1 0 0 4 4 0 4 4 0 0 0 65 6 11 10 0 48 7 8 8 0 1 1 1 0 4.36 4 4 4 4 
30 0 0 2 1 2 1 5 0 5 0 1 0 1 13 13 1 13 0 1 1 11 138 18 87 29 44 33 46 64 30 34 9 3 9 1 0.38 23 17 23 13 
44 0 0 1 1 1 1 5 0 4 1 1 0 1 12 12 2 12 0 0 0 12 179 19 59 23 24 101 31 45 23 22 2 2 2 1 1.71 13 13 13 12 
29 0 0 1 1 1 1 3 0 3 0 1 0 0 1 1 0 1 0 0 0 1 37 3 7 4 1 27 3 5 4 1 1 1 1 0 3.86 1 1 1 1 
31 0 0 1 1 1 1 1 0 1 0 1 0 0 9 9 0 9 9 0 0 0 105 11 15 14 0 79 13 14 14 0 1 1 1 0 5.27 9 9 9 9 
39 0 0 2 2 2 1 10 0 8 1 1 1 0 29 28 6 29 0 0 5 24 551 59 259 72 142 233 114 177 58 119 5 5 6 3 0.9 61 61 64 32 
63 0 0 1 1 2 1 6 0 6 0 2 0 2 21 21 8 21 0 3 0 18 294 36 159 48 77 99 66 112 48 64 3 3 4 2 0.62 31 31 32 21 
463 0 0 1 1 1 1 4 0 4 0 1 0 0 2 2 1 2 0 0 0 2 48 5 13 6 5 30 7 10 6 4 1 1 1 0 2.31 2 2 2 2 
850 0 0 1 1 2 1 6 0 6 0 3 0 3 26 26 4 26 3 1 0 22 365 40 163 46 94 162 76 115 50 65 4 4 7 2 0.99 37 37 41 28 
32 0 0 1 1 1 1 3 0 3 0 1 0 0 2 2 0 2 0 0 0 2 47 4 9 4 2 34 3 6 4 2 1 1 1 0 3.78 2 2 2 2 
35 0 0 1 1 1 1 3 0 3 0 1 0 1 9 9 2 9 0 0 0 9 119 17 39 20 11 63 19 29 20 9 1 1 1 0 1.62 9 9 9 9 
28 1 7 2 2 2 1 8 0 7 0 1 0 0 51 51 9 51 0 0 4 47 897 80 384 105 207 433 173 274 104 170 15 15 17 6 1.13 95 95 100 62 
36 0 0 1 1 1 1 1 0 1 0 1 0 0 4 4 0 4 4 0 0 0 67 6 10 9 0 51 7 8 8 0 1 1 1 0 5.1 4 4 4 4 
464 0 0 5 5 6 3 28 3 16 8 2 1 0 5 4 0 5 5 0 0 0 197 23 95 23 53 79 35 69 29 40 22 22 26 6 0.83 26 26 30 15 
24 0 0 1 1 1 1 4 0 4 0 1 0 0 15 15 4 15 0 0 1 14 215 23 73 29 27 119 36 54 28 26 2 2 2 1 1.63 16 16 16 15 
37 1 6 2 2 2 2 12 0 10 2 3 1 1 56 55 7 56 0 0 1 55 1137 114 580 180 333 443 267 408 163 245 19 19 20 5 0.76 128 128 136 86 
40 5 8 3 3 4 2 17 1 14 1 3 0 1 55 55 19 55 0 18 3 34 1476 157 807 203 493 512 375 578 203 375 20 20 21 5 0.63 178 178 194 90 
43 0 0 1 1 1 1 3 0 3 0 1 0 0 2 2 0 2 0 0 0 2 48 4 9 4 2 35 3 6 4 2 1 1 1 0 3.89 2 2 2 2 
42 0 0 3 3 3 1 8 0 8 0 1 0 0 11 11 2 11 0 1 0 10 194 18 101 31 50 75 36 78 40 38 4 4 4 2 0.74 32 32 32 13 
38 0 0 1 1 1 1 1 0 1 0 1 0 0 9 9 0 9 9 0 0 0 123 12 19 18 0 92 13 14 14 0 1 1 1 0 4.84 9 9 9 9 
64 0 0 4 4 4 2 15 0 14 0 3 1 2 24 23 5 24 0 6 2 16 598 41 366 100 209 191 158 257 101 156 18 18 19 6 0.52 93 93 107 52 
929 0 0 4 4 4 2 16 0 15 1 2 3 7 14 11 6 14 0 10 0 4 321 22 221 52 138 78 109 160 56 104 8 8 9 4 0.35 51 51 52 22 
129 0 0 1 1 1 1 5 0 5 0 1 0 2 8 8 2 8 0 0 0 8 160 17 65 34 28 78 40 50 32 18 3 3 3 1 1.2 10 10 10 8 
128 0 0 3 3 3 2 11 0 10 0 1 0 1 8 8 2 8 0 0 0 8 223 19 103 38 55 101 56 78 40 38 6 6 7 2 0.98 22 22 24 12 
127 0 0 1 1 1 1 1 0 1 0 1 0 0 1 1 0 1 1 0 0 0 35 2 5 4 0 28 3 4 4 0 1 1 1 0 5.6 1 1 1 1 
846 0 0 1 1 1 1 3 0 3 0 1 0 2 11 11 0 11 0 2 0 9 125 18 43 20 13 64 19 31 20 11 1 1 1 0 1.49 11 11 11 11 
130 0 0 1 1 1 1 3 0 3 0 1 0 0 6 6 2 6 0 0 0 6 106 11 30 16 9 65 16 23 16 7 1 1 1 0 2.17 6 6 6 6 
558 0 0 3 3 3 1 16 0 13 1 1 0 2 7 7 5 7 0 2 0 5 240 23 115 27 68 102 46 69 26 43 6 6 6 2 0.89 21 21 21 7 
930 0 0 1 1 1 1 1 0 1 0 1 0 0 3 3 0 3 3 0 0 0 52 5 7 6 0 40 5 6 6 0 1 1 1 0 5.71 3 3 3 3 
931 0 0 1 1 1 1 1 0 1 0 1 0 0 1 1 0 1 1 0 0 0 41 3 5 4 0 33 3 4 4 0 1 1 1 0 6.6 1 1 1 1 
847 0 0 1 1 1 1 1 0 1 0 1 0 0 2 2 0 2 2 0 0 0 46 4 5 4 0 37 3 4 4 0 1 1 1 0 7.4 2 2 2 2 
972 0 0 1 1 1 1 4 0 4 0 1 0 0 11 11 3 11 0 0 0 11 139 17 59 22 25 63 27 43 22 21 2 2 2 1 1.07 15 15 15 11 
981 0 0 2 2 2 1 9 0 8 1 1 0 2 4 4 4 4 0 1 0 3 113 13 51 24 23 49 30 41 25 16 4 4 5 4 0.96 8 8 9 4 
978 0 0 3 3 4 2 15 0 15 0 1 1 1 12 11 6 12 0 6 0 6 360 26 208 56 132 128 97 141 50 91 6 6 7 3 0.62 38 38 44 25 
975 0 0 2 2 2 1 12 0 11 0 5 0 3 22 22 5 22 0 4 9 9 473 38 267 67 177 169 135 190 70 120 6 6 9 4 0.63 49 49 54 28 
982 0 0 1 1 1 1 3 0 3 0 1 0 0 9 9 3 9 0 0 0 9 108 15 39 18 11 54 19 29 18 11 1 1 1 0 1.38 9 9 9 9 
977 0 0 1 1 1 1 1 0 1 0 1 0 0 1 1 0 1 1 0 0 0 30 2 4 3 0 24 2 3 3 0 1 1 1 0 6 1 1 1 1 
976 0 0 3 3 3 1 9 0 9 0 1 3 1 4 1 0 4 0 1 0 3 98 8 48 13 24 42 19 31 13 18 7 7 7 2 0.88 11 11 11 4 
974 0 0 3 3 3 2 24 1 16 6 1 0 2 2 2 0 2 0 0 0 2 97 11 44 15 25 42 24 32 15 17 5 5 5 2 0.95 6 6 6 4 
973 0 0 3 3 3 1 17 0 15 1 1 0 1 5 5 3 5 0 2 1 2 168 14 99 42 56 55 58 75 40 35 7 7 8 3 0.56 13 13 14 5 
983 0 0 2 2 2 1 8 0 7 1 1 0 1 3 3 0 3 0 0 1 2 82 8 32 15 14 42 15 21 14 7 3 3 3 2 1.31 5 5 5 3 
980 0 0 1 1 1 1 6 0 6 0 1 1 0 3 2 3 3 0 1 0 2 69 8 30 15 11 31 18 23 15 8 2 2 2 1 1.03 4 4 4 3 
979 0 0 1 1 1 1 3 0 3 0 1 0 0 3 3 2 3 0 0 0 3 47 6 16 8 4 25 8 12 8 4 1 1 1 0 1.56 3 3 3 3 
68 0 0 1 1 1 1 3 0 3 0 1 0 0 7 7 0 7 3 0 0 4 95 13 32 17 12 50 19 25 17 8 3 3 3 3 1.56 9 9 9 9 
711 0 0 1 1 1 1 4 0 3 0 1 4 2 15 11 2 15 7 2 0 6 138 24 74 34 29 40 37 55 34 21 2 2 4 1 0.54 17 17 19 15 
712 0 0 2 2 2 1 6 0 5 0 1 3 4 12 9 1 12 5 1 0 6 175 21 85 32 44 69 47 67 34 33 4 4 4 2 0.81 19 19 19 14 
709 0 0 2 2 2 1 6 0 5 0 1 1 2 10 9 2 10 3 1 0 6 142 20 71 26 33 51 31 48 25 23 3 3 4 2 0.72 16 16 17 12 
710 0 0 2 2 2 1 6 0 6 0 1 2 1 13 11 3 13 4 2 0 7 179 19 106 34 53 54 51 75 34 41 4 4 6 2 0.51 22 22 25 15 
916 0 0 1 1 1 1 3 0 3 0 1 0 0 3 3 1 3 2 0 0 1 55 7 19 11 5 29 11 15 11 4 2 2 2 0 1.53 4 4 4 3 
67 0 0 3 2 3 2 8 0 8 0 1 26 4 49 23 0 49 3 13 0 33 739 61 443 111 264 235 194 287 109 178 26 15 26 4 0.53 126 93 130 107 
950 0 0 1 1 1 1 3 0 3 0 1 1 1 15 14 1 15 1 0 2 12 109 20 69 35 20 20 35 52 35 17 2 2 2 1 0.29 16 16 16 15 
949 0 0 1 1 1 1 4 0 4 0 2 0 1 21 21 4 21 4 2 2 13 209 34 113 36 52 62 48 79 36 43 3 3 3 2 0.55 29 29 29 21 
948 0 0 3 3 3 3 11 0 10 0 1 0 1 6 6 1 6 0 0 0 6 127 11 84 30 44 32 42 60 30 30 5 5 5 3 0.38 18 18 19 18 
166 0 0 2 2 2 1 6 0 6 0 1 1 0 9 8 2 9 0 0 0 9 177 16 65 24 35 96 34 50 24 26 5 5 6 2 1.48 15 15 17 11 
943 0 0 1 1 1 1 1 0 1 0 1 0 0 2 2 0 2 2 0 0 0 44 5 6 6 0 33 4 5 5 0 1 1 1 0 5.5 2 2 2 2 
941 0 0 2 2 2 1 10 0 9 0 1 1 0 8 7 0 8 1 0 0 7 168 17 86 36 42 65 45 66 35 31 4 4 4 3 0.76 17 17 17 8 
945 0 0 1 1 1 1 1 0 1 0 1 0 0 3 3 0 3 3 0 0 0 59 6 7 7 0 46 6 7 7 0 1 1 1 0 6.57 3 3 3 3 
947 0 0 2 2 2 1 6 0 6 0 1 0 0 4 4 0 4 1 0 0 3 79 8 34 18 13 37 16 25 17 8 4 4 4 3 1.09 7 7 7 4 
146 0 0 1 1 1 1 1 0 1 0 1 0 0 1 1 0 1 1 0 0 0 34 4 5 4 0 25 3 4 4 0 1 1 1 0 5 1 1 1 1 
154 0 0 1 1 1 1 3 0 3 0 1 0 0 2 2 1 2 0 0 1 1 48 5 12 6 3 31 5 8 5 3 1 1 1 0 2.58 2 2 2 2 
145 0 0 1 1 1 1 1 0 1 0 1 0 0 7 7 0 7 7 0 0 0 90 11 18 17 0 61 16 17 17 0 1 1 1 0 3.39 7 7 7 7 
168 0 0 3 3 3 1 14 0 11 1 1 2 0 12 10 4 12 0 1 1 10 307 30 165 57 91 112 71 112 51 61 13 13 17 4 0.68 37 37 41 12 
163 0 0 1 1 1 1 4 0 4 0 1 0 0 7 7 0 7 0 0 0 7 95 11 42 19 14 42 16 26 15 11 2 2 2 1 1 9 9 9 7 
164 0 0 1 1 1 1 1 0 1 0 1 0 0 4 4 0 4 4 0 0 0 63 7 10 9 0 46 7 8 8 0 1 1 1 0 4.6 4 4 4 4 
152 0 0 1 1 1 1 1 0 1 0 1 0 0 13 13 0 13 13 0 0 0 135 16 20 19 0 99 18 19 19 0 1 1 1 0 4.95 13 13 13 13 
153 0 0 1 1 1 1 1 0 1 0 1 0 0 10 10 0 10 10 0 0 0 109 13 16 15 0 80 14 15 15 0 1 1 1 0 5 10 10 10 10 
158 2 5 3 3 3 1 18 1 14 2 1 2 2 23 21 8 23 8 2 0 13 683 82 372 113 238 229 195 280 112 168 11 11 12 4 0.62 76 76 77 31 
159 1 4 2 2 2 1 7 0 6 0 1 0 0 32 32 5 32 9 4 0 19 468 46 230 79 116 192 107 170 81 89 3 3 4 3 0.83 57 57 62 36 
147 0 0 1 1 1 1 1 0 1 0 1 0 0 2 2 0 2 2 0 0 0 43 5 6 5 0 32 4 5 5 0 1 1 1 0 5.33 2 2 2 2 
155 0 0 1 1 1 1 2 0 2 0 1 0 0 4 4 2 4 0 0 2 2 68 8 15 9 3 45 9 12 9 3 1 1 1 0 3 4 4 4 4 
944 0 0 1 1 1 1 1 0 1 0 1 0 0 15 15 0 15 15 0 0 0 200 20 35 34 0 145 23 24 24 0 1 1 1 0 4.14 15 15 15 15 
942 0 0 2 2 2 1 11 0 10 0 2 2 1 34 32 7 34 2 1 21 10 783 63 386 154 229 334 185 259 127 132 8 8 8 3 0.87 75 75 79 50 
936 1 3 2 2 2 1 10 0 9 0 9 0 4 39 39 11 39 0 0 9 30 780 78 441 171 230 261 220 300 141 159 9 9 10 5 0.59 66 66 68 43 
938 0 0 2 2 2 1 7 0 6 0 3 0 2 60 60 7 60 1 4 13 42 775 89 430 161 202 256 175 275 135 140 4 4 4 2 0.6 96 96 98 62 
167 0 0 1 1 1 1 4 0 4 0 1 1 0 6 5 1 6 0 0 0 6 106 10 31 14 12 65 15 22 12 10 1 1 1 0 2.1 6 6 6 6 
157 0 0 2 2 2 1 11 0 9 0 1 0 0 42 42 5 42 0 5 0 37 863 64 452 144 262 347 211 319 137 182 13 13 13 3 0.77 99 99 100 52 
151 0 0 2 2 2 1 7 0 7 0 1 0 1 24 24 0 24 0 2 1 21 359 34 200 81 97 125 94 136 71 65 3 3 3 2 0.63 41 41 41 26 
839 0 0 1 1 1 1 3 0 3 0 1 0 0 3 3 2 3 0 0 0 3 65 8 16 8 4 41 8 12 8 4 1 1 1 0 2.56 3 3 3 3 
149 0 0 1 1 1 1 5 0 5 0 1 0 1 16 16 0 16 0 0 1 15 231 25 103 51 45 103 59 81 50 31 3 3 3 2 1 22 22 22 18 
559 0 0 3 3 4 1 15 0 12 2 1 0 1 5 5 1 5 0 0 1 4 140 14 85 38 34 41 37 59 33 26 6 6 6 4 0.48 17 17 18 7 
161 0 0 1 1 1 1 4 0 3 0 1 0 0 17 17 4 17 0 0 0 17 201 27 87 47 23 87 40 59 38 21 2 2 2 1 1 18 18 20 17 
165 0 0 2 2 2 1 6 0 6 0 1 0 0 11 11 4 11 0 2 0 9 197 20 87 34 41 90 43 63 33 30 3 3 3 2 1.03 19 19 19 11 
939 0 0 3 3 3 2 13 0 12 0 2 0 1 20 20 9 20 0 2 14 4 551 42 292 97 169 217 136 195 87 108 14 14 17 4 0.74 56 56 60 36 
946 0 0 3 3 3 1 25 2 20 1 1 0 1 5 5 0 5 0 2 3 0 226 23 122 56 78 81 75 91 48 43 7 7 7 2 0.66 15 15 15 7 
937 0 0 6 6 7 3 36 2 27 6 1 0 1 9 9 0 9 0 5 4 0 524 37 279 94 172 208 140 204 87 117 16 16 18 5 0.75 54 54 63 25 
940 0 0 8 8 10 1 56 3 40 12 1 0 1 9 9 0 9 0 1 8 0 663 46 391 128 268 226 206 290 113 177 46 46 55 5 0.58 74 74 86 12 
148 0 0 1 1 1 1 1 0 1 0 1 0 0 1 1 0 1 1 0 0 0 59 4 5 4 0 50 3 4 4 0 1 1 1 0 10 1 1 1 1 
935 0 0 1 1 2 1 4 0 4 0 1 0 0 4 4 2 4 0 0 0 4 85 11 25 13 8 49 13 19 12 7 2 2 3 1 1.96 5 5 6 4 
21 0 0 2 2 2 1 8 0 7 0 1 0 1 29 29 5 29 0 0 11 18 487 48 251 86 116 188 113 177 79 98 6 6 6 3 0.75 60 60 62 34 
22 0 0 1 1 1 1 1 0 1 0 1 0 0 8 8 0 8 8 0 0 0 109 13 24 23 0 72 17 18 18 0 1 1 1 0 3 8 8 8 8 
23 0 0 2 2 2 1 7 0 6 0 1 0 0 11 11 3 11 0 0 1 10 215 19 93 43 40 103 47 65 34 31 3 3 3 2 1.11 17 17 18 11 
19 0 0 2 2 2 1 4 0 4 0 1 0 0 4 4 1 4 0 0 0 4 70 7 24 12 7 39 12 18 12 6 3 3 3 1 1.63 6 6 6 4 
20 0 0 1 1 1 1 1 0 1 0 1 0 0 1 1 0 1 1 0 0 0 35 4 6 5 0 25 4 5 5 0 1 1 1 0 4.17 1 1 1 1 
985 0 0 5 5 5 2 20 1 18 1 1 2 7 14 12 7 14 0 7 0 7 407 41 312 94 188 55 158 233 92 141 19 19 20 5 0.18 69 67 74 26 
377 0 0 3 3 3 2 13 0 12 1 2 0 3 15 15 13 15 0 3 1 11 380 32 230 79 129 118 125 169 75 94 5 5 6 4 0.51 40 40 41 26 
826 0 0 3 3 3 2 15 1 13 0 1 2 0 7 5 2 7 0 3 0 4 167 24 110 29 66 33 52 77 29 48 7 7 7 4 0.3 24 24 24 17 
984 0 0 1 1 1 1 2 0 2 0 1 0 0 9 9 5 9 0 0 0 9 108 14 40 23 8 54 21 31 23 8 1 1 1 0 1.35 9 9 9 9 
988 0 0 1 1 1 1 4 0 4 0 1 0 0 5 5 5 5 0 0 0 5 81 13 34 21 8 34 21 27 19 8 1 1 1 0 1 5 5 5 5 
378 0 0 4 4 4 2 22 1 17 4 1 0 1 9 9 2 9 1 4 0 4 337 27 183 67 108 127 98 130 59 71 10 10 10 5 0.69 32 32 33 20 
379 0 0 1 1 1 1 7 0 6 0 1 0 1 10 10 6 10 0 0 0 10 198 26 85 36 36 87 43 58 32 26 3 3 3 2 1.02 14 14 14 10 
370 0 0 1 1 1 1 1 0 1 0 1 0 0 4 4 0 4 4 0 0 0 74 8 10 9 0 56 7 8 8 0 1 1 1 0 5.6 4 4 4 4 
372 0 0 2 2 2 2 9 0 8 0 1 0 0 4 4 3 4 0 0 0 4 119 12 44 17 21 63 24 35 18 17 3 3 3 2 1.43 9 9 9 8 
371 0 0 1 1 1 1 3 0 3 0 1 0 0 5 5 4 5 0 0 0 5 105 12 28 14 8 65 15 21 13 8 1 1 1 0 2.32 5 5 5 5 
383 0 0 2 2 2 1 5 0 5 0 1 0 0 8 8 3 8 0 0 0 8 121 14 60 26 23 47 32 47 27 20 3 3 3 1 0.78 13 13 13 10 
987 0 0 1 1 1 1 1 0 1 0 1 0 0 8 8 0 8 8 0 0 0 175 12 26 25 0 137 17 18 18 0 1 1 1 0 5.27 8 8 8 8 
986 0 0 1 1 1 1 1 0 1 0 1 0 0 4 4 0 4 4 0 0 0 88 9 20 19 0 59 12 13 13 0 1 1 1 0 2.95 4 4 4 4 
369 0 0 7 7 7 3 37 2 28 7 1 0 1 10 10 8 10 0 0 4 6 505 43 320 96 198 146 158 233 92 141 20 20 24 4 0.46 67 67 74 31 
373 0 0 2 2 2 2 11 0 8 3 1 0 0 4 4 3 4 0 0 1 3 104 12 51 26 19 41 27 35 23 12 3 3 3 2 0.8 7 7 8 6 
375 0 0 7 7 7 1 31 1 26 4 2 1 0 7 6 11 7 1 2 0 4 352 27 218 65 139 107 99 144 57 87 17 17 17 4 0.49 47 47 48 7 
376 0 0 1 1 1 1 5 0 5 0 1 0 0 5 5 4 5 0 0 1 4 109 14 40 18 14 55 22 30 18 12 2 2 2 1 1.38 7 7 7 5 
374 0 0 1 1 1 1 1 0 1 0 1 0 0 3 3 0 3 3 0 0 0 45 7 13 12 0 25 9 10 10 0 1 1 1 0 1.92 3 3 3 3 
380 1 6 7 7 8 3 59 4 41 13 1 0 1 10 10 10 10 0 1 3 6 765 64 468 144 317 238 238 311 120 191 16 16 20 5 0.51 65 65 76 32 
392 0 0 2 2 2 1 9 0 8 0 3 3 4 7 4 0 7 0 2 0 5 161 18 66 33 33 77 33 44 31 13 5 5 5 3 1.17 11 11 11 7 
