385 2 2 4 4 4 1 29 2 22 4 1 0 9 37 37 3 37 0 5 5 27 1808 138 885 349 546 785 415 568 236 332 22 20 24 5 0.89 156 154 163 54 
356 4 3 3 3 3 2 12 0 11 0 5 0 2 40 40 11 40 0 11 2 27 826 78 470 132 275 278 210 328 127 201 7 7 7 4 0.59 110 110 114 68 
358 2 2 1 1 1 1 3 0 3 0 1 0 0 13 13 3 13 0 0 0 13 164 21 64 33 17 79 33 47 30 17 1 1 1 0 1.23 13 13 13 13 
182 1 1 1 1 1 1 1 0 1 0 1 0 0 6 6 0 6 6 0 0 0 111 9 16 15 0 86 12 13 13 0 1 1 1 0 5.38 6 6 6 6 
357 2 2 3 3 3 2 16 0 14 1 1 0 2 19 19 3 19 0 0 8 11 513 44 303 109 194 166 157 210 87 123 7 7 7 3 0.55 59 59 59 47 
362 0 0 1 1 1 1 1 0 1 0 1 0 0 6 6 0 6 6 0 0 0 70 8 9 8 0 53 7 8 8 0 1 1 1 0 5.89 6 6 6 6 
66 0 0 1 1 1 1 1 0 1 0 1 0 1 1 1 0 1 0 0 0 1 42 6 6 5 1 30 4 5 5 0 1 1 1 0 5 1 1 1 1 
140 2 2 4 4 4 2 25 1 17 6 1 0 5 43 43 8 43 4 8 9 22 1424 130 809 266 513 486 419 563 240 323 24 24 26 9 0.6 174 156 185 81 
143 0 0 1 1 1 1 1 0 1 0 1 0 0 3 3 0 3 3 0 0 0 61 4 6 5 0 51 4 5 5 0 1 1 1 0 8.5 3 3 3 3 
142 2 2 3 3 3 2 13 0 10 1 1 0 1 34 34 6 34 12 7 3 12 743 71 413 151 233 259 210 293 131 162 6 6 6 2 0.63 86 86 86 51 
386 1 1 3 3 4 1 18 0 16 1 1 0 1 6 6 3 6 0 0 0 6 249 13 126 59 70 110 75 95 53 42 7 7 7 2 0.87 20 20 21 6 
391 0 0 2 2 2 1 9 0 7 1 1 0 1 10 10 4 10 0 1 0 9 215 19 98 32 49 98 54 75 32 43 8 8 8 3 1 21 21 22 10 
199 2 2 3 3 3 2 13 0 10 2 1 0 0 13 13 3 13 4 0 0 9 308 30 150 40 81 128 67 107 39 68 9 9 11 2 0.85 39 39 43 23 
214 5 3 3 3 3 1 17 1 12 3 1 0 5 22 22 8 22 0 5 1 16 585 63 339 102 213 184 176 240 90 150 12 12 14 4 0.54 59 59 62 24 
110 0 0 2 2 2 1 4 0 4 0 1 1 1 7 6 2 7 0 0 0 7 119 12 41 13 17 66 17 29 13 16 3 3 3 1 1.61 11 11 11 9 
360 0 0 1 1 1 1 1 0 1 0 1 0 0 1 1 0 1 1 0 0 0 36 4 6 5 0 26 4 5 5 0 1 1 1 0 4.33 1 1 1 1 
139 5 3 4 4 4 2 25 2 19 4 1 0 2 127 127 2 127 1 14 32 80 4171 397 2514 778 1635 1260 1227 1696 586 1110 38 38 43 5 0.5 478 478 521 199 
65 0 0 2 2 2 1 6 0 6 0 1 1 1 8 7 3 8 0 0 0 8 151 16 60 20 31 75 29 44 20 24 3 3 4 1 1.25 14 14 15 10 
144 1 1 4 3 4 1 23 2 17 3 1 0 1 39 39 1 39 1 0 6 32 1187 142 725 230 461 320 357 490 178 312 11 11 11 4 0.44 137 132 139 50 
169 6 4 2 2 2 1 15 1 12 2 4 2 9 76 74 37 76 18 5 33 20 2079 226 1073 324 627 780 508 714 280 434 10 10 10 4 0.73 182 182 185 91 
215 5 3 3 3 3 1 17 1 15 0 5 0 10 18 18 17 18 0 3 1 14 536 60 291 112 168 187 159 207 106 101 16 16 18 3 0.64 50 50 52 23 
141 6 2 3 3 3 1 14 0 11 1 1 0 5 60 60 17 60 0 0 15 45 1398 136 806 288 448 457 424 570 244 326 22 22 23 6 0.57 151 151 155 64 
170 0 0 1 1 1 1 1 0 1 0 1 0 0 2 2 0 2 2 0 0 0 43 3 5 4 0 35 3 4 4 0 1 1 1 0 7 2 2 2 2 
216 1 1 1 1 1 1 5 0 4 1 2 1 0 9 8 0 9 2 1 1 5 153 13 55 37 9 85 21 32 26 6 1 1 1 0 1.55 9 9 9 9 
392 0 0 2 2 2 1 8 0 8 0 2 3 4 10 7 0 10 0 2 0 8 175 20 78 32 43 77 36 50 33 17 6 6 6 3 0.99 15 15 15 12 
363 0 0 3 3 3 1 13 0 11 0 1 0 1 10 10 4 10 0 2 0 8 263 27 133 30 80 103 71 103 35 68 7 7 7 3 0.77 30 30 30 12 
359 0 0 1 1 1 1 3 0 3 0 1 0 0 2 2 0 2 0 0 0 2 46 4 10 5 2 32 4 7 5 2 1 1 1 0 3.2 2 2 2 2 
387 0 0 2 2 2 1 11 0 10 0 4 0 7 18 18 4 18 1 2 0 15 437 41 185 72 99 211 95 128 64 64 6 6 6 5 1.14 29 29 31 20 
183 3 1 3 3 3 1 18 1 14 2 2 0 1 27 27 8 27 1 1 2 23 778 93 445 169 241 241 227 301 132 169 12 12 12 5 0.54 70 70 71 31 
390 0 0 1 1 1 1 1 0 1 0 1 0 0 1 1 0 1 1 0 0 0 44 3 6 5 0 35 4 5 5 0 1 1 1 0 5.83 1 1 1 1 
389 1 1 2 2 2 1 8 0 7 0 1 1 3 22 21 4 22 0 4 4 14 399 41 194 74 95 164 97 139 66 73 8 8 8 2 0.85 42 42 44 22 
388 0 0 1 1 1 1 7 0 6 0 3 0 1 16 16 0 16 0 0 4 12 140 20 73 21 36 47 21 41 27 14 2 2 2 1 0.64 19 19 19 16 
361 1 1 2 2 2 2 10 0 8 2 1 0 0 6 6 1 6 0 0 5 1 138 10 64 30 24 64 26 40 21 19 3 3 4 2 1 13 13 14 10 
472 0 0 1 1 1 1 1 0 1 0 1 0 0 4 4 0 4 0 0 0 4 60 7 10 9 0 43 8 9 9 0 1 1 1 0 4.3 4 4 4 4 
474 0 0 1 1 1 1 3 0 3 0 1 0 0 2 2 0 2 0 0 0 2 48 4 10 5 2 34 4 7 5 2 1 1 1 0 3.4 2 2 2 2 
469 8 1 3 3 3 1 10 0 10 0 4 1 6 40 39 16 40 0 5 1 34 807 84 469 132 298 254 236 332 128 204 7 7 7 3 0.54 102 102 102 50 
489 0 0 1 1 1 1 3 0 3 0 1 0 0 32 32 1 32 0 0 0 32 274 41 112 50 29 121 42 75 46 29 1 1 1 0 1.08 32 32 32 32 
486 6 1 3 3 3 1 15 0 14 0 5 0 5 32 32 16 32 1 1 6 24 804 84 498 167 340 222 281 366 163 203 16 16 16 4 0.45 94 90 96 38 
481 1 1 1 1 1 1 4 0 4 0 2 0 2 30 30 10 30 3 2 0 25 378 53 166 63 70 159 77 119 62 57 5 5 5 3 0.96 36 36 36 33 
491 1 1 3 3 3 1 9 0 9 0 1 0 0 5 5 5 5 0 1 0 4 133 13 55 17 28 65 30 44 18 26 6 6 6 2 1.18 13 13 13 7 
482 3 2 2 2 2 1 7 0 6 0 1 0 0 14 14 4 14 0 1 0 13 270 37 118 51 58 115 71 93 51 42 4 4 4 2 0.97 21 21 21 17 
480 1 1 2 2 2 1 8 0 7 0 1 0 0 9 9 5 9 0 1 1 7 189 19 83 30 41 87 40 60 30 30 5 5 5 2 1.05 17 17 18 11 
483 2 1 1 1 1 1 7 0 6 0 1 0 0 15 15 5 15 0 2 0 13 277 36 115 40 58 126 67 89 40 49 3 3 3 2 1.1 20 20 20 15 
487 3 1 4 4 4 1 16 1 15 0 1 0 1 5 5 4 5 0 0 0 5 167 18 90 24 56 59 45 63 24 39 6 6 7 3 0.66 18 18 20 5 
479 0 0 1 1 1 1 2 0 2 0 1 0 3 3 3 1 3 0 0 1 2 68 9 15 10 5 44 9 12 10 2 1 1 1 0 2.93 3 3 3 3 
473 4 1 1 1 1 1 1 0 1 0 1 0 0 12 12 0 12 0 0 0 12 125 15 21 20 0 89 18 19 19 0 1 1 1 0 4.24 12 12 12 12 
478 0 0 1 1 1 1 3 0 3 0 1 0 0 2 2 0 2 0 0 0 2 46 3 9 4 2 34 3 6 4 2 1 1 1 0 3.78 2 2 2 2 
475 0 0 1 1 1 1 1 0 1 0 1 0 0 3 3 0 3 0 0 0 3 48 5 7 6 0 36 5 6 6 0 1 1 1 0 5.14 3 3 3 3 
476 0 0 1 1 1 1 1 0 1 0 1 0 0 2 2 0 2 0 0 0 2 46 5 7 6 0 34 5 6 6 0 1 1 1 0 4.86 2 2 2 2 
471 1 1 1 1 1 1 1 0 1 0 1 0 0 2 2 0 2 0 0 0 2 39 3 5 4 0 31 3 4 4 0 1 1 1 0 6.2 2 2 2 2 
467 2 1 1 1 1 1 1 0 1 0 1 0 0 1 1 0 1 0 0 0 1 36 3 6 5 0 27 3 4 4 0 1 1 1 0 4.5 1 1 1 1 
490 0 0 1 1 1 1 4 0 4 0 1 1 0 3 2 0 3 1 0 0 2 54 5 17 9 7 32 10 14 9 5 1 1 1 0 1.88 3 3 3 3 
484 0 0 1 1 1 1 4 0 4 0 1 1 0 3 2 0 3 1 0 0 2 53 5 17 9 7 31 10 14 9 5 1 1 1 0 1.82 3 3 3 3 
495 0 0 1 1 1 1 4 0 4 0 1 1 0 3 2 0 3 1 0 0 2 54 5 17 9 7 32 10 14 9 5 1 1 1 0 1.88 3 3 3 3 
485 1 1 1 1 1 1 4 0 4 0 1 1 0 8 7 2 8 0 0 1 7 120 12 40 14 16 68 16 26 14 12 4 2 4 1 1.7 11 9 11 8 
466 1 1 1 1 1 1 1 0 1 0 1 0 0 2 2 0 2 0 0 0 2 39 4 6 5 0 29 4 5 5 0 1 1 1 0 4.83 2 2 2 2 
465 1 1 1 1 1 1 1 0 1 0 1 0 0 1 1 0 1 0 0 0 1 38 4 8 7 0 26 5 6 6 0 1 1 1 0 3.25 1 1 1 1 
492 0 0 1 1 1 1 4 0 4 0 1 1 0 3 2 0 3 1 0 0 2 54 5 17 9 7 32 10 14 9 5 1 1 1 0 1.88 3 3 3 3 
494 0 0 1 1 1 1 4 0 4 0 1 1 0 3 2 0 3 1 0 0 2 53 5 17 9 7 31 10 14 9 5 1 1 1 0 1.82 3 3 3 3 
493 0 0 1 1 1 1 4 0 4 0 1 1 0 3 2 0 3 1 0 0 2 54 5 17 9 7 32 10 14 9 5 1 1 1 0 1.88 3 3 3 3 
488 0 0 1 1 1 1 3 0 3 0 1 1 0 17 16 5 17 0 0 1 16 203 24 70 27 25 109 29 48 27 21 4 2 4 1 1.56 20 18 20 17 
477 3 1 1 1 1 1 1 0 1 0 1 0 0 8 8 0 8 0 0 0 8 89 11 17 16 0 61 15 16 16 0 1 1 1 0 3.59 8 8 8 8 
470 1 1 1 1 1 1 1 0 1 0 1 0 0 5 5 0 5 0 0 0 5 56 7 10 9 0 39 8 9 9 0 1 1 1 0 3.9 5 5 5 5 
468 0 0 1 1 1 1 1 0 1 0 1 0 0 1 1 0 1 0 0 0 1 36 3 7 6 0 26 5 6 6 0 1 1 1 0 3.71 1 1 1 1 
211 0 0 1 1 1 1 3 0 3 0 1 0 0 1 1 0 1 0 0 0 1 40 3 6 3 1 31 2 4 3 1 1 1 1 0 5.17 1 1 1 1 
204 0 0 2 2 2 1 6 0 6 0 1 2 1 9 7 3 9 0 0 0 9 190 17 65 26 34 108 28 41 24 17 6 6 6 3 1.66 14 14 14 12 
445 0 0 1 1 1 1 3 0 3 0 1 0 0 4 4 3 4 0 0 0 4 78 8 20 9 6 50 10 15 9 6 1 1 1 0 2.5 4 4 4 4 
213 1 1 3 3 3 3 19 2 16 3 1 0 1 2 2 2 2 0 1 0 1 117 13 47 19 26 61 23 30 17 13 5 5 5 2 1.3 6 6 6 6 
207 0 0 1 1 1 1 3 0 3 0 1 0 0 2 2 0 2 2 0 0 0 45 5 10 5 2 30 4 7 5 2 1 1 1 0 3 2 2 2 2 
210 1 1 2 2 3 2 11 0 10 0 1 0 4 10 10 1 10 0 0 8 2 289 24 125 53 70 140 61 83 48 35 5 5 6 3 1.12 23 23 25 16 
205 0 0 2 2 2 2 8 0 8 0 1 0 0 2 2 0 2 0 0 0 2 58 4 22 7 12 32 9 13 7 6 3 3 3 1 1.45 4 4 4 4 
446 0 0 1 1 1 1 3 0 3 0 1 0 0 1 1 0 1 0 0 0 1 37 3 6 3 1 28 2 4 3 1 1 1 1 0 4.67 1 1 1 1 
212 0 0 2 2 2 1 6 0 6 0 1 0 0 2 2 0 2 0 0 0 2 51 4 16 6 7 31 6 10 6 4 2 2 2 1 1.94 3 3 3 2 
203 0 0 1 1 1 1 3 0 3 0 1 0 0 1 1 0 1 0 0 0 1 40 3 6 3 1 31 2 4 3 1 1 1 1 0 5.17 1 1 1 1 
201 0 0 2 2 2 1 13 0 11 1 1 4 2 26 22 13 26 0 4 0 22 745 60 348 129 196 337 163 223 108 115 14 14 14 5 0.97 59 59 59 28 
209 1 1 2 2 2 1 15 2 10 1 1 0 23 12 12 0 12 0 0 6 6 541 72 164 112 108 305 96 115 89 26 4 4 5 3 1.86 18 18 20 16 
206 0 0 1 1 1 1 3 0 3 0 1 0 0 3 3 1 3 0 0 0 3 71 6 16 8 4 49 7 11 7 4 1 1 1 0 3.06 3 3 3 3 
208 0 0 1 1 1 1 3 0 3 0 1 0 0 4 4 3 4 0 0 0 4 83 9 21 10 6 53 10 15 9 6 1 1 1 0 2.52 4 4 4 4 
202 0 0 1 1 1 1 3 0 3 0 1 0 0 4 4 3 4 0 0 0 4 89 10 22 11 6 57 11 16 10 6 1 1 1 0 2.59 4 4 4 4 
200 1 1 1 1 1 1 4 0 4 0 1 0 0 7 7 6 7 0 0 0 7 136 15 37 17 12 84 19 27 15 12 1 1 1 0 2.27 7 7 7 7 
126 0 0 1 1 1 1 4 0 4 0 1 0 0 22 22 2 22 0 0 1 21 215 28 99 29 39 88 34 65 28 37 6 6 6 2 0.89 30 30 30 24 
112 0 0 1 1 1 1 1 0 1 0 1 0 0 20 20 2 20 20 0 0 0 247 25 28 27 2 194 25 26 26 0 1 1 1 0 6.93 20 20 20 20 
113 0 0 1 1 1 1 3 0 3 0 1 0 0 2 2 0 2 0 0 0 2 51 5 10 5 2 36 4 7 5 2 1 1 1 0 3.6 2 2 2 2 
125 0 0 2 2 3 1 9 0 8 0 1 8 4 9 1 1 9 0 2 0 7 226 21 105 28 61 100 60 86 30 56 7 7 8 3 0.95 22 22 24 9 
111 0 0 2 2 2 1 5 0 5 0 1 0 0 20 20 2 20 0 0 0 20 252 27 111 35 49 114 41 72 33 39 5 5 6 2 1.03 31 31 34 22 
114 0 0 1 1 1 1 1 0 1 0 1 0 0 1 1 0 1 0 0 0 1 37 3 6 5 0 28 4 5 5 0 1 1 1 0 4.67 1 1 1 1 
119 0 0 1 1 1 1 15 1 13 0 1 0 0 2 2 0 2 0 0 1 1 90 5 30 4 23 55 10 13 4 9 1 1 1 0 1.83 2 2 2 2 
115 2 1 3 3 3 1 22 2 18 1 5 0 4 59 59 26 59 3 0 17 39 1559 194 1082 258 768 284 496 694 250 444 10 10 10 6 0.26 178 178 182 75 
117 0 0 2 2 2 1 4 0 4 0 1 0 0 11 11 4 11 0 0 1 10 190 20 57 21 22 113 23 38 21 17 8 8 12 2 1.98 18 18 22 14 
118 0 0 2 2 2 1 10 0 7 2 1 0 1 4 4 1 4 0 0 1 3 126 13 39 15 19 74 22 30 15 15 4 4 4 2 1.9 7 7 7 4 
120 0 0 1 1 1 1 3 0 3 0 1 0 0 3 3 1 3 0 0 1 2 78 9 20 13 5 49 12 16 13 3 1 1 1 0 2.45 3 3 3 3 
116 0 0 3 3 3 1 36 3 31 2 3 0 1 15 15 4 15 0 0 4 11 568 58 381 83 286 130 163 218 88 130 7 7 8 4 0.34 46 46 47 15 
124 0 0 5 5 5 1 20 1 17 1 1 2 0 3 1 0 3 0 1 0 2 109 8 60 16 34 41 30 46 18 28 10 10 10 2 0.68 15 15 15 3 
122 0 0 1 1 1 1 5 0 5 0 3 0 1 14 14 4 14 0 9 0 5 222 26 95 43 43 101 48 71 43 28 3 3 3 2 1.06 20 20 20 14 
121 0 0 2 2 2 1 9 0 9 0 3 0 1 32 32 2 32 0 1 0 31 466 40 309 107 187 117 151 221 100 121 6 6 6 2 0.38 70 70 73 37 
123 0 0 1 1 1 1 4 0 4 0 1 0 1 9 9 5 9 0 0 0 9 147 18 54 20 25 75 31 42 20 22 2 2 2 1 1.39 10 10 10 9 
442 0 0 1 1 1 1 3 0 3 0 1 0 0 3 3 1 3 0 0 2 1 35 6 13 6 4 16 5 9 6 3 1 1 1 0 1.23 3 3 3 3 
441 0 0 2 2 2 1 6 0 6 0 2 0 0 28 28 1 28 0 7 0 21 243 34 192 67 101 17 96 140 67 73 4 4 5 2 0.09 44 44 45 28 
443 0 0 1 1 1 1 2 0 2 0 1 0 0 4 4 1 4 0 0 0 4 37 7 14 7 3 16 6 10 7 3 1 1 1 0 1.14 4 4 4 4 
444 0 0 1 1 1 1 3 0 3 0 1 0 0 1 1 0 1 0 0 0 1 25 3 6 3 1 16 2 4 3 1 1 1 1 0 2.67 1 1 1 1 
366 1 1 1 1 1 1 5 0 5 0 2 1 3 16 15 4 16 2 2 4 8 299 29 104 52 40 167 53 72 44 28 2 2 2 1 1.61 18 18 18 16 
368 0 0 2 2 2 2 9 0 9 0 1 1 1 3 2 0 3 1 0 0 2 87 7 39 23 14 41 19 26 18 8 3 3 3 2 1.05 5 5 5 5 
367 0 0 1 1 1 1 7 0 6 1 1 2 0 3 1 0 3 0 1 0 2 82 5 25 14 7 52 9 14 9 5 2 2 2 1 2.08 4 4 4 3 
364 0 0 1 1 1 1 4 0 4 0 4 0 2 43 43 3 43 4 0 2 37 412 52 228 86 97 132 98 159 85 74 3 3 3 2 0.58 57 57 58 47 
365 0 0 3 3 3 1 16 2 14 0 1 0 1 1 1 0 1 0 0 0 1 54 6 23 11 10 25 13 18 11 7 3 3 3 1 1.09 3 3 3 1 
134 2 2 1 1 1 1 5 0 5 0 1 0 0 10 10 6 10 0 0 0 10 168 19 64 23 27 85 32 47 22 25 4 4 4 1 1.33 14 14 14 10 
136 0 0 1 1 1 1 4 0 4 0 1 0 0 8 8 2 8 0 0 0 8 113 13 43 16 15 57 18 30 16 14 3 3 3 1 1.33 11 11 11 8 
131 0 0 1 1 1 1 1 0 1 0 1 0 0 10 10 0 10 10 0 0 0 139 13 23 22 0 103 18 19 19 0 1 1 1 0 4.48 10 10 10 10 
132 1 1 3 3 3 1 14 1 13 0 6 0 2 45 45 12 45 2 11 0 32 1038 119 638 183 402 281 306 433 172 261 7 7 9 5 0.44 128 126 136 65 
133 0 0 3 3 5 2 14 0 13 0 1 2 0 4 2 1 4 0 1 0 3 110 10 58 19 38 42 33 47 19 28 8 8 13 2 0.72 13 13 19 6 
138 1 1 2 2 3 1 11 0 9 0 2 0 1 19 19 8 19 0 0 0 19 412 47 216 61 125 149 108 156 59 97 7 7 8 4 0.69 47 47 51 27 
135 1 1 2 2 2 2 6 0 6 0 1 0 0 2 2 1 2 0 0 0 2 58 7 19 8 6 32 9 14 8 6 3 3 3 2 1.68 4 4 4 4 
137 1 1 2 2 2 1 7 0 7 0 1 0 1 19 19 2 19 0 1 0 18 277 29 152 50 73 96 64 101 47 54 3 3 4 2 0.63 36 36 40 19 
76 0 0 5 5 6 3 23 0 20 2 1 3 1 37 34 5 37 3 4 1 29 1122 61 782 209 511 279 366 558 205 353 27 27 31 7 0.36 192 192 220 98 
79 0 0 2 2 2 1 6 0 5 0 2 0 0 24 24 4 24 18 0 0 6 315 36 158 61 78 121 87 126 64 62 5 5 5 3 0.77 37 37 37 35 
73 0 0 1 1 1 1 3 0 3 0 1 0 0 2 2 0 2 0 0 0 2 49 5 10 5 2 34 4 7 5 2 1 1 1 0 3.4 2 2 2 2 
81 0 0 1 1 1 1 3 0 3 0 1 0 0 2 2 0 2 0 0 0 2 49 5 10 5 2 34 4 7 5 2 1 1 1 0 3.4 2 2 2 2 
71 0 0 1 1 1 1 1 0 1 0 1 0 0 8 8 2 8 8 0 0 0 96 12 14 13 2 70 12 13 13 0 1 1 1 0 5 8 8 8 8 
96 0 0 1 1 2 1 4 0 4 0 1 0 0 16 16 6 16 0 0 0 16 225 26 78 27 37 121 29 50 27 23 5 5 10 1 1.55 22 22 27 18 
85 0 0 1 1 1 1 5 0 5 0 1 0 2 11 11 3 11 1 0 0 10 178 20 74 28 31 84 35 52 27 25 3 3 3 2 1.14 16 16 16 15 
75 0 0 1 1 1 1 1 0 1 0 1 0 0 4 4 1 4 4 0 0 0 59 7 9 8 1 43 7 8 8 0 1 1 1 0 4.78 4 4 4 4 
77 0 0 2 2 2 1 9 0 8 0 1 1 1 6 5 1 6 1 1 0 4 138 14 58 16 32 66 31 45 17 28 5 5 5 2 1.14 13 13 13 8 
97 0 0 1 1 2 1 5 0 5 0 1 0 0 17 17 4 17 0 0 0 17 243 25 97 27 48 121 45 68 27 41 4 4 7 1 1.25 23 23 26 19 
86 0 0 2 2 2 2 8 0 7 0 1 0 1 5 5 0 5 1 0 0 4 110 10 50 19 24 50 26 37 19 18 4 4 5 3 1 10 10 11 9 
82 0 0 1 1 1 1 3 0 3 0 1 0 0 2 2 0 2 0 0 0 2 49 5 10 5 2 34 4 7 5 2 1 1 1 0 3.4 2 2 2 2 
80 0 0 2 2 2 1 7 0 7 0 1 0 0 20 20 8 20 0 1 0 19 326 26 163 48 87 138 87 123 52 71 11 11 13 6 0.85 39 39 49 22 
102 0 0 3 3 3 1 13 0 9 2 4 1 4 27 26 8 27 3 4 3 17 544 57 287 90 172 200 144 216 96 120 11 11 15 5 0.7 68 68 82 27 
78 0 0 1 1 1 1 3 0 3 0 1 0 0 9 9 1 9 0 0 0 9 118 13 50 29 13 55 26 37 26 11 2 2 2 1 1.1 10 10 10 9 
87 1 1 3 3 3 2 13 0 11 1 1 0 1 25 25 4 25 1 0 0 24 546 34 328 96 198 184 183 252 106 146 15 15 16 3 0.56 74 74 78 54 
88 2 2 3 3 3 1 14 0 13 0 1 0 1 19 19 7 19 0 1 0 18 505 47 302 120 167 156 163 223 115 108 14 14 15 5 0.52 56 56 57 23 
74 3 2 5 5 5 1 30 1 23 5 1 8 3 42 34 12 42 4 11 6 21 1794 127 1054 328 708 613 608 791 288 503 52 52 66 6 0.58 205 205 222 58 
83 0 0 1 1 1 1 1 0 1 0 1 0 0 3 3 0 3 3 0 0 0 50 5 7 6 0 38 5 6 6 0 1 1 1 0 5.43 3 3 3 3 
70 0 0 1 1 1 1 1 0 1 0 1 0 0 5 5 1 5 5 0 0 0 66 8 10 9 1 48 8 9 9 0 1 1 1 0 4.8 5 5 5 5 
69 0 0 2 2 2 1 7 0 7 0 1 1 1 6 5 1 6 1 1 0 4 128 12 49 13 27 67 24 36 13 23 4 4 4 1 1.37 12 12 12 8 
95 0 0 1 1 1 1 5 0 4 0 1 0 0 19 19 5 19 0 0 0 19 261 28 100 31 50 133 44 69 31 38 3 3 7 1 1.33 24 24 28 21 
84 0 0 2 2 2 2 7 0 7 0 1 0 1 6 6 0 6 1 0 0 5 117 11 55 23 26 51 30 42 23 19 5 5 5 2 0.93 12 12 13 9 
72 1 1 4 3 4 1 17 0 16 1 8 1 2 32 31 15 32 23 0 1 8 737 72 575 142 382 91 232 345 116 229 11 10 13 4 0.16 119 109 127 37 
93 1 1 4 4 4 1 15 0 14 0 1 0 0 24 24 4 24 0 20 0 4 694 41 391 74 269 262 214 309 72 237 15 15 15 4 0.67 100 100 102 28 
94 0 0 3 3 3 1 12 0 11 0 1 1 1 19 18 4 19 0 14 0 5 413 30 249 59 152 134 146 203 65 138 7 7 9 4 0.54 58 58 66 22 
91 0 0 2 2 2 2 11 1 10 0 1 0 37 5 5 2 5 0 0 0 5 158 22 107 51 87 29 75 85 50 35 5 5 7 2 0.27 9 9 11 9 
92 0 0 2 2 2 1 8 0 8 0 1 0 0 6 6 3 6 0 0 0 6 128 12 58 13 36 59 36 47 13 34 5 5 6 1 1.02 10 10 11 6 
89 0 0 2 2 2 1 13 0 12 0 1 0 2 8 8 7 8 0 2 0 6 260 23 142 56 79 95 70 90 51 39 4 4 4 2 0.67 18 18 18 8 
90 0 0 2 2 2 1 13 0 11 1 1 1 0 12 11 1 12 0 4 3 5 284 21 168 69 97 95 104 130 62 68 4 4 4 1 0.57 26 26 26 14 
100 0 0 2 2 2 1 7 0 7 0 1 0 0 5 5 2 5 0 1 0 4 102 11 48 21 24 43 25 35 21 14 2 2 2 1 0.9 9 9 9 5 
101 0 0 0 0 0 0 0 0 0 0 1 0 0 0 0 24 0 0 0 0 0 96 26 27 26 24 43 25 26 26 0 0 0 0 0 1.59 0 0 0 0 
99 1 1 4 4 4 1 29 1 25 2 1 1 0 7 6 3 7 0 3 0 4 339 27 212 68 138 100 103 130 58 72 9 9 9 3 0.47 27 27 29 9 
98 0 0 4 4 4 1 28 2 24 1 1 1 0 6 5 2 6 0 5 0 1 281 28 166 44 111 87 95 117 46 71 6 6 7 2 0.52 22 22 24 6 
193 1 1 2 2 2 1 6 0 5 0 3 0 0 12 12 4 12 1 2 0 9 244 21 100 49 35 123 47 67 44 23 3 3 3 2 1.23 18 18 18 16 
186 0 0 1 1 1 1 5 0 5 0 1 0 1 7 7 1 7 3 0 0 4 129 13 51 22 19 65 23 36 21 15 3 3 3 2 1.27 9 9 9 7 
191 0 0 1 1 1 1 3 0 3 0 1 0 0 3 3 2 3 3 0 0 0 66 7 16 8 4 43 8 12 8 4 1 1 1 0 2.69 3 3 3 3 
192 0 0 4 4 5 2 15 0 14 1 1 0 1 8 8 5 8 6 0 0 2 273 20 139 47 74 114 67 99 47 52 8 8 10 4 0.82 32 32 37 13 
187 0 0 1 1 1 1 1 0 1 0 1 0 0 3 3 0 3 3 0 0 0 50 5 7 6 0 38 5 6 6 0 1 1 1 0 5.43 3 3 3 3 
194 0 0 3 3 4 2 17 1 13 2 2 0 1 6 6 8 6 6 0 0 0 250 28 106 44 50 116 59 79 40 39 14 14 20 3 1.09 19 19 25 13 
196 3 2 2 2 2 1 7 0 7 0 1 0 1 9 9 3 9 1 0 0 8 186 17 83 30 42 86 45 61 30 31 4 4 4 2 1.04 16 16 17 13 
197 0 0 2 2 2 1 6 0 6 0 1 0 0 9 9 4 9 1 1 0 7 163 16 70 26 30 77 35 52 25 27 4 4 4 2 1.1 16 16 17 9 
195 1 1 2 2 2 1 10 0 9 0 1 6 1 21 15 11 21 2 1 0 18 516 38 239 90 121 239 90 128 57 71 6 6 6 3 1 38 38 41 28 
190 1 1 3 3 3 1 24 0 19 4 1 0 1 15 15 4 15 2 5 0 8 575 36 331 119 229 208 163 205 119 86 26 26 27 8 0.63 48 48 49 19 
184 0 0 1 1 1 1 1 0 1 0 1 0 0 1 1 0 1 1 0 0 0 34 4 5 4 0 25 3 4 4 0 1 1 1 0 5 1 1 1 1 
198 0 0 2 2 2 1 5 0 5 0 1 0 1 9 9 5 9 0 1 0 8 168 19 69 30 27 80 35 50 27 23 5 5 7 3 1.16 15 15 17 9 
188 0 0 2 2 2 1 11 0 10 1 1 0 2 10 10 7 10 7 0 0 3 252 25 128 42 71 99 72 96 43 53 4 4 4 3 0.77 23 23 23 10 
189 1 1 3 3 3 1 15 1 13 0 1 0 1 6 6 3 6 0 0 0 6 195 21 107 47 51 67 52 68 36 32 6 6 6 2 0.63 15 15 15 6 
185 0 0 0 0 0 0 0 0 0 0 1 0 0 0 0 0 0 0 0 0 0 30 2 4 3 0 24 2 3 3 0 0 0 0 0 6 0 0 0 0 
434 0 0 2 2 2 1 5 0 5 0 1 0 0 9 9 0 9 0 0 6 3 148 12 65 26 31 71 34 47 25 22 10 10 10 3 1.09 18 18 18 9 
432 0 0 1 1 1 1 4 0 4 0 1 0 0 6 6 5 6 0 0 0 6 123 15 40 23 10 68 22 29 19 10 1 1 1 0 1.7 6 6 6 6 
431 0 0 1 1 1 1 1 0 1 0 1 0 0 11 11 0 11 11 0 0 0 183 14 27 26 0 142 22 23 23 0 1 1 1 0 5.26 11 11 11 11 
428 1 1 3 3 3 1 17 1 14 1 4 0 4 50 50 31 50 3 0 15 32 1238 136 788 223 507 314 413 556 211 345 11 11 11 6 0.4 136 136 139 57 
429 0 0 2 2 2 1 10 0 7 2 1 0 1 4 4 1 4 0 0 1 3 134 13 39 15 19 82 22 30 15 15 4 4 4 2 2.1 7 7 7 4 
430 0 0 1 1 1 1 3 0 3 0 1 0 0 3 3 1 3 0 0 1 2 80 9 20 13 5 51 12 16 13 3 1 1 1 0 2.55 3 3 3 3 
426 1 1 4 4 4 1 27 2 21 4 2 0 1 9 9 3 9 0 0 3 6 395 32 222 86 139 141 123 161 79 82 7 7 8 4 0.64 36 36 37 9 
427 0 0 1 1 1 1 3 0 3 0 1 0 0 9 9 4 9 0 0 1 8 167 15 40 20 11 112 20 30 20 10 1 1 1 0 2.8 9 9 9 9 
439 0 0 3 3 3 1 15 1 12 2 1 1 6 27 26 9 27 0 0 7 20 597 72 389 135 238 156 226 301 133 168 6 6 6 4 0.4 69 69 70 29 
433 0 0 3 3 3 1 19 1 17 1 1 4 4 19 15 4 19 0 4 6 9 516 52 370 124 237 94 203 274 120 154 8 8 8 4 0.25 64 64 65 23 
435 0 0 1 1 1 1 1 0 1 0 1 0 0 4 4 0 4 4 0 0 0 72 6 9 8 0 57 7 8 8 0 1 1 1 0 6.33 4 4 4 4 
437 0 0 2 2 2 1 10 0 9 1 1 0 0 6 6 1 6 0 0 0 6 129 10 68 25 36 51 40 54 25 29 4 4 5 2 0.75 12 12 13 8 
438 0 0 1 1 1 1 1 0 1 0 1 0 0 1 1 0 1 1 0 0 0 36 2 6 5 0 28 4 5 5 0 1 1 1 0 4.67 1 1 1 1 
436 0 0 4 4 4 1 39 1 29 13 1 6 2 6 0 0 6 0 0 0 6 364 18 206 82 131 165 141 167 79 88 6 6 6 4 0.8 26 26 26 6 
440 0 0 5 5 5 1 33 2 27 3 1 0 25 22 22 4 22 0 7 6 9 919 86 672 220 476 161 381 496 213 283 13 13 13 8 0.24 108 108 109 30 
285 0 0 2 2 2 1 4 0 4 0 1 0 0 4 4 1 4 0 0 1 3 83 8 26 13 7 49 13 19 12 7 3 3 3 1 1.88 6 6 6 4 
219 0 0 1 1 1 1 1 0 1 0 1 0 0 2 2 0 2 0 0 0 2 65 5 19 18 0 41 9 10 10 0 1 1 1 0 2.16 2 2 2 2 
294 0 0 1 1 1 1 3 0 3 0 1 0 0 5 5 0 5 0 0 0 5 73 6 21 7 7 46 7 14 7 7 2 2 2 1 2.19 6 6 6 5 
353 0 0 1 1 1 1 3 0 3 0 1 0 0 13 13 0 13 0 0 0 13 76 14 42 15 13 20 14 28 15 13 1 1 1 0 0.48 13 13 13 13 
301 0 0 1 1 2 1 3 0 3 0 1 0 0 6 6 1 6 0 0 0 6 86 9 28 11 10 49 11 19 11 8 3 3 4 1 1.75 8 8 9 6 
296 0 0 2 2 2 1 4 0 4 0 1 0 0 6 6 2 6 0 0 0 6 96 10 34 12 14 52 15 24 12 12 4 4 5 1 1.53 10 10 11 6 
221 0 0 1 1 1 1 1 0 1 0 1 0 0 1 1 0 1 1 0 0 0 36 3 6 5 0 27 4 5 5 0 1 1 1 0 4.5 1 1 1 1 
292 0 0 1 1 1 1 4 0 4 0 1 0 4 13 13 3 13 0 0 0 13 198 22 65 24 31 111 29 45 24 21 3 3 6 1 1.71 16 16 19 13 
289 0 0 2 2 2 1 7 0 7 0 1 0 1 8 8 1 8 0 0 0 8 149 13 64 18 33 72 28 46 19 27 4 4 4 2 1.13 18 18 18 8 
297 0 0 1 1 1 1 4 0 3 0 1 0 0 4 4 0 4 0 0 0 4 64 6 19 7 6 39 7 13 7 6 2 2 2 1 2.05 5 5 5 4 
295 0 0 1 1 1 1 4 0 4 0 1 0 0 5 5 0 5 0 0 0 5 70 6 23 7 9 41 7 14 7 7 2 2 2 1 1.78 6 6 6 5 
293 0 0 1 1 1 1 3 0 3 0 1 0 0 5 5 0 5 0 0 0 5 72 6 21 7 7 45 7 14 7 7 2 2 2 1 2.14 6 6 6 5 
290 0 0 1 1 1 1 3 0 3 0 2 0 0 13 13 3 13 0 0 0 13 191 21 60 24 22 110 25 42 24 18 3 3 4 1 1.83 16 16 17 13 
288 0 0 1 1 1 1 4 0 4 0 1 0 1 8 8 1 8 0 0 0 8 113 11 37 13 16 65 14 25 13 12 2 2 3 1 1.76 10 10 11 8 
447 0 0 1 1 1 1 4 0 4 0 1 0 3 5 5 2 5 0 0 0 5 115 12 40 18 17 63 21 29 16 13 2 2 2 1 1.58 7 7 7 5 
222 0 0 3 3 3 1 12 0 11 0 2 0 2 7 7 5 7 0 2 0 5 182 18 110 45 57 54 66 89 49 40 7 7 7 4 0.49 19 19 20 7 
300 0 0 0 0 0 0 0 0 0 0 1 0 0 0 0 24 0 0 0 0 0 147 25 27 26 24 95 25 26 26 0 0 0 0 0 3.52 0 0 0 0 
218 0 0 1 1 1 1 1 0 1 0 1 0 0 7 7 0 7 7 0 0 0 109 10 23 22 0 76 17 18 18 0 1 1 1 0 3.3 7 7 7 7 
220 1 1 1 1 1 1 4 0 4 0 1 0 0 10 10 8 10 0 0 0 10 186 20 60 31 18 106 32 43 25 18 1 1 1 0 1.77 10 10 10 10 
355 1 1 2 2 2 1 11 0 11 0 1 0 1 9 9 7 9 0 0 2 7 239 25 136 67 62 78 80 98 50 48 4 4 4 2 0.57 18 18 18 11 
217 0 0 1 1 1 1 5 0 5 0 1 0 2 5 5 3 5 0 1 0 4 116 13 45 28 12 58 26 33 23 10 2 2 2 1 1.29 6 6 6 5 
287 0 0 1 1 1 1 2 0 2 0 1 0 13 6 6 1 6 0 0 0 6 128 21 31 23 18 76 23 27 23 4 1 1 1 0 2.45 6 6 6 6 
291 0 0 1 1 1 1 1 0 1 0 1 0 0 13 13 0 13 13 0 0 0 49 14 16 15 0 19 14 15 15 0 1 1 1 0 1.19 13 13 13 13 
354 0 0 1 1 1 1 6 0 5 0 1 2 0 3 1 0 3 0 1 0 2 85 9 21 15 4 55 7 11 9 2 1 1 1 0 2.62 3 3 3 3 
286 0 0 1 1 2 1 3 0 3 0 1 0 0 10 10 3 10 0 0 0 10 136 16 45 19 16 75 19 31 19 12 4 4 6 1 1.67 13 13 15 10 
318 0 0 1 1 1 1 1 0 1 0 1 0 0 4 4 0 4 4 0 0 0 71 8 11 10 0 52 7 8 8 0 1 1 1 0 4.73 4 4 4 4 
351 0 0 2 2 2 2 6 0 6 0 1 2 3 2 0 3 2 0 0 0 2 96 9 45 25 19 42 28 35 23 12 3 3 3 2 0.93 4 4 4 4 
352 0 0 4 4 4 1 16 0 16 0 1 1 2 16 15 1 16 0 2 0 14 334 23 270 49 211 41 177 235 53 182 27 27 27 3 0.15 57 57 58 16 
299 0 0 1 1 2 1 5 0 5 0 1 0 1 26 26 9 26 0 0 0 26 401 39 147 45 73 215 72 105 45 60 5 5 11 1 1.46 38 38 45 26 
302 1 1 1 1 1 1 1 0 1 0 1 0 0 2 2 0 2 2 0 0 0 62 5 9 8 0 48 6 7 7 0 1 1 1 0 5.33 2 2 2 2 
298 0 0 2 2 2 1 5 0 5 0 1 0 0 13 13 3 13 0 0 0 13 212 18 77 24 36 117 33 53 24 29 4 4 6 1 1.52 22 22 25 13 
242 3 2 2 2 2 1 9 0 8 0 3 0 2 20 20 12 20 11 0 5 4 387 40 200 55 109 147 98 146 54 92 9 9 9 2 0.73 46 46 46 20 
256 0 0 2 2 2 2 9 0 7 1 2 1 3 13 12 3 13 2 1 0 10 251 31 119 32 66 101 52 83 39 44 10 10 11 6 0.85 27 27 29 23 
244 0 0 2 2 3 2 10 0 9 1 2 0 0 8 8 7 8 2 1 1 4 223 24 96 38 51 107 53 75 38 37 6 6 7 4 1.11 19 19 21 16 
457 1 1 2 2 2 1 11 1 9 1 5 0 0 13 13 5 13 4 1 3 5 202 34 125 40 71 43 67 90 48 42 9 9 9 0 0.34 23 23 23 16 
284 0 0 2 2 2 1 9 0 8 0 5 0 0 20 20 11 20 2 2 2 14 402 40 195 71 96 167 98 140 74 66 19 19 23 7 0.86 39 39 43 20 
252 0 0 1 1 1 1 3 0 3 0 1 0 0 2 2 0 2 2 0 0 0 47 5 12 7 2 30 6 9 7 2 1 1 1 0 2.5 2 2 2 2 
236 2 1 3 3 3 1 11 0 10 0 5 1 1 18 17 5 18 5 5 0 8 390 34 226 72 130 130 120 170 77 93 13 13 16 4 0.58 47 47 51 23 
235 0 0 1 1 1 1 2 0 2 0 1 0 0 4 4 2 4 3 0 0 1 62 9 16 10 3 37 10 13 10 3 1 1 1 0 2.31 4 4 4 4 
265 0 0 2 2 2 1 7 1 5 0 1 4 4 5 1 2 5 0 1 0 4 119 21 46 18 24 52 23 34 17 17 5 5 5 2 1.13 9 9 9 5 
277 0 0 2 2 2 1 6 0 5 0 5 0 0 19 19 10 19 1 2 2 14 313 37 135 51 57 141 72 104 56 48 10 10 10 3 1.04 29 29 29 22 
282 0 0 1 1 2 1 6 0 5 0 5 0 1 20 20 12 20 0 2 2 16 348 46 136 52 59 167 67 99 52 47 6 6 7 3 1.23 29 29 30 24 
255 0 0 1 1 1 1 3 0 3 0 4 2 1 18 16 4 18 16 0 0 2 257 29 87 35 33 141 39 62 37 25 3 3 4 2 1.62 20 20 21 18 
246 0 0 3 3 4 1 16 0 15 1 2 1 4 5 4 6 5 4 1 0 0 191 19 93 28 55 79 52 73 30 43 6 6 7 3 0.85 17 17 18 5 
273 0 0 3 3 3 2 18 0 15 2 3 0 1 12 12 3 12 1 1 0 10 264 27 148 43 87 90 83 113 46 67 11 11 12 3 0.61 30 30 31 20 
262 0 0 3 3 3 2 14 0 11 2 1 2 2 3 1 0 3 0 1 0 2 76 7 40 14 26 29 20 29 13 16 4 4 4 2 0.72 8 8 8 5 
283 1 1 1 1 1 1 6 0 6 0 2 1 2 17 16 3 17 0 1 0 16 227 24 108 43 43 95 43 69 35 34 2 2 2 1 0.88 22 22 22 17 
260 0 0 1 1 1 1 2 0 2 0 1 2 7 3 1 0 3 0 1 0 2 97 11 18 12 9 68 10 14 12 2 1 1 1 0 3.78 3 3 3 3 
451 1 1 2 2 2 1 14 0 12 1 1 0 1 6 6 4 6 0 2 0 4 218 19 106 49 55 93 65 82 46 36 4 4 4 3 0.88 14 14 14 6 
245 0 0 1 1 1 1 1 0 1 0 1 0 0 1 1 0 1 1 0 0 0 38 4 5 4 0 29 3 4 4 0 1 1 1 0 5.8 1 1 1 1 
238 0 0 2 2 2 1 6 0 6 0 1 0 0 12 12 5 12 12 0 0 0 216 20 99 39 51 97 59 80 41 39 5 5 6 2 0.98 18 18 19 12 
248 0 0 1 1 1 1 1 0 1 0 1 0 0 1 1 0 1 1 0 0 0 35 4 5 4 0 26 3 4 4 0 1 1 1 0 5.2 1 1 1 1 
247 0 0 3 3 3 1 15 0 12 2 4 0 2 15 15 15 15 8 0 0 7 463 56 221 67 133 186 130 174 72 102 12 12 13 5 0.84 41 41 43 21 
454 0 0 3 3 3 1 11 0 10 0 2 0 1 18 18 16 18 0 4 1 13 441 44 228 78 119 169 118 164 71 93 10 10 11 4 0.74 45 45 48 21 
271 0 0 3 3 3 2 16 0 11 4 1 2 1 3 1 0 3 0 1 0 2 76 7 39 11 24 30 18 27 10 17 4 4 4 2 0.77 8 8 8 5 
275 3 1 8 7 9 2 42 1 36 5 2 1 1 19 18 7 19 0 4 0 15 996 59 746 199 532 200 433 557 204 353 50 31 53 5 0.27 157 133 171 31 
274 0 0 1 1 1 1 4 0 4 0 1 0 0 3 3 1 3 1 0 1 1 64 6 19 9 5 39 9 14 9 5 2 2 2 1 2.05 4 4 4 3 
257 1 1 1 1 2 1 7 0 6 0 1 0 0 8 8 5 8 1 1 0 6 161 16 73 28 34 72 37 51 27 24 3 3 5 4 0.99 11 11 13 8 
268 1 1 1 1 1 1 3 0 3 0 1 0 0 7 7 6 7 1 0 0 6 116 16 44 23 13 61 27 35 23 12 1 1 1 0 1.39 7 7 7 7 
237 3 2 2 2 2 1 11 0 10 1 11 9 22 71 62 30 71 38 11 0 22 1758 173 815 238 495 770 447 619 237 382 13 13 13 4 0.94 161 161 163 90 
456 1 1 2 2 2 1 6 0 6 0 1 0 0 4 4 1 4 1 0 0 3 90 10 39 22 12 41 19 26 18 8 2 2 2 1 1.05 6 6 6 4 
239 1 1 1 1 1 1 1 0 1 0 1 0 0 1 1 0 1 0 0 0 1 41 3 9 8 0 29 5 6 6 0 1 1 1 0 3.22 1 1 1 1 
258 5 2 3 2 3 1 16 0 15 1 1 1 1 16 15 4 16 0 3 12 1 503 30 276 97 181 198 136 169 89 80 11 10 11 4 0.72 46 38 46 21 
263 0 0 2 2 2 1 6 0 5 0 1 0 1 11 11 5 11 1 0 1 9 197 20 81 28 38 96 39 58 27 31 4 4 4 2 1.19 18 18 19 11 
267 0 0 1 1 2 1 4 0 4 0 3 0 0 16 16 6 16 3 0 1 12 223 28 94 34 37 101 41 66 34 32 6 6 8 2 1.07 23 23 26 16 
455 0 0 2 2 2 2 7 0 7 0 1 0 0 8 8 3 8 2 0 0 6 146 14 63 22 35 69 34 51 24 27 4 4 4 2 1.1 16 16 16 13 
458 0 0 2 2 2 1 6 0 6 0 4 0 1 18 18 9 18 1 2 2 13 301 37 126 49 53 138 63 94 51 43 6 6 6 4 1.1 27 27 27 18 
249 2 2 2 2 2 1 9 0 8 0 1 0 3 10 10 3 10 10 0 0 0 229 20 104 44 56 105 59 79 42 37 5 5 5 4 1.01 17 17 18 10 
251 0 0 1 1 1 1 3 0 3 0 1 0 0 6 6 3 6 0 0 0 6 108 12 30 15 8 66 16 23 15 8 1 1 1 0 2.2 6 6 6 6 
250 1 1 3 3 3 1 16 1 13 1 2 0 2 6 6 7 6 0 0 1 5 238 24 120 58 59 94 75 92 54 38 7 7 8 2 0.78 16 16 17 6 
281 0 0 2 2 2 1 8 0 8 0 1 0 1 5 5 5 5 0 1 0 4 139 15 63 33 23 61 40 50 30 20 3 3 3 2 0.97 9 9 9 5 
279 1 1 3 3 3 2 11 0 10 1 3 0 2 20 20 11 20 2 3 1 14 493 50 248 79 143 195 135 184 79 105 16 16 24 9 0.79 52 52 63 32 
452 1 1 1 1 1 1 4 0 4 0 1 0 0 4 4 2 4 1 0 2 1 60 9 26 13 9 25 14 20 13 7 2 2 2 1 0.96 5 5 5 4 
254 0 0 1 1 1 1 4 0 4 0 3 0 0 19 19 2 19 0 0 4 15 260 29 94 37 34 137 42 68 35 33 2 2 3 1 1.46 23 23 26 19 
269 0 0 7 6 7 3 27 2 22 3 1 1 1 3 2 3 3 1 2 0 0 162 16 81 25 51 65 50 67 30 37 17 14 18 3 0.8 20 17 21 9 
243 0 0 2 2 2 1 6 0 6 0 4 0 1 12 12 4 12 8 2 0 2 217 20 99 39 45 98 50 72 40 32 5 5 5 3 0.99 20 20 20 12 
272 1 1 2 2 2 2 9 0 8 0 2 0 0 11 11 7 11 2 0 0 9 283 23 127 48 60 133 68 95 49 46 9 9 9 5 1.05 26 26 26 17 
450 0 0 1 1 1 1 3 0 3 0 1 0 0 3 3 2 3 1 0 0 2 61 7 16 8 4 38 8 12 8 4 1 1 1 0 2.38 3 3 3 3 
264 0 0 1 1 1 1 1 0 1 0 1 0 0 2 2 0 2 2 0 0 0 50 6 7 6 0 37 5 6 6 0 1 1 1 0 5.29 2 2 2 2 
240 7 1 2 2 2 1 7 0 6 0 4 0 7 50 50 19 50 0 2 5 43 834 91 385 164 200 362 205 282 157 125 10 10 11 4 0.94 78 78 80 53 
270 0 0 3 3 3 2 14 0 13 0 2 0 1 7 7 4 7 3 1 0 3 210 19 118 48 62 75 59 83 41 42 11 11 12 5 0.64 20 20 23 11 
261 0 0 1 1 1 1 10 0 8 1 2 0 1 7 7 2 7 0 0 1 6 141 13 54 22 27 74 25 36 22 14 3 3 3 1 1.37 10 10 10 9 
253 0 0 1 1 1 1 4 0 4 0 1 0 0 7 7 2 7 0 0 1 6 134 13 40 18 14 81 19 29 18 11 2 2 3 1 2.02 9 9 10 7 
280 0 0 1 1 1 1 3 0 3 0 1 0 0 9 9 2 9 1 0 0 8 112 14 43 18 16 55 21 32 18 14 2 2 3 1 1.28 10 10 11 9 
266 1 1 3 3 3 2 13 0 12 1 1 0 0 2 2 0 2 0 0 0 2 80 5 37 18 16 38 22 28 18 10 4 4 4 3 1.03 5 5 5 4 
453 0 0 0 0 0 0 0 0 0 0 1 0 3 0 0 0 0 0 0 0 0 39 5 6 5 3 28 4 5 5 0 0 0 0 0 4.67 0 0 0 0 
241 3 2 2 2 2 1 6 0 6 0 1 0 2 9 9 3 9 5 2 2 0 188 17 80 34 38 91 48 63 36 27 4 4 4 3 1.14 16 16 16 9 
278 0 0 1 1 1 1 6 0 5 0 4 0 2 20 20 11 20 1 1 2 16 364 38 156 62 68 170 81 116 62 54 5 5 5 4 1.09 27 27 27 23 
259 1 1 3 3 4 1 17 1 15 1 2 0 0 11 11 9 11 0 2 2 7 341 36 193 62 117 112 101 134 57 77 10 10 12 5 0.58 36 35 41 13 
276 0 0 1 1 1 1 5 0 5 0 5 0 0 20 20 8 20 2 2 0 16 290 33 131 58 52 126 68 97 57 40 4 4 4 2 0.96 27 27 27 20 
223 0 0 1 1 1 1 3 0 3 0 1 0 0 13 13 3 13 0 0 0 13 144 18 53 20 18 73 23 39 21 18 2 2 2 1 1.38 15 15 15 13 
335 0 0 1 1 1 1 3 0 3 0 1 0 0 7 7 2 7 0 0 0 7 57 11 27 12 7 19 11 19 12 7 1 1 1 0 0.7 7 7 7 7 
333 0 0 1 1 1 1 3 0 3 0 1 0 0 6 6 1 6 0 0 0 6 49 9 23 10 6 17 9 16 10 6 1 1 1 0 0.74 6 6 6 6 
332 0 0 1 1 1 1 3 0 3 0 1 0 0 8 8 2 8 0 0 0 8 61 13 29 12 8 19 11 20 12 8 1 1 1 0 0.66 8 8 8 8 
327 0 0 1 1 1 1 3 0 3 0 1 0 0 14 14 5 14 0 0 0 14 89 21 51 22 15 17 21 36 22 14 1 1 1 0 0.33 14 14 14 14 
319 0 0 1 1 1 1 3 0 3 0 1 0 0 19 19 0 19 0 0 0 19 100 20 60 21 19 20 20 40 21 19 1 1 1 0 0.33 19 19 19 19 
347 1 1 3 3 4 2 17 0 15 1 6 3 3 39 36 6 39 3 8 0 28 924 81 614 173 413 229 338 462 183 279 14 14 19 5 0.37 130 130 147 59 
348 0 0 1 1 1 1 3 0 3 0 1 0 0 4 4 0 4 0 0 0 4 62 7 23 14 4 32 10 15 11 4 1 1 1 0 1.39 4 4 4 4 
349 0 0 5 5 6 1 21 0 19 0 1 4 0 20 16 4 20 0 5 0 15 565 41 433 104 297 91 250 343 111 232 14 14 20 4 0.21 92 92 112 23 
303 0 0 1 1 1 1 3 0 3 0 1 0 0 4 4 0 4 0 0 0 4 62 7 23 14 4 32 10 15 11 4 1 1 1 0 1.39 4 4 4 4 
316 0 0 5 5 5 1 21 0 21 0 1 1 0 17 16 3 17 0 2 0 15 476 28 392 91 276 56 237 320 96 224 22 22 22 4 0.14 82 82 84 17 
304 0 0 1 1 1 1 4 0 4 0 1 1 0 20 19 5 20 0 0 0 20 151 27 91 29 36 33 38 67 31 36 4 4 4 3 0.36 29 29 29 20 
315 2 2 10 9 11 2 42 0 38 3 2 2 32 16 14 3 16 1 11 0 4 1034 67 675 160 519 294 344 482 154 328 55 55 57 6 0.44 161 141 179 36 
173 0 0 1 1 1 1 4 0 4 0 1 0 0 6 6 5 6 0 0 0 6 124 15 38 21 10 71 20 27 17 10 1 1 1 0 1.87 6 6 6 6 
172 0 0 1 1 1 1 1 0 1 0 1 0 0 5 5 3 5 5 0 0 0 118 11 19 18 3 88 14 15 15 0 1 1 1 0 4.63 5 5 5 5 
180 0 0 1 1 1 1 4 0 4 0 1 0 1 5 5 0 5 0 0 0 5 60 8 26 10 9 26 10 18 10 8 3 3 3 1 1 7 7 7 7 
171 0 0 1 1 1 1 4 0 4 0 3 0 0 11 11 5 11 0 0 0 11 174 18 70 28 28 86 34 49 28 21 4 4 4 2 1.23 15 15 15 11 
181 0 0 1 1 1 1 2 0 2 0 1 0 0 3 3 1 3 0 0 0 3 53 6 15 9 2 32 7 11 9 2 1 1 1 0 2.13 3 3 3 3 
179 0 0 3 3 4 1 13 0 12 1 1 0 0 2 2 1 2 0 0 0 2 72 5 36 19 17 31 22 29 19 10 5 5 7 2 0.86 6 6 8 2 
174 0 0 0 0 0 0 0 0 0 0 1 0 0 0 0 1 0 0 0 0 0 33 2 5 4 1 26 2 3 3 0 0 0 0 0 5.2 0 0 0 0 
177 1 1 3 3 3 2 11 1 9 1 1 0 0 6 6 5 6 0 0 0 6 142 19 71 25 31 52 32 49 20 29 5 5 6 2 0.73 16 16 18 9 
178 1 1 2 2 2 1 10 0 9 1 1 0 3 10 10 5 10 0 0 0 10 229 25 113 39 64 91 59 82 38 44 10 10 11 4 0.81 23 23 24 10 
176 0 0 1 1 1 1 4 0 4 0 1 0 1 5 5 0 5 0 0 0 5 60 8 26 10 9 26 10 18 10 8 3 3 3 1 1 7 7 7 7 
175 0 0 2 2 2 1 5 0 5 0 1 0 0 5 5 1 5 0 0 0 5 68 8 31 11 12 29 13 22 11 11 3 3 3 1 0.94 8 8 8 7 
54 0 0 0 0 0 0 0 0 0 0 1 0 0 0 0 0 0 0 0 0 0 27 2 4 4 0 21 1 2 2 0 0 0 0 0 5.25 0 0 0 0 
460 0 0 1 1 1 1 1 0 1 0 1 0 0 6 6 0 6 6 0 0 0 61 9 9 8 0 43 7 8 8 0 1 1 1 0 4.78 6 6 6 6 
461 0 0 1 1 1 1 1 0 1 0 1 0 1 2 2 0 2 2 0 0 0 40 5 6 5 1 29 4 5 5 0 1 1 1 0 4.83 2 2 2 2 
459 0 0 2 2 2 1 11 0 9 1 2 0 6 12 12 7 12 7 1 0 4 252 30 138 49 82 84 84 114 54 60 12 12 13 3 0.61 25 25 26 14 
46 0 0 2 2 2 1 10 0 9 0 1 0 0 19 19 4 19 0 0 0 19 369 30 188 45 118 151 94 139 45 94 7 7 7 3 0.8 44 44 45 19 
25 0 0 2 2 2 1 5 0 5 0 1 0 9 32 32 5 32 4 2 10 16 432 43 185 59 95 204 79 123 59 64 8 3 8 2 1.1 57 48 59 32 
45 0 0 1 1 1 1 1 0 1 0 1 0 0 11 11 0 11 11 0 0 0 116 13 17 16 0 86 15 16 16 0 1 1 1 0 5.06 11 11 11 11 
462 0 0 1 1 1 1 1 0 1 0 1 0 0 1 1 0 1 1 0 0 0 30 2 4 3 0 24 2 3 3 0 1 1 1 0 6 1 1 1 1 
33 0 0 1 1 1 1 3 0 3 0 1 0 0 2 2 0 2 0 0 0 2 49 5 10 5 2 34 4 7 5 2 1 1 1 0 3.4 2 2 2 2 
26 0 0 1 1 1 1 1 0 1 0 1 0 0 4 4 0 4 4 0 0 0 57 5 7 6 0 45 5 6 6 0 1 1 1 0 6.43 4 4 4 4 
27 0 0 1 1 1 1 1 0 1 0 1 0 0 4 4 0 4 4 0 0 0 64 6 10 9 0 48 6 7 7 0 1 1 1 0 4.8 4 4 4 4 
30 0 0 2 1 2 1 5 0 5 0 1 0 1 13 13 1 13 0 1 1 11 171 18 90 32 46 63 49 66 32 34 9 3 9 1 0.7 23 17 23 13 
44 1 1 1 1 1 1 5 0 3 1 1 0 1 14 14 2 14 0 0 0 14 197 21 68 28 26 108 36 52 28 24 2 2 2 1 1.59 15 15 15 14 
29 0 0 1 1 1 1 3 0 3 0 1 0 0 1 1 0 1 0 0 0 1 37 3 7 4 1 27 3 5 4 1 1 1 1 0 3.86 1 1 1 1 
31 0 0 1 1 1 1 1 0 1 0 1 0 0 9 9 0 9 9 0 0 0 105 11 15 14 0 79 13 14 14 0 1 1 1 0 5.27 9 9 9 9 
62 1 1 1 1 1 1 3 0 3 0 1 0 2 13 13 1 13 0 0 0 13 144 18 55 26 17 71 25 40 26 14 2 2 2 1 1.29 14 14 14 13 
39 0 0 2 2 2 1 10 0 8 1 1 0 0 27 27 6 27 0 0 3 24 519 58 247 69 136 214 109 168 55 113 5 5 6 3 0.87 57 57 60 30 
63 1 1 1 1 2 1 6 0 6 0 2 0 2 23 23 8 23 0 3 0 20 319 38 180 58 88 101 77 128 58 70 3 3 4 2 0.56 34 34 35 23 
463 0 0 1 1 1 1 4 0 4 0 1 0 0 2 2 1 2 0 0 0 2 48 5 13 6 5 30 7 10 6 4 1 1 1 0 2.31 2 2 2 2 
32 0 0 1 1 1 1 3 0 3 0 1 0 0 2 2 0 2 0 0 0 2 47 4 9 4 2 34 3 6 4 2 1 1 1 0 3.78 2 2 2 2 
35 0 0 1 1 1 1 3 0 3 0 1 0 1 9 9 2 9 0 0 0 9 126 15 39 20 11 72 19 29 20 9 1 1 1 0 1.85 9 9 9 9 
34 0 0 2 2 2 1 4 0 4 0 1 1 1 7 6 1 7 0 0 0 7 120 12 41 14 16 67 17 29 14 15 3 3 3 1 1.63 11 11 11 9 
28 1 1 2 2 2 1 7 0 6 0 4 0 1 101 101 17 101 10 5 5 81 1388 153 748 210 411 494 350 541 210 331 15 15 17 6 0.66 189 189 197 128 
48 0 0 1 1 1 1 1 0 1 0 1 0 0 1 1 0 1 1 0 0 0 35 4 6 5 0 25 4 5 5 0 1 1 1 0 4.17 1 1 1 1 
36 0 0 1 1 1 1 1 0 1 0 1 0 0 4 4 0 4 4 0 0 0 67 6 10 9 0 51 7 8 8 0 1 1 1 0 5.1 4 4 4 4 
464 0 0 8 8 10 6 52 6 32 14 2 1 0 3 2 0 3 3 0 0 0 211 24 109 33 66 78 59 76 35 41 23 23 27 5 0.72 25 25 29 17 
47 0 0 1 1 1 1 4 0 4 0 1 0 0 1 1 0 1 0 0 0 1 36 4 11 9 1 21 7 9 8 1 1 1 1 0 1.91 1 1 1 1 
41 0 0 0 0 0 0 0 0 0 0 1 0 0 0 0 0 0 0 0 0 0 25 1 3 3 0 21 1 2 2 0 0 0 0 0 7 0 0 0 0 
24 0 0 2 2 2 1 9 0 8 1 2 0 1 23 23 6 23 0 2 1 20 355 34 177 53 97 148 94 133 59 74 7 7 7 6 0.84 37 37 38 23 
37 1 1 2 2 2 1 11 0 8 1 3 0 1 49 49 6 49 1 0 0 48 941 100 455 152 250 386 212 316 130 186 11 11 11 3 0.85 98 98 104 68 
40 3 1 4 4 4 2 22 1 17 2 4 0 1 40 40 17 40 0 11 4 25 1397 132 763 215 483 502 413 557 204 353 21 21 29 5 0.66 149 149 164 94 
43 0 0 1 1 1 1 3 0 3 0 1 0 0 2 2 0 2 0 0 0 2 48 4 9 4 2 35 3 6 4 2 1 1 1 0 3.89 2 2 2 2 
42 0 0 2 2 2 1 6 0 6 0 1 0 0 10 10 2 10 0 0 0 10 159 16 71 27 34 72 30 51 27 24 2 2 2 1 1.01 20 20 20 10 
38 0 0 1 1 1 1 1 0 1 0 1 0 0 9 9 0 9 9 0 0 0 123 12 19 18 0 92 13 14 14 0 1 1 1 0 4.84 9 9 9 9 
64 1 1 3 3 4 2 12 0 12 0 1 0 1 18 18 5 18 0 3 1 14 421 33 247 88 133 141 119 178 82 96 15 15 19 4 0.57 62 62 72 31 
50 0 0 0 0 0 0 0 0 0 0 1 0 0 0 0 0 0 0 0 0 0 28 2 5 5 0 21 2 3 3 0 0 0 0 0 4.2 0 0 0 0 
51 0 0 0 0 0 0 0 0 0 0 1 0 0 0 0 0 0 0 0 0 0 28 2 5 5 0 21 2 3 3 0 0 0 0 0 4.2 0 0 0 0 
53 0 0 0 0 0 0 0 0 0 0 1 0 0 0 0 0 0 0 0 0 0 28 2 5 5 0 21 2 3 3 0 0 0 0 0 4.2 0 0 0 0 
52 0 0 0 0 0 0 0 0 0 0 1 0 0 0 0 0 0 0 0 0 0 28 2 5 5 0 21 2 3 3 0 0 0 0 0 4.2 0 0 0 0 
49 0 0 0 0 0 0 0 0 0 0 1 0 0 0 0 0 0 0 0 0 0 28 2 5 5 0 21 2 3 3 0 0 0 0 0 4.2 0 0 0 0 
59 0 0 0 0 0 0 0 0 0 0 1 0 0 0 0 0 0 0 0 0 0 28 2 5 5 0 21 2 3 3 0 0 0 0 0 4.2 0 0 0 0 
61 0 0 0 0 0 0 0 0 0 0 1 0 0 0 0 0 0 0 0 0 0 28 2 5 5 0 21 2 3 3 0 0 0 0 0 4.2 0 0 0 0 
55 0 0 0 0 0 0 0 0 0 0 1 0 0 0 0 0 0 0 0 0 0 26 2 3 3 0 21 1 2 2 0 0 0 0 0 7 0 0 0 0 
57 0 0 1 1 1 1 3 0 3 0 1 0 0 1 1 0 1 0 0 0 1 30 3 6 4 1 21 3 5 4 1 1 1 1 0 3.5 1 1 1 1 
56 0 0 0 0 0 0 0 0 0 0 1 0 0 0 0 0 0 0 0 0 0 25 1 3 3 0 21 1 2 2 0 0 0 0 0 7 0 0 0 0 
58 0 0 1 1 1 1 5 0 4 1 1 6 0 6 0 0 6 0 0 0 6 89 9 35 23 6 45 12 19 13 6 1 1 1 0 1.29 6 6 6 6 
60 0 0 0 0 0 0 0 0 0 0 1 0 0 0 0 0 0 0 0 0 0 29 3 5 5 0 21 2 3 3 0 0 0 0 0 4.2 0 0 0 0 
129 0 0 1 1 1 1 4 0 4 0 1 0 2 8 8 2 8 0 0 0 8 156 17 61 32 24 78 36 46 30 16 3 3 3 1 1.28 10 10 10 8 
128 0 0 3 3 3 2 10 0 10 0 1 0 1 8 8 2 8 0 0 0 8 220 19 100 37 53 101 55 76 39 37 5 5 6 2 1.01 21 21 23 12 
127 0 0 1 1 1 1 1 0 1 0 1 0 0 1 1 0 1 1 0 0 0 35 2 5 4 0 28 3 4 4 0 1 1 1 0 5.6 1 1 1 1 
130 0 0 1 1 1 1 3 0 3 0 1 0 0 6 6 2 6 0 0 0 6 97 9 27 14 8 61 13 20 14 6 1 1 1 0 2.26 6 6 6 6 
68 0 0 3 3 3 2 14 0 12 1 1 0 5 20 20 5 20 0 0 0 20 548 34 292 81 174 222 127 191 70 121 7 7 7 3 0.76 64 64 67 32 
67 1 1 2 2 2 2 7 0 7 0 1 18 3 34 16 2 34 0 9 0 25 497 44 291 79 164 162 135 192 79 113 18 10 18 4 0.56 80 56 80 72 
156 2 1 2 2 2 1 9 0 8 0 3 0 1 25 25 4 25 1 2 15 7 526 40 240 90 130 246 115 164 79 85 5 5 6 3 1.02 48 48 50 34 
166 0 0 2 2 2 1 6 0 6 0 1 1 0 9 8 2 9 0 0 0 9 178 13 67 27 36 98 37 52 26 26 5 5 6 2 1.46 15 15 17 11 
146 0 0 1 1 1 1 1 0 1 0 1 0 0 1 1 0 1 1 0 0 0 34 4 5 4 0 25 3 4 4 0 1 1 1 0 5 1 1 1 1 
154 0 0 1 1 1 1 3 0 3 0 1 0 0 2 2 1 2 0 0 1 1 48 5 12 6 3 31 5 8 5 3 1 1 1 0 2.58 2 2 2 2 
145 0 0 1 1 1 1 1 0 1 0 1 0 0 6 6 0 6 6 0 0 0 77 10 13 12 0 54 11 12 12 0 1 1 1 0 4.15 6 6 6 6 
168 0 0 4 3 5 2 18 0 15 1 1 2 3 11 9 5 11 0 1 1 9 355 30 205 70 124 120 104 143 65 78 21 12 23 4 0.59 48 38 51 24 
163 0 0 1 1 1 1 5 0 5 0 1 0 0 7 7 0 7 0 0 0 7 97 11 44 19 16 42 16 26 15 11 2 2 2 1 0.95 9 9 9 7 
164 0 0 1 1 1 1 1 0 1 0 1 0 0 4 4 0 4 4 0 0 0 63 7 10 9 0 46 7 8 8 0 1 1 1 0 4.6 4 4 4 4 
152 0 0 1 1 1 1 1 0 1 0 1 0 0 10 10 0 10 10 0 0 0 106 13 16 15 0 77 14 15 15 0 1 1 1 0 4.81 10 10 10 10 
153 0 0 1 1 1 1 1 0 1 0 1 0 0 11 11 0 11 11 0 0 0 116 14 19 18 0 83 17 18 18 0 1 1 1 0 4.37 11 11 11 11 
158 0 0 3 3 3 1 14 1 11 1 1 1 1 21 20 7 21 6 1 0 14 512 65 270 97 162 177 159 212 93 119 11 11 12 4 0.66 53 53 55 30 
159 0 0 2 2 2 1 7 0 6 0 1 0 0 28 28 5 28 9 4 0 15 420 41 214 73 110 165 111 164 76 88 3 3 4 3 0.77 51 51 52 32 
147 0 0 1 1 1 1 1 0 1 0 1 0 0 2 2 0 2 2 0 0 0 43 5 6 5 0 32 4 5 5 0 1 1 1 0 5.33 2 2 2 2 
155 1 1 1 1 1 1 2 0 2 0 1 0 0 4 4 2 4 0 0 2 2 68 8 15 9 3 45 9 12 9 3 1 1 1 0 3 4 4 4 4 
167 0 0 1 1 1 1 4 0 4 0 1 1 0 6 5 1 6 0 0 0 6 113 9 37 16 15 67 18 26 14 12 2 2 2 1 1.81 7 7 7 6 
157 1 1 2 2 2 1 11 0 10 0 1 0 0 28 28 4 28 0 5 0 23 610 52 326 124 191 232 179 242 118 124 6 6 6 3 0.71 65 65 65 36 
151 2 1 2 2 2 2 9 0 9 0 1 0 1 18 18 0 18 0 1 1 16 320 24 199 73 106 97 91 128 62 66 4 4 4 2 0.49 43 43 43 28 
149 0 0 1 1 1 1 5 0 5 0 1 0 1 12 12 0 12 0 0 1 11 194 19 88 44 35 87 51 69 42 27 3 3 3 2 0.99 17 17 17 14 
161 1 1 1 1 1 1 4 0 3 0 1 0 0 16 16 4 16 0 0 0 16 193 26 83 45 22 84 40 58 38 20 2 2 2 1 1.01 17 17 18 16 
165 0 0 2 2 2 1 5 0 5 0 1 0 0 9 9 4 9 0 1 0 8 152 18 64 27 27 70 35 50 28 22 3 3 3 2 1.09 14 14 14 9 
150 0 0 1 1 1 1 1 0 1 0 1 0 0 11 11 0 11 11 0 0 0 154 14 29 28 0 111 21 22 22 0 1 1 1 0 3.83 11 11 11 11 
160 2 2 2 2 2 1 10 0 9 0 8 0 2 34 34 10 34 1 0 6 27 640 67 370 145 197 203 183 252 123 129 9 9 9 5 0.55 59 59 60 42 
148 0 0 1 1 1 1 1 0 1 0 1 0 0 1 1 0 1 1 0 0 0 66 5 8 7 0 53 6 7 7 0 1 1 1 0 6.63 1 1 1 1 
162 0 0 2 2 2 1 7 0 7 0 1 0 2 36 36 5 36 1 2 8 25 551 66 296 121 137 189 146 208 98 110 4 4 4 2 0.64 61 61 63 40 
21 0 0 2 2 2 1 9 0 8 0 1 0 1 28 28 5 28 0 0 11 17 498 48 267 96 129 183 130 193 89 104 6 6 6 3 0.69 60 60 62 33 
22 0 0 1 1 1 1 1 0 1 0 1 0 0 7 7 0 7 5 0 0 2 99 11 22 21 0 66 15 16 16 0 1 1 1 0 3 7 7 7 7 
23 0 0 2 2 2 1 7 0 6 0 1 0 0 11 11 3 11 0 0 1 10 214 19 91 41 40 104 46 64 33 31 3 3 3 2 1.14 17 17 18 11 
19 0 0 2 2 2 1 4 0 4 0 1 0 0 4 4 1 4 0 0 0 4 70 7 24 12 7 39 12 18 12 6 3 3 3 1 1.63 6 6 6 4 
20 0 0 1 1 1 1 1 0 1 0 1 0 0 1 1 0 1 1 0 0 0 35 4 6 5 0 25 4 5 5 0 1 1 1 0 4.17 1 1 1 1 
382 0 0 2 2 2 2 12 1 9 2 2 0 1 16 16 15 16 0 0 12 4 449 49 194 87 99 206 115 145 75 70 8 8 10 4 1.06 34 34 37 24 
377 0 0 3 3 4 2 20 0 17 3 2 0 3 10 10 5 10 0 0 1 9 329 18 198 59 125 113 104 142 56 86 5 5 6 4 0.57 34 34 35 23 
378 0 0 4 4 4 2 23 1 17 4 1 0 1 8 8 2 8 1 3 0 4 297 25 159 59 95 113 85 114 50 64 10 10 10 5 0.71 28 28 29 17 
381 0 0 2 2 2 1 16 1 11 3 1 0 2 8 8 1 8 0 1 6 1 223 23 116 57 58 84 59 78 48 30 8 8 9 3 0.72 18 18 19 11 
379 0 0 1 1 1 1 7 0 6 1 1 0 1 12 12 6 12 0 0 0 12 220 25 97 39 42 98 49 67 36 31 3 3 3 2 1.01 17 17 17 12 
370 0 0 1 1 1 1 1 0 1 0 1 0 0 4 4 0 4 4 0 0 0 74 8 10 9 0 56 7 8 8 0 1 1 1 0 5.6 4 4 4 4 
372 0 0 2 2 2 2 7 0 6 0 1 0 0 6 6 3 6 0 0 0 6 137 15 57 26 25 65 32 44 25 19 3 3 3 1 1.14 11 11 11 10 
371 0 0 1 1 1 1 3 0 3 0 1 0 0 5 5 4 5 0 0 0 5 105 12 28 14 8 65 15 21 13 8 1 1 1 0 2.32 5 5 5 5 
383 2 1 4 4 5 2 23 1 17 4 1 0 1 6 6 3 6 0 2 0 4 227 24 131 48 71 72 74 98 45 53 8 8 12 2 0.55 24 24 29 11 
369 0 0 5 5 6 2 32 1 24 6 1 0 1 7 7 5 7 0 0 2 5 316 27 204 77 121 87 113 150 68 82 11 11 13 4 0.43 37 37 39 13 
373 0 0 2 2 2 2 12 0 8 3 1 0 0 4 4 2 4 0 0 1 3 101 12 50 24 20 39 25 34 21 13 3 3 4 2 0.78 8 8 9 8 
375 1 1 8 8 8 1 36 1 29 5 2 0 0 6 6 11 6 1 1 0 4 330 24 209 60 136 97 98 139 53 86 17 17 17 4 0.46 46 46 47 6 
384 0 0 2 2 2 1 13 0 11 2 2 0 12 10 10 0 10 0 0 6 4 227 24 131 59 73 74 64 81 48 33 7 7 9 2 0.56 18 18 20 10 
376 0 0 1 1 1 1 4 0 4 0 1 0 0 5 5 2 5 0 0 1 4 100 12 33 13 12 55 15 23 13 10 2 2 2 1 1.67 7 7 7 5 
374 0 0 1 1 1 1 1 0 1 0 1 0 0 3 3 0 3 3 0 0 0 45 7 13 12 0 25 9 10 10 0 1 1 1 0 1.92 3 3 3 3 
380 1 1 5 5 6 3 51 3 37 11 1 0 1 9 9 11 9 0 2 2 5 629 53 384 130 259 196 212 265 110 155 15 15 17 5 0.51 49 49 52 24 
925 0 0 3 3 3 1 17 1 14 2 1 0 5 2 2 1 2 0 0 0 2 117 14 45 24 26 58 32 38 24 14 4 4 5 3 1.29 5 5 6 2 
