385 1 2 4 4 4 1 29 2 22 4 1 0 9 37 37 3 37 0 5 5 27 1805 138 883 347 546 784 414 567 235 332 22 20 24 5 0.89 156 154 163 54 
356 3 4 3 3 3 2 12 0 11 0 5 0 2 40 40 11 40 0 11 2 27 840 77 479 134 284 284 215 334 130 204 7 7 7 4 0.59 111 111 117 70 
182 1 2 1 1 1 1 1 0 1 0 1 0 0 6 6 0 6 6 0 0 0 111 9 16 15 0 86 12 13 13 0 1 1 1 0 5.38 6 6 6 6 
357 0 0 3 3 3 3 17 1 15 1 1 0 2 18 18 3 18 0 0 8 10 512 45 299 107 193 168 155 207 85 122 7 7 7 3 0.56 58 58 58 46 
362 0 0 1 1 1 1 1 0 1 0 1 0 0 6 6 0 6 6 0 0 0 70 8 9 8 0 53 7 8 8 0 1 1 1 0 5.89 6 6 6 6 
66 0 0 1 1 1 1 1 0 1 0 1 0 1 1 1 0 1 0 0 0 1 42 6 6 5 1 30 4 5 5 0 1 1 1 0 5 1 1 1 1 
140 5 3 4 4 4 2 25 1 17 6 1 0 5 43 43 8 43 4 8 9 22 1455 129 831 274 529 495 424 569 245 324 26 26 28 10 0.6 176 158 188 81 
143 0 0 1 1 1 1 1 0 1 0 1 0 0 3 3 0 3 3 0 0 0 61 4 6 5 0 51 4 5 5 0 1 1 1 0 8.5 3 3 3 3 
142 3 3 3 3 3 1 13 0 11 1 1 0 1 35 35 6 35 12 7 3 13 780 73 436 154 247 271 215 306 133 173 6 6 6 2 0.62 89 89 90 52 
386 0 0 3 3 4 1 18 0 16 1 1 0 1 6 6 3 6 0 0 0 6 246 14 125 58 70 107 74 94 52 42 7 7 7 2 0.86 20 20 21 6 
391 0 0 2 2 2 1 9 0 7 1 1 0 1 10 10 4 10 0 1 0 9 215 19 98 32 49 98 54 75 32 43 8 8 8 3 1 21 21 22 10 
199 0 0 3 3 3 2 12 0 9 2 1 0 0 15 15 5 15 4 0 0 11 333 34 171 49 90 128 79 122 48 74 9 9 11 2 0.75 43 43 45 25 
214 0 0 3 3 3 1 16 1 12 2 1 0 5 24 24 9 24 0 5 1 18 617 68 366 112 226 184 191 259 100 159 12 12 14 4 0.5 64 64 67 26 
110 0 0 2 2 2 1 4 0 4 0 1 1 1 7 6 2 7 0 0 0 7 119 12 41 13 17 66 17 29 13 16 3 3 3 1 1.61 11 11 11 9 
360 0 0 1 1 1 1 1 0 1 0 1 0 0 1 1 0 1 1 0 0 0 36 4 6 5 0 26 4 5 5 0 1 1 1 0 4.33 1 1 1 1 
139 9 5 4 4 4 2 25 2 18 4 1 0 2 129 129 2 129 1 15 32 81 4265 405 2531 787 1643 1329 1231 1705 592 1113 38 38 43 5 0.53 479 479 523 200 
65 0 0 2 2 2 1 6 0 6 0 1 1 1 8 7 3 8 0 0 0 8 151 16 60 20 31 75 29 44 20 24 3 3 4 1 1.25 14 14 15 10 
144 4 2 3 3 3 1 22 2 16 3 1 0 1 39 39 1 39 1 0 6 32 1162 141 704 224 443 317 347 477 174 303 11 11 11 4 0.45 134 129 136 44 
169 6 6 2 2 2 1 15 1 11 2 4 2 8 75 73 37 75 18 4 32 21 2021 222 1023 313 591 776 488 685 269 416 10 10 10 4 0.76 173 173 176 90 
215 2 3 3 3 3 1 17 1 14 1 3 0 10 17 17 13 17 0 3 1 13 497 52 276 107 158 172 150 196 100 96 14 14 15 4 0.62 49 49 52 23 
141 5 4 2 2 2 1 13 0 11 1 1 0 5 65 65 17 65 0 1 15 49 1455 146 832 301 456 478 434 585 254 331 22 22 23 6 0.57 156 156 160 69 
170 0 0 1 1 1 1 1 0 1 0 1 0 0 2 2 0 2 2 0 0 0 43 3 5 4 0 35 3 4 4 0 1 1 1 0 7 2 2 2 2 
216 0 0 1 1 1 1 5 0 4 1 2 1 0 9 8 0 9 2 1 1 5 153 13 55 37 9 85 21 32 26 6 1 1 1 0 1.55 9 9 9 9 
392 0 0 2 2 2 1 8 0 8 0 2 3 4 10 7 0 10 0 2 0 8 175 20 78 32 43 77 36 50 33 17 6 6 6 3 0.99 15 15 15 12 
363 3 3 3 3 3 1 11 0 10 0 1 0 1 12 12 5 12 0 2 0 10 287 30 140 33 82 117 74 108 38 70 7 7 7 3 0.84 32 32 32 14 
359 0 0 1 1 1 1 3 0 3 0 1 0 0 2 2 0 2 0 0 0 2 46 4 10 5 2 32 4 7 5 2 1 1 1 0 3.2 2 2 2 2 
387 0 0 2 2 2 1 11 0 10 0 4 0 7 18 18 4 18 1 2 0 15 437 41 185 72 99 211 95 128 64 64 6 6 6 5 1.14 29 29 31 20 
183 2 2 3 3 3 1 18 1 14 2 2 0 1 27 27 8 27 1 1 2 23 775 93 442 168 241 241 226 300 131 169 12 12 12 5 0.55 70 70 71 31 
390 1 1 1 1 1 1 1 0 1 0 1 0 0 1 1 0 1 1 0 0 0 44 3 6 5 0 35 4 5 5 0 1 1 1 0 5.83 1 1 1 1 
389 2 3 2 2 2 1 9 0 7 0 1 1 3 22 21 4 22 0 4 4 14 423 41 207 74 106 175 102 148 66 82 9 9 9 3 0.85 46 46 47 22 
388 1 1 1 1 1 1 4 0 4 0 1 0 0 2 2 0 2 0 0 2 0 50 5 15 10 2 30 7 10 8 2 1 1 1 0 2 2 2 2 2 
361 0 0 2 2 2 2 10 0 8 2 1 0 0 6 6 1 6 0 0 5 1 136 10 62 28 24 64 25 39 20 19 3 3 4 2 1.03 13 13 14 10 
560 1 1 1 1 1 1 3 0 3 0 1 0 0 5 5 3 5 0 0 1 4 88 10 24 13 6 54 13 18 12 6 1 1 1 0 2.25 5 5 5 5 
472 0 0 1 1 1 1 1 0 1 0 1 0 0 4 4 0 4 0 0 0 4 60 7 10 9 0 43 8 9 9 0 1 1 1 0 4.3 4 4 4 4 
474 0 0 1 1 1 1 3 0 3 0 1 0 0 2 2 0 2 0 0 0 2 48 4 10 5 2 34 4 7 5 2 1 1 1 0 3.4 2 2 2 2 
469 4 1 3 3 4 1 16 0 15 0 3 8 13 49 41 18 49 0 20 1 28 1277 125 837 245 582 315 461 607 234 373 18 16 18 5 0.38 168 162 174 73 
561 1 1 1 1 1 1 1 0 1 0 1 0 0 1 1 0 1 0 0 0 1 33 2 4 3 0 27 2 3 3 0 1 1 1 0 6.75 1 1 1 1 
489 0 0 1 1 1 1 3 0 3 0 1 0 0 32 32 1 32 0 0 0 32 274 41 112 50 29 121 42 75 46 29 1 1 1 0 1.08 32 32 32 32 
479 0 0 1 1 1 1 2 0 2 0 1 0 3 3 3 1 3 0 0 1 2 68 9 15 10 5 44 9 12 10 2 1 1 1 0 2.93 3 3 3 3 
475 1 1 1 1 1 1 1 0 1 0 1 0 0 3 3 0 3 0 0 0 3 55 5 7 6 0 43 5 6 6 0 1 1 1 0 6.14 3 3 3 3 
476 0 0 1 1 1 1 1 0 1 0 1 0 0 2 2 0 2 0 0 0 2 46 5 7 6 0 34 5 6 6 0 1 1 1 0 4.86 2 2 2 2 
562 2 1 1 1 1 1 5 0 5 0 1 0 0 7 7 4 7 0 0 2 5 131 17 46 19 18 68 25 34 16 18 2 2 2 1 1.48 8 8 8 7 
471 0 0 1 1 1 1 1 0 1 0 1 0 0 2 2 0 2 0 0 0 2 39 3 5 4 0 31 3 4 4 0 1 1 1 0 6.2 2 2 2 2 
467 0 0 1 1 1 1 1 0 1 0 1 0 0 1 1 0 1 0 0 0 1 36 3 6 5 0 27 3 4 4 0 1 1 1 0 4.5 1 1 1 1 
490 0 0 1 1 1 1 4 0 4 0 1 1 0 3 2 0 3 1 0 0 2 54 5 17 9 7 32 10 14 9 5 1 1 1 0 1.88 3 3 3 3 
484 0 0 1 1 1 1 4 0 4 0 1 1 0 3 2 0 3 1 0 0 2 53 5 17 9 7 31 10 14 9 5 1 1 1 0 1.82 3 3 3 3 
495 0 0 1 1 1 1 4 0 4 0 1 1 0 3 2 0 3 1 0 0 2 54 5 17 9 7 32 10 14 9 5 1 1 1 0 1.88 3 3 3 3 
485 0 0 1 1 1 1 4 0 4 0 1 1 0 8 7 2 8 0 0 1 7 120 12 40 14 16 68 16 26 14 12 4 2 4 1 1.7 11 9 11 8 
466 1 1 1 1 1 1 1 0 1 0 1 0 0 4 4 0 4 0 0 0 4 55 7 9 8 0 39 7 8 8 0 1 1 1 0 4.33 4 4 4 4 
465 1 1 1 1 1 1 1 0 1 0 1 0 0 3 3 0 3 0 0 0 3 61 6 14 13 0 41 9 10 10 0 1 1 1 0 2.93 3 3 3 3 
492 0 0 1 1 1 1 4 0 4 0 1 1 0 3 2 0 3 1 0 0 2 54 5 17 9 7 32 10 14 9 5 1 1 1 0 1.88 3 3 3 3 
494 0 0 1 1 1 1 4 0 4 0 1 1 0 3 2 0 3 1 0 0 2 53 5 17 9 7 31 10 14 9 5 1 1 1 0 1.82 3 3 3 3 
493 0 0 1 1 1 1 4 0 4 0 1 1 0 3 2 0 3 1 0 0 2 54 5 17 9 7 32 10 14 9 5 1 1 1 0 1.88 3 3 3 3 
488 0 0 1 1 1 1 3 0 3 0 1 1 0 17 16 5 17 0 0 1 16 203 24 70 27 25 109 29 48 27 21 4 2 4 1 1.56 20 18 20 17 
539 1 2 1 1 1 1 1 0 1 0 1 0 0 4 4 0 4 0 0 0 4 57 6 10 9 0 41 8 9 9 0 1 1 1 0 4.1 4 4 4 4 
470 1 1 1 1 1 1 1 0 1 0 1 0 0 5 5 0 5 0 0 0 5 58 6 8 7 0 44 6 7 7 0 1 1 1 0 5.5 5 5 5 5 
468 0 0 1 1 1 1 1 0 1 0 1 0 0 1 1 0 1 0 0 0 1 36 3 7 6 0 26 5 6 6 0 1 1 1 0 3.71 1 1 1 1 
211 0 0 1 1 1 1 3 0 3 0 1 0 0 1 1 0 1 0 0 0 1 40 3 6 3 1 31 2 4 3 1 1 1 1 0 5.17 1 1 1 1 
204 0 0 2 2 2 1 6 0 6 0 1 2 1 9 7 3 9 0 0 0 9 190 17 65 26 34 108 28 41 24 17 6 6 6 3 1.66 14 14 14 12 
445 0 0 1 1 1 1 3 0 3 0 1 0 0 4 4 3 4 0 0 0 4 79 8 20 9 6 51 10 15 9 6 1 1 1 0 2.55 4 4 4 4 
213 0 0 3 3 3 3 19 2 16 3 1 0 1 2 2 2 2 0 1 0 1 117 13 47 19 26 61 23 30 17 13 5 5 5 2 1.3 6 6 6 6 
207 0 0 1 1 1 1 3 0 3 0 1 0 0 2 2 0 2 2 0 0 0 45 5 10 5 2 30 4 7 5 2 1 1 1 0 3 2 2 2 2 
210 0 0 2 2 3 2 11 0 10 0 1 0 4 10 10 1 10 0 0 8 2 289 24 125 53 70 140 61 83 48 35 5 5 6 3 1.12 23 23 25 16 
205 0 0 2 2 2 2 8 0 8 0 1 0 0 2 2 0 2 0 0 0 2 58 4 22 7 12 32 9 13 7 6 3 3 3 1 1.45 4 4 4 4 
446 0 0 1 1 1 1 3 0 3 0 1 0 0 1 1 0 1 0 0 0 1 37 3 6 3 1 28 2 4 3 1 1 1 1 0 4.67 1 1 1 1 
212 0 0 2 2 2 1 6 0 6 0 1 0 0 2 2 0 2 0 0 0 2 51 4 16 6 7 31 6 10 6 4 2 2 2 1 1.94 3 3 3 2 
203 0 0 1 1 1 1 3 0 3 0 1 0 0 1 1 0 1 0 0 0 1 40 3 6 3 1 31 2 4 3 1 1 1 1 0 5.17 1 1 1 1 
201 1 1 2 2 2 1 13 0 11 1 1 4 2 26 22 13 26 0 4 0 22 745 60 348 129 196 337 163 223 108 115 14 14 14 5 0.97 59 59 59 28 
209 1 2 2 2 2 1 15 2 10 1 1 0 24 12 12 0 12 0 0 6 6 544 73 165 113 109 306 97 116 90 26 4 4 5 3 1.85 18 18 20 16 
206 0 0 1 1 1 1 3 0 3 0 1 0 0 3 3 1 3 0 0 0 3 71 6 16 8 4 49 7 11 7 4 1 1 1 0 3.06 3 3 3 3 
208 0 0 1 1 1 1 3 0 3 0 1 0 0 4 4 3 4 0 0 0 4 83 9 21 10 6 53 10 15 9 6 1 1 1 0 2.52 4 4 4 4 
202 0 0 1 1 1 1 3 0 3 0 1 0 0 4 4 3 4 0 0 0 4 89 10 22 11 6 57 11 16 10 6 1 1 1 0 2.59 4 4 4 4 
200 0 0 1 1 1 1 4 0 4 0 1 0 0 7 7 6 7 0 0 0 7 136 15 37 17 12 84 19 27 15 12 1 1 1 0 2.27 7 7 7 7 
126 0 0 1 1 1 1 4 0 4 0 1 0 0 22 22 2 22 0 0 1 21 215 28 99 29 39 88 34 65 28 37 6 6 6 2 0.89 30 30 30 24 
112 0 0 1 1 1 1 1 0 1 0 1 0 0 20 20 2 20 20 0 0 0 247 25 28 27 2 194 25 26 26 0 1 1 1 0 6.93 20 20 20 20 
113 0 0 1 1 1 1 3 0 3 0 1 0 0 2 2 0 2 0 0 0 2 51 5 10 5 2 36 4 7 5 2 1 1 1 0 3.6 2 2 2 2 
125 0 0 2 2 3 1 9 0 8 0 1 8 4 9 1 1 9 0 2 0 7 226 21 105 28 61 100 60 86 30 56 7 7 8 3 0.95 22 22 24 9 
111 0 0 2 2 2 1 5 0 5 0 1 0 0 20 20 2 20 0 0 0 20 252 27 111 35 49 114 41 72 33 39 5 5 6 2 1.03 31 31 34 22 
114 0 0 1 1 1 1 1 0 1 0 1 0 0 1 1 0 1 0 0 0 1 37 3 6 5 0 28 4 5 5 0 1 1 1 0 4.67 1 1 1 1 
119 0 0 1 1 1 1 15 1 13 0 1 0 0 2 2 0 2 0 0 1 1 90 5 30 4 23 55 10 13 4 9 1 1 1 0 1.83 2 2 2 2 
115 1 1 3 3 3 1 22 2 18 1 5 0 4 59 59 26 59 3 0 17 39 1558 194 1081 258 767 284 495 693 250 443 10 10 10 6 0.26 178 178 182 75 
117 0 0 2 2 2 1 4 0 4 0 1 0 0 11 11 4 11 0 0 1 10 190 20 57 21 22 113 23 38 21 17 8 8 12 2 1.98 18 18 22 14 
118 0 0 2 2 2 1 10 0 7 2 1 0 1 4 4 1 4 0 0 1 3 126 13 39 15 19 74 22 30 15 15 4 4 4 2 1.9 7 7 7 4 
120 0 0 1 1 1 1 3 0 3 0 1 0 0 3 3 1 3 0 0 1 2 78 9 20 13 5 49 12 16 13 3 1 1 1 0 2.45 3 3 3 3 
116 2 2 3 3 3 1 36 3 31 2 3 0 1 15 15 4 15 0 0 4 11 568 58 381 83 286 130 163 218 88 130 7 7 8 4 0.34 46 46 47 15 
124 0 0 5 5 5 1 20 1 17 1 1 2 0 3 1 0 3 0 1 0 2 109 8 60 16 34 41 30 46 18 28 10 10 10 2 0.68 15 15 15 3 
122 0 0 1 1 1 1 5 0 5 0 3 0 1 14 14 4 14 0 9 0 5 222 26 95 43 43 101 48 71 43 28 3 3 3 2 1.06 20 20 20 14 
121 0 0 2 2 2 1 9 0 9 0 3 0 1 32 32 2 32 0 1 0 31 466 40 309 107 187 117 151 221 100 121 6 6 6 2 0.38 70 70 73 37 
123 0 0 1 1 1 1 4 0 4 0 1 0 1 9 9 5 9 0 0 0 9 147 18 54 20 25 75 31 42 20 22 2 2 2 1 1.39 10 10 10 9 
442 0 0 1 1 1 1 3 0 3 0 1 0 0 3 3 1 3 0 0 2 1 35 6 13 6 4 16 5 9 6 3 1 1 1 0 1.23 3 3 3 3 
441 0 0 2 2 2 1 6 0 6 0 2 0 0 28 28 1 28 0 7 0 21 243 34 192 67 101 17 96 140 67 73 4 4 5 2 0.09 44 44 45 28 
443 0 0 1 1 1 1 2 0 2 0 1 0 0 4 4 1 4 0 0 0 4 37 7 14 7 3 16 6 10 7 3 1 1 1 0 1.14 4 4 4 4 
444 0 0 1 1 1 1 3 0 3 0 1 0 0 1 1 0 1 0 0 0 1 25 3 6 3 1 16 2 4 3 1 1 1 1 0 2.67 1 1 1 1 
366 0 0 1 1 1 1 5 0 5 0 2 1 3 16 15 4 16 2 2 4 8 299 29 104 52 40 167 53 72 44 28 2 2 2 1 1.61 18 18 18 16 
368 0 0 2 2 2 2 9 0 9 0 1 1 1 3 2 0 3 1 0 0 2 87 7 39 23 14 41 19 26 18 8 3 3 3 2 1.05 5 5 5 5 
367 0 0 1 1 1 1 7 0 6 1 1 2 0 3 1 0 3 0 1 0 2 82 5 25 14 7 52 9 14 9 5 2 2 2 1 2.08 4 4 4 3 
364 0 0 1 1 1 1 4 0 4 0 4 0 2 43 43 3 43 4 0 2 37 412 52 228 86 97 132 98 159 85 74 3 3 3 2 0.58 57 57 58 47 
365 0 0 3 3 3 1 16 2 14 0 1 0 1 1 1 0 1 0 0 0 1 54 6 23 11 10 25 13 18 11 7 3 3 3 1 1.09 3 3 3 1 
527 1 1 2 2 2 1 7 0 7 0 1 0 1 18 18 5 18 0 1 7 10 322 34 153 54 84 135 69 106 51 55 6 6 6 4 0.88 31 31 31 18 
531 0 0 2 2 2 2 9 0 9 0 1 0 2 14 14 2 14 0 1 0 13 261 23 162 65 95 76 90 120 65 55 4 4 4 2 0.47 31 31 31 22 
534 1 1 2 2 2 1 8 0 8 0 1 0 5 24 24 8 24 0 5 1 18 401 54 226 67 132 121 109 158 67 91 6 6 7 3 0.54 46 46 47 26 
537 6 2 2 2 2 1 11 0 10 0 1 0 3 26 26 12 26 0 7 5 14 533 59 311 92 189 163 152 215 87 128 8 8 9 4 0.52 59 59 60 28 
529 0 0 2 2 3 1 10 0 9 0 1 1 1 6 5 5 6 0 2 0 4 154 16 75 30 40 63 42 57 30 27 3 3 4 2 0.84 14 14 15 6 
533 1 1 1 1 1 1 7 0 6 0 1 0 0 3 3 2 3 0 0 1 2 72 8 25 8 12 39 12 18 8 10 2 2 2 1 1.56 4 4 4 3 
536 1 1 2 2 2 1 8 0 7 0 5 0 5 18 18 6 18 0 1 5 12 278 35 148 61 84 95 77 108 60 48 5 5 6 4 0.64 30 30 31 18 
535 0 0 3 3 3 1 13 0 12 0 1 0 0 5 5 6 5 0 1 0 4 155 18 76 24 42 61 41 58 24 34 9 9 9 2 0.8 16 16 16 7 
532 0 0 2 2 2 1 11 0 10 0 1 4 5 16 12 8 16 0 7 0 9 388 46 194 70 117 148 108 147 70 77 4 4 5 2 0.76 35 35 37 18 
523 0 0 3 3 3 1 11 0 11 0 1 0 1 3 3 2 3 0 0 0 3 99 9 44 14 23 46 23 32 14 18 4 4 4 2 1.05 8 8 8 3 
522 0 0 1 1 1 1 1 0 1 0 1 0 0 6 6 0 6 0 0 0 6 73 8 9 9 0 56 8 9 9 0 1 1 1 0 6.22 6 6 6 6 
520 0 0 1 1 1 1 3 0 3 0 1 0 0 2 2 0 2 0 0 0 2 48 4 10 5 2 34 4 7 5 2 1 1 1 0 3.4 2 2 2 2 
526 0 0 4 4 4 1 16 1 15 0 1 0 1 5 5 4 5 0 0 0 5 169 18 92 24 57 59 45 64 24 40 6 6 7 3 0.64 19 19 21 5 
530 0 0 2 2 2 1 6 0 6 0 1 0 0 22 22 6 22 0 2 0 20 266 39 145 48 74 82 64 99 45 54 4 4 4 2 0.57 34 34 34 26 
524 0 0 1 1 1 1 1 0 1 0 1 0 0 29 29 0 29 0 0 0 29 255 31 36 36 0 188 35 36 36 0 1 1 1 0 5.22 29 29 29 29 
521 0 0 1 1 1 1 1 0 1 0 1 0 0 4 4 0 4 0 0 0 4 52 5 7 6 0 40 5 6 6 0 1 1 1 0 5.71 4 4 4 4 
528 0 0 1 1 1 1 1 0 1 0 1 0 0 3 3 0 3 0 0 0 3 48 5 6 6 0 37 5 6 6 0 1 1 1 0 6.17 3 3 3 3 
525 0 0 1 1 1 1 1 0 1 0 1 0 0 1 1 0 1 0 0 0 1 33 2 4 3 0 27 2 3 3 0 1 1 1 0 6.75 1 1 1 1 
134 0 0 1 1 1 1 5 0 5 0 1 0 0 10 10 6 10 0 0 0 10 168 19 64 23 27 85 32 47 22 25 4 4 4 1 1.33 14 14 14 10 
136 2 1 1 1 1 1 4 0 4 0 1 0 0 8 8 2 8 0 0 0 8 113 13 43 16 15 57 18 30 16 14 3 3 3 1 1.33 11 11 11 8 
131 1 1 1 1 1 1 1 0 1 0 1 0 0 10 10 0 10 10 0 0 0 139 13 23 22 0 103 18 19 19 0 1 1 1 0 4.48 10 10 10 10 
132 2 2 3 3 3 1 15 1 13 0 6 0 2 45 45 12 45 2 11 0 32 1056 123 651 188 412 282 315 444 177 267 8 8 11 5 0.43 130 128 139 65 
133 0 0 3 3 5 2 14 0 13 0 1 2 0 4 2 1 4 0 1 0 3 110 10 58 19 38 42 33 47 19 28 8 8 13 2 0.72 13 13 19 6 
138 2 2 2 2 3 1 11 0 9 0 2 0 1 19 19 8 19 0 0 0 19 412 47 216 61 125 149 108 156 59 97 7 7 8 4 0.69 47 47 51 27 
135 0 0 2 2 2 2 6 0 6 0 1 0 0 2 2 1 2 0 0 0 2 58 7 19 8 6 32 9 14 8 6 3 3 3 2 1.68 4 4 4 4 
137 2 2 2 2 2 1 7 0 7 0 1 0 1 19 19 2 19 0 1 0 18 277 29 152 50 73 96 64 101 47 54 3 3 4 2 0.63 36 36 40 19 
519 0 0 3 3 3 2 10 0 9 0 2 0 2 25 25 7 25 1 7 0 17 489 42 262 88 161 185 151 210 92 118 8 8 8 4 0.71 64 64 65 42 
76 1 2 5 5 6 3 23 0 20 2 1 3 1 37 34 5 37 3 4 1 29 1124 61 784 211 512 279 367 559 206 353 27 27 31 7 0.36 192 192 220 98 
79 0 0 1 1 1 1 1 0 1 0 2 0 0 11 11 0 11 11 0 0 0 124 15 18 16 0 91 14 16 16 0 1 1 1 0 5.06 11 11 11 11 
518 0 0 2 2 2 2 7 0 6 0 2 0 0 22 22 4 22 5 1 0 16 365 38 169 65 90 158 95 136 69 67 5 5 5 3 0.93 40 40 40 36 
73 0 0 1 1 1 1 3 0 3 0 1 0 0 2 2 0 2 0 0 0 2 49 5 10 5 2 34 4 7 5 2 1 1 1 0 3.4 2 2 2 2 
81 0 0 1 1 1 1 3 0 3 0 1 0 0 2 2 0 2 0 0 0 2 49 5 10 5 2 34 4 7 5 2 1 1 1 0 3.4 2 2 2 2 
71 0 0 1 1 1 1 1 0 1 0 1 0 0 8 8 2 8 8 0 0 0 96 12 14 13 2 70 12 13 13 0 1 1 1 0 5 8 8 8 8 
96 0 0 1 1 2 1 4 0 4 0 1 0 0 16 16 6 16 0 0 0 16 225 26 78 27 37 121 29 50 27 23 5 5 10 1 1.55 22 22 27 18 
85 1 1 1 1 1 1 5 0 5 0 1 0 2 11 11 3 11 1 0 0 10 178 20 74 28 31 84 35 52 27 25 3 3 3 2 1.14 16 16 16 15 
75 0 0 1 1 1 1 1 0 1 0 1 0 0 4 4 1 4 4 0 0 0 59 7 9 8 1 43 7 8 8 0 1 1 1 0 4.78 4 4 4 4 
77 0 0 2 2 2 1 9 0 8 0 1 1 1 6 5 1 6 1 1 0 4 138 14 58 16 32 66 31 45 17 28 5 5 5 2 1.14 13 13 13 8 
97 1 1 1 1 2 1 5 0 5 0 1 0 0 17 17 4 17 0 0 0 17 243 25 97 27 48 121 45 68 27 41 4 4 7 1 1.25 23 23 26 19 
86 1 1 2 2 2 2 8 0 7 0 1 0 1 5 5 0 5 1 0 0 4 110 10 50 19 24 50 26 37 19 18 4 4 5 3 1 10 10 11 9 
82 0 0 1 1 1 1 3 0 3 0 1 0 0 2 2 0 2 0 0 0 2 49 5 10 5 2 34 4 7 5 2 1 1 1 0 3.4 2 2 2 2 
80 1 1 2 2 2 1 7 0 7 0 1 0 0 20 20 8 20 0 1 0 19 326 26 163 48 87 138 87 123 52 71 11 11 13 6 0.85 39 39 49 22 
102 0 0 3 3 3 1 14 0 10 2 4 1 4 30 29 8 30 3 6 3 18 614 70 347 101 221 197 182 262 107 155 11 11 15 5 0.57 83 80 97 30 
78 0 0 1 1 1 1 3 0 3 0 1 0 0 9 9 1 9 0 0 0 9 118 13 50 29 13 55 26 37 26 11 2 2 2 1 1.1 10 10 10 9 
87 2 3 3 3 3 2 13 0 11 1 1 0 1 25 25 4 25 1 0 0 24 541 34 323 94 195 184 179 248 104 144 15 15 16 3 0.57 73 73 77 54 
88 2 3 3 3 3 1 14 0 13 0 1 0 1 19 19 7 19 0 1 0 18 499 47 296 118 163 156 159 219 113 106 13 13 14 5 0.53 54 54 55 21 
74 1 4 4 4 5 1 27 1 20 4 1 8 3 47 39 12 47 4 14 6 23 1824 139 1032 325 683 653 574 756 275 481 52 52 66 6 0.63 200 200 220 60 
83 0 0 1 1 1 1 1 0 1 0 1 0 0 3 3 0 3 3 0 0 0 50 5 7 6 0 38 5 6 6 0 1 1 1 0 5.43 3 3 3 3 
70 0 0 1 1 1 1 1 0 1 0 1 0 0 5 5 1 5 5 0 0 0 66 8 10 9 1 48 8 9 9 0 1 1 1 0 4.8 5 5 5 5 
69 0 0 2 2 2 1 7 0 7 0 1 1 1 6 5 1 6 1 1 0 4 128 12 49 13 27 67 24 36 13 23 4 4 4 1 1.37 12 12 12 8 
95 0 0 1 1 1 1 5 0 4 0 1 0 0 19 19 5 19 0 0 0 19 261 28 100 31 50 133 44 69 31 38 3 3 7 1 1.33 24 24 28 21 
84 0 0 2 2 2 2 7 0 7 0 1 0 1 6 6 0 6 1 0 0 5 117 11 55 23 26 51 30 42 23 19 5 5 5 2 0.93 12 12 13 9 
72 1 1 4 3 4 1 17 0 15 1 8 1 2 32 31 15 32 23 0 1 8 726 72 564 137 372 91 225 338 113 225 11 10 13 4 0.16 117 107 125 37 
93 1 2 4 4 4 1 15 0 14 0 1 0 0 24 24 4 24 0 20 0 4 691 41 388 74 266 262 212 307 72 235 15 15 15 4 0.68 99 99 101 28 
94 2 1 3 3 3 1 12 0 11 0 1 1 1 19 18 4 19 0 14 0 5 419 31 254 62 155 134 150 207 68 139 8 8 9 4 0.53 58 58 66 22 
91 0 0 2 2 2 2 11 1 10 0 1 0 37 5 5 2 5 0 0 0 5 158 22 107 51 87 29 75 85 50 35 5 5 7 2 0.27 9 9 11 9 
92 0 0 2 2 2 1 8 0 8 0 1 0 0 6 6 3 6 0 0 0 6 128 12 58 13 36 59 36 47 13 34 5 5 6 1 1.02 10 10 11 6 
89 0 0 2 2 2 1 13 0 12 0 1 0 2 8 8 7 8 0 2 0 6 260 23 142 56 79 95 70 90 51 39 4 4 4 2 0.67 18 18 18 8 
90 0 0 2 2 2 1 13 0 11 1 1 1 0 12 11 1 12 0 4 3 5 284 21 168 69 97 95 104 130 62 68 4 4 4 1 0.57 26 26 26 14 
100 0 0 2 2 2 1 7 0 7 0 1 0 0 5 5 2 5 0 1 0 4 102 11 48 21 24 43 25 35 21 14 2 2 2 1 0.9 9 9 9 5 
101 0 0 0 0 0 0 0 0 0 0 1 0 0 0 0 24 0 0 0 0 0 96 26 27 26 24 43 25 26 26 0 0 0 0 0 1.59 0 0 0 0 
99 0 0 4 4 4 1 28 1 24 2 1 1 0 7 6 3 7 0 3 0 4 322 27 204 63 135 91 101 128 57 71 9 9 9 3 0.45 26 26 28 7 
98 0 0 4 4 4 1 28 2 24 1 1 1 0 6 5 2 6 0 5 0 1 281 28 166 44 111 87 95 117 46 71 6 6 7 2 0.52 22 22 24 6 
193 0 0 2 2 2 1 6 0 5 0 3 0 0 12 12 4 12 1 2 0 9 243 21 99 49 34 123 47 67 44 23 3 3 3 2 1.24 18 18 18 16 
186 0 0 1 1 1 1 5 0 5 0 1 0 1 7 7 1 7 3 0 0 4 129 13 51 22 19 65 23 36 21 15 3 3 3 2 1.27 9 9 9 7 
191 0 0 1 1 1 1 3 0 3 0 1 0 0 3 3 2 3 3 0 0 0 66 7 16 8 4 43 8 12 8 4 1 1 1 0 2.69 3 3 3 3 
192 0 0 4 4 5 2 15 0 14 1 1 0 1 8 8 5 8 6 0 0 2 273 20 139 47 74 114 67 99 47 52 8 8 10 4 0.82 32 32 37 13 
187 0 0 1 1 1 1 1 0 1 0 1 0 0 3 3 0 3 3 0 0 0 50 5 7 6 0 38 5 6 6 0 1 1 1 0 5.43 3 3 3 3 
194 0 0 3 3 4 2 17 1 13 2 2 0 1 6 6 8 6 6 0 0 0 250 28 106 44 50 116 59 79 40 39 14 14 20 3 1.09 19 19 25 13 
196 0 0 2 2 2 1 6 0 6 0 1 0 1 11 11 3 11 1 0 0 10 204 21 83 31 41 100 43 61 31 30 3 3 4 2 1.2 17 17 18 15 
197 0 0 2 2 2 1 6 0 6 0 1 0 0 9 9 4 9 1 1 0 7 163 16 70 26 30 77 35 52 25 27 4 4 4 2 1.1 16 16 17 9 
195 0 0 2 2 2 1 9 0 8 0 1 11 1 27 16 12 27 3 1 0 23 643 56 261 124 103 326 98 142 64 78 6 6 6 3 1.25 44 44 47 34 
190 0 0 3 3 3 1 24 0 19 4 1 0 1 15 15 4 15 2 5 0 8 569 36 325 119 226 208 161 202 119 83 25 25 26 8 0.64 47 47 48 19 
184 0 0 1 1 1 1 1 0 1 0 1 0 0 1 1 0 1 1 0 0 0 34 4 5 4 0 25 3 4 4 0 1 1 1 0 5 1 1 1 1 
198 0 0 2 2 2 1 5 0 5 0 1 0 1 9 9 5 9 0 1 0 8 168 19 69 30 27 80 35 50 27 23 5 5 7 3 1.16 15 15 17 9 
188 0 0 2 2 2 1 11 0 10 1 1 0 2 10 10 7 10 7 0 0 3 252 25 128 42 71 99 72 96 43 53 4 4 4 3 0.77 23 23 23 10 
189 1 1 3 3 3 1 15 1 13 0 1 0 1 6 6 3 6 0 0 0 6 196 21 108 48 51 67 53 69 37 32 6 6 6 2 0.62 15 15 15 6 
185 0 0 0 0 0 0 0 0 0 0 1 0 0 0 0 0 0 0 0 0 0 30 2 4 3 0 24 2 3 3 0 0 0 0 0 6 0 0 0 0 
434 0 0 2 2 2 1 5 0 5 0 1 0 0 9 9 0 9 0 0 6 3 148 12 65 26 31 71 34 47 25 22 10 10 10 3 1.09 18 18 18 9 
432 1 1 1 1 1 1 4 0 4 0 1 0 0 6 6 5 6 0 0 0 6 123 15 40 23 10 68 22 29 19 10 1 1 1 0 1.7 6 6 6 6 
431 0 0 1 1 1 1 1 0 1 0 1 0 0 11 11 0 11 11 0 0 0 183 14 27 26 0 142 22 23 23 0 1 1 1 0 5.26 11 11 11 11 
509 2 2 3 3 3 1 13 0 12 0 1 0 6 28 28 9 28 0 3 11 14 704 54 400 126 242 251 217 295 114 181 27 27 32 5 0.63 84 84 91 36 
512 13 4 2 2 2 1 12 0 11 0 5 0 6 64 64 31 64 1 1 18 44 1353 137 819 240 523 399 454 602 234 368 21 21 23 7 0.49 142 142 146 72 
508 2 2 2 2 2 1 8 0 7 0 3 0 3 38 38 14 38 1 0 8 29 679 68 338 119 194 275 179 249 115 134 5 5 5 2 0.81 68 68 68 40 
510 0 0 1 1 1 1 1 0 1 0 1 0 0 1 1 0 1 0 0 0 1 34 4 4 4 0 26 3 4 4 0 1 1 1 0 6.5 1 1 1 1 
513 1 2 2 2 2 1 8 0 6 0 1 0 3 14 14 5 14 0 0 1 13 344 34 115 36 65 196 53 79 36 43 7 7 7 2 1.7 24 24 24 14 
515 1 2 2 2 2 1 8 0 8 0 1 0 1 6 6 1 6 0 0 1 5 131 14 58 17 30 60 26 42 17 25 7 7 7 1 1.03 14 14 14 6 
514 0 0 3 3 3 1 10 0 9 1 1 0 1 1 1 0 1 0 0 0 1 57 5 14 5 6 39 6 10 5 5 3 3 3 1 2.79 3 3 3 1 
511 0 0 3 3 3 1 10 0 9 1 1 0 1 1 1 0 1 0 0 0 1 57 5 14 5 6 39 6 10 5 5 3 3 3 1 2.79 3 3 3 1 
516 1 2 3 3 3 1 18 1 15 2 2 0 2 9 9 3 9 0 0 4 5 284 26 165 63 101 94 94 120 58 62 6 6 6 2 0.57 23 23 23 9 
517 4 3 3 3 3 1 12 0 9 2 1 0 1 5 5 0 5 0 0 3 2 133 10 55 18 29 69 28 42 19 23 7 7 7 2 1.25 13 13 13 5 
499 6 3 12 10 12 6 77 3 67 7 1 0 2 7 7 0 7 0 0 0 7 659 41 495 108 386 131 296 365 104 261 24 19 24 7 0.26 82 67 82 40 
502 0 0 2 2 2 1 7 0 7 0 2 0 2 9 9 7 9 0 0 0 9 205 22 82 31 47 102 46 62 31 31 5 5 6 1 1.24 16 16 17 9 
496 2 2 3 3 3 2 12 0 11 0 1 0 1 11 11 5 11 0 0 7 4 250 16 143 38 91 92 71 100 36 64 4 4 4 2 0.64 29 29 29 17 
498 0 0 2 2 2 1 5 0 5 0 1 0 2 4 4 1 4 0 0 0 4 82 9 30 14 13 43 15 23 14 9 3 3 3 2 1.43 7 7 7 4 
505 0 0 3 3 3 1 13 0 13 0 1 0 1 5 5 5 5 0 2 0 3 174 15 86 32 54 74 52 67 31 36 5 5 5 2 0.86 14 14 14 5 
500 7 3 3 3 3 1 17 0 15 2 1 0 4 22 22 5 22 0 0 0 22 643 38 379 121 252 246 233 289 120 169 16 11 16 7 0.65 69 59 69 22 
503 0 0 2 2 2 1 6 0 6 0 1 0 2 4 4 4 4 0 0 0 4 108 12 39 17 21 58 21 30 17 13 3 3 4 2 1.49 8 8 9 4 
507 1 2 1 1 1 1 8 0 8 0 1 0 1 3 3 0 3 0 0 2 1 81 6 32 15 16 44 19 24 13 11 2 2 2 1 1.38 4 4 4 3 
504 0 0 2 2 2 1 5 0 5 0 1 0 1 3 3 1 3 0 0 0 3 68 8 23 9 10 38 10 16 9 7 2 2 2 1 1.65 5 5 5 3 
501 1 2 1 1 1 1 4 0 4 0 3 0 1 53 53 20 53 0 1 0 52 697 88 278 107 123 332 139 208 108 100 4 4 6 3 1.19 66 66 71 53 
497 0 0 1 1 1 1 1 0 1 0 1 0 1 2 2 0 2 0 0 0 2 47 5 6 5 1 37 4 5 5 0 1 1 1 0 6.17 2 2 2 2 
506 0 0 1 1 1 1 4 0 4 0 1 0 1 11 11 3 11 0 0 0 11 142 17 59 23 26 67 28 44 23 21 2 2 2 1 1.14 15 15 15 11 
428 2 3 3 3 3 1 17 1 14 1 4 0 4 50 50 31 50 3 0 15 32 1244 136 793 224 510 315 413 558 212 346 11 11 11 6 0.4 138 138 141 57 
429 0 0 2 2 2 1 10 0 7 2 1 0 1 4 4 1 4 0 0 1 3 134 13 39 15 19 82 22 30 15 15 4 4 4 2 2.1 7 7 7 4 
430 0 0 1 1 1 1 3 0 3 0 1 0 0 3 3 1 3 0 0 1 2 80 9 20 13 5 51 12 16 13 3 1 1 1 0 2.55 3 3 3 3 
426 1 2 4 4 4 1 27 2 21 4 2 0 1 9 9 3 9 0 0 3 6 395 32 222 86 139 141 123 161 79 82 7 7 8 4 0.64 36 36 37 9 
427 0 0 1 1 1 1 3 0 3 0 1 0 0 9 9 4 9 0 0 1 8 167 15 40 20 11 112 20 30 20 10 1 1 1 0 2.8 9 9 9 9 
439 1 1 3 3 3 1 15 1 12 2 1 1 6 27 26 9 27 0 0 7 20 597 72 389 135 238 156 226 301 133 168 6 6 6 4 0.4 69 69 70 29 
433 1 1 3 3 3 1 19 1 17 1 1 4 4 19 15 4 19 0 4 6 9 516 52 370 124 237 94 203 274 120 154 8 8 8 4 0.25 64 64 65 23 
435 0 0 1 1 1 1 1 0 1 0 1 0 0 4 4 0 4 4 0 0 0 72 6 9 8 0 57 7 8 8 0 1 1 1 0 6.33 4 4 4 4 
437 0 0 2 2 2 1 10 0 9 1 1 0 0 6 6 1 6 0 0 0 6 129 10 68 25 36 51 40 54 25 29 4 4 5 2 0.75 12 12 13 8 
438 0 0 1 1 1 1 1 0 1 0 1 0 0 1 1 0 1 1 0 0 0 36 2 6 5 0 28 4 5 5 0 1 1 1 0 4.67 1 1 1 1 
436 2 2 4 4 4 1 39 1 29 13 1 6 2 6 0 0 6 0 0 0 6 364 18 206 82 131 165 141 167 79 88 6 6 6 4 0.8 26 26 26 6 
440 2 2 5 5 5 1 30 2 25 3 1 0 25 24 24 5 24 0 7 6 11 951 89 679 224 479 183 384 501 217 284 13 13 13 8 0.27 110 110 111 30 
285 1 1 2 2 2 1 4 0 4 0 1 0 0 4 4 1 4 0 0 1 3 83 8 26 13 7 49 13 19 12 7 3 3 3 1 1.88 6 6 6 4 
219 3 2 1 1 1 1 1 0 1 0 1 0 0 2 2 0 2 0 0 0 2 65 5 19 18 0 41 9 10 10 0 1 1 1 0 2.16 2 2 2 2 
294 1 1 1 1 1 1 3 0 3 0 1 0 0 5 5 0 5 0 0 0 5 73 6 21 7 7 46 7 14 7 7 2 2 2 1 2.19 6 6 6 5 
353 0 0 1 1 1 1 3 0 3 0 1 0 0 13 13 0 13 0 0 0 13 76 14 42 15 13 20 14 28 15 13 1 1 1 0 0.48 13 13 13 13 
301 2 1 1 1 2 1 3 0 3 0 1 0 0 6 6 1 6 0 0 0 6 86 9 28 11 10 49 11 19 11 8 3 3 4 1 1.75 8 8 9 6 
296 1 1 2 2 2 1 4 0 4 0 1 0 0 6 6 2 6 0 0 0 6 96 10 34 12 14 52 15 24 12 12 4 4 5 1 1.53 10 10 11 6 
221 1 1 1 1 1 1 1 0 1 0 1 0 0 1 1 0 1 1 0 0 0 36 3 6 5 0 27 4 5 5 0 1 1 1 0 4.5 1 1 1 1 
292 1 1 1 1 1 1 4 0 4 0 1 0 4 13 13 3 13 0 0 0 13 198 22 65 24 31 111 29 45 24 21 3 3 6 1 1.71 16 16 19 13 
289 1 1 2 2 2 1 7 0 7 0 1 0 1 8 8 1 8 0 0 0 8 149 13 64 18 33 72 28 46 19 27 4 4 4 2 1.13 18 18 18 8 
297 1 1 1 1 1 1 4 0 3 0 1 0 0 4 4 0 4 0 0 0 4 64 6 19 7 6 39 7 13 7 6 2 2 2 1 2.05 5 5 5 4 
295 1 1 1 1 1 1 4 0 4 0 1 0 0 5 5 0 5 0 0 0 5 70 6 23 7 9 41 7 14 7 7 2 2 2 1 1.78 6 6 6 5 
293 1 1 1 1 1 1 3 0 3 0 1 0 0 5 5 0 5 0 0 0 5 72 6 21 7 7 45 7 14 7 7 2 2 2 1 2.14 6 6 6 5 
290 2 1 1 1 1 1 3 0 3 0 2 0 0 13 13 3 13 0 0 0 13 191 21 60 24 22 110 25 42 24 18 3 3 4 1 1.83 16 16 17 13 
288 2 1 1 1 1 1 4 0 4 0 1 0 1 8 8 1 8 0 0 0 8 113 11 37 13 16 65 14 25 13 12 2 2 3 1 1.76 10 10 11 8 
447 2 1 1 1 1 1 4 0 4 0 1 0 3 5 5 2 5 0 0 0 5 115 12 40 18 17 63 21 29 16 13 2 2 2 1 1.58 7 7 7 5 
222 0 0 3 3 3 1 12 0 11 0 2 0 2 7 7 5 7 0 2 0 5 182 18 110 45 57 54 66 89 49 40 7 7 7 4 0.49 19 19 20 7 
300 1 1 0 0 0 0 0 0 0 0 1 0 0 0 0 24 0 0 0 0 0 147 25 27 26 24 95 25 26 26 0 0 0 0 0 3.52 0 0 0 0 
218 1 1 1 1 1 1 1 0 1 0 1 0 0 7 7 0 7 7 0 0 0 109 10 23 22 0 76 17 18 18 0 1 1 1 0 3.3 7 7 7 7 
220 0 0 1 1 1 1 4 0 4 0 1 0 0 10 10 8 10 0 0 0 10 186 20 60 31 18 106 32 43 25 18 1 1 1 0 1.77 10 10 10 10 
355 3 3 2 2 2 1 11 0 10 0 1 0 1 9 9 7 9 0 0 2 7 233 25 130 67 56 78 78 95 50 45 3 3 3 2 0.6 16 16 16 9 
217 1 1 1 1 1 1 5 0 5 0 1 0 2 5 5 3 5 0 1 0 4 116 13 45 28 12 58 26 33 23 10 2 2 2 1 1.29 6 6 6 5 
287 1 1 1 1 1 1 2 0 2 0 1 0 13 6 6 1 6 0 0 0 6 128 21 31 23 18 76 23 27 23 4 1 1 1 0 2.45 6 6 6 6 
291 0 0 1 1 1 1 1 0 1 0 1 0 0 13 13 0 13 13 0 0 0 49 14 16 15 0 19 14 15 15 0 1 1 1 0 1.19 13 13 13 13 
354 1 1 1 1 1 1 6 0 5 0 1 2 0 3 1 0 3 0 1 0 2 85 9 21 15 4 55 7 11 9 2 1 1 1 0 2.62 3 3 3 3 
286 2 1 1 1 2 1 3 0 3 0 1 0 0 10 10 3 10 0 0 0 10 136 16 45 19 16 75 19 31 19 12 4 4 6 1 1.67 13 13 15 10 
318 1 1 1 1 1 1 1 0 1 0 1 0 0 4 4 0 4 4 0 0 0 71 8 11 10 0 52 7 8 8 0 1 1 1 0 4.73 4 4 4 4 
351 0 0 2 2 2 2 6 0 6 0 1 2 3 2 0 3 2 0 0 0 2 96 9 45 25 19 42 28 35 23 12 3 3 3 2 0.93 4 4 4 4 
352 1 1 4 4 4 1 16 0 16 0 1 1 2 16 15 1 16 0 2 0 14 334 23 270 49 211 41 177 235 53 182 27 27 27 3 0.15 57 57 58 16 
299 1 1 1 1 2 1 5 0 5 0 1 0 1 26 26 9 26 0 0 0 26 401 39 147 45 73 215 72 105 45 60 5 5 11 1 1.46 38 38 45 26 
302 0 0 1 1 1 1 1 0 1 0 1 0 0 2 2 0 2 2 0 0 0 65 5 9 8 0 51 6 7 7 0 1 1 1 0 5.67 2 2 2 2 
298 2 1 2 2 2 1 5 0 5 0 1 0 0 13 13 3 13 0 0 0 13 212 18 77 24 36 117 33 53 24 29 4 4 6 1 1.52 22 22 25 13 
242 0 0 3 3 3 1 10 0 9 0 3 0 2 24 24 13 24 11 4 5 4 501 46 268 71 156 187 132 198 70 128 9 9 9 3 0.7 65 65 66 32 
540 1 2 2 2 2 1 8 0 7 0 1 0 0 3 3 1 3 0 0 1 2 88 10 33 17 16 45 24 30 18 12 4 4 4 2 1.36 6 6 6 3 
256 0 0 2 2 2 2 9 0 7 1 2 1 3 13 12 3 13 2 1 0 10 251 31 119 32 66 101 52 83 39 44 10 10 11 6 0.85 27 27 29 23 
244 0 0 2 2 2 2 10 0 9 1 2 0 0 9 9 7 9 2 1 1 5 237 26 104 43 54 111 57 80 41 39 6 6 7 4 1.07 20 20 22 17 
457 0 0 2 2 2 1 11 1 9 1 5 0 0 13 13 5 13 4 1 3 5 202 34 125 40 71 43 67 90 48 42 9 9 9 0 0.34 23 23 23 16 
284 3 2 2 2 2 1 8 0 7 0 5 0 0 22 22 11 22 2 2 2 16 423 42 208 75 103 173 104 149 78 71 19 19 23 7 0.83 42 42 46 22 
252 0 0 1 1 1 1 3 0 3 0 1 0 0 2 2 0 2 2 0 0 0 47 5 12 7 2 30 6 9 7 2 1 1 1 0 2.5 2 2 2 2 
236 0 0 3 3 3 1 11 0 10 0 5 1 1 18 17 5 18 5 5 0 8 390 34 226 72 130 130 120 170 77 93 13 13 16 4 0.58 47 47 51 23 
235 0 0 1 1 1 1 2 0 2 0 1 0 0 4 4 2 4 3 0 0 1 62 9 16 10 3 37 10 13 10 3 1 1 1 0 2.31 4 4 4 4 
265 1 1 2 2 2 1 7 1 5 0 1 4 4 5 1 2 5 0 1 0 4 119 21 46 18 24 52 23 34 17 17 5 5 5 2 1.13 9 9 9 5 
546 4 1 3 3 3 2 15 0 14 0 5 3 7 16 13 5 16 0 2 0 14 373 37 261 90 147 76 150 198 76 122 25 25 26 5 0.29 52 52 53 31 
552 5 1 4 4 4 3 32 0 28 3 1 0 1 3 3 3 3 0 1 0 2 178 12 108 45 63 58 66 81 42 39 8 8 8 4 0.54 13 13 13 9 
277 2 1 2 2 2 1 6 0 5 0 5 0 0 21 21 10 21 1 2 2 16 334 39 147 55 63 148 77 112 60 52 10 10 10 3 1.01 32 32 32 24 
282 2 1 2 2 2 1 6 0 5 0 4 0 0 22 22 9 22 0 3 2 17 351 41 146 53 64 165 68 104 52 52 5 5 6 2 1.13 34 34 37 30 
255 0 0 1 1 1 1 3 0 3 0 4 2 1 18 16 4 18 16 0 0 2 257 29 87 35 33 141 39 62 37 25 3 3 4 2 1.62 20 20 21 18 
246 0 0 3 3 4 1 16 0 15 1 2 1 4 5 4 6 5 4 1 0 0 191 19 93 28 55 79 52 73 30 43 6 6 7 3 0.85 17 17 18 5 
273 0 0 3 3 3 2 18 0 15 2 3 0 1 12 12 3 12 1 1 0 10 264 27 148 43 87 90 83 113 46 67 11 11 12 3 0.61 30 30 31 20 
262 0 0 3 3 3 2 14 0 11 2 1 2 2 3 1 0 3 0 1 0 2 76 7 40 14 26 29 20 29 13 16 4 4 4 2 0.72 8 8 8 5 
544 1 1 1 1 1 1 1 0 1 0 1 0 0 2 2 1 2 0 0 0 2 66 6 11 10 1 49 8 9 9 0 1 1 1 0 4.45 2 2 2 2 
283 0 0 1 1 1 1 6 0 6 0 2 1 2 17 16 3 17 0 1 0 16 227 24 108 43 43 95 43 69 35 34 2 2 2 1 0.88 22 22 22 17 
260 1 1 1 1 1 1 2 0 2 0 1 2 7 3 1 0 3 0 1 0 2 97 11 18 12 9 68 10 14 12 2 1 1 1 0 3.78 3 3 3 3 
451 0 0 2 2 2 1 14 0 12 1 1 0 1 6 6 4 6 0 2 0 4 218 19 106 49 55 93 65 82 46 36 4 4 4 3 0.88 14 14 14 6 
245 0 0 1 1 1 1 1 0 1 0 1 0 0 1 1 0 1 1 0 0 0 38 4 5 4 0 29 3 4 4 0 1 1 1 0 5.8 1 1 1 1 
238 0 0 2 2 2 1 6 0 6 0 1 0 0 12 12 5 12 12 0 0 0 216 20 99 39 51 97 59 80 41 39 5 5 6 2 0.98 18 18 19 12 
248 0 0 1 1 1 1 1 0 1 0 1 0 0 1 1 0 1 1 0 0 0 35 4 5 4 0 26 3 4 4 0 1 1 1 0 5.2 1 1 1 1 
247 1 1 3 3 3 1 15 0 12 2 4 0 2 16 16 16 16 9 0 0 7 499 58 245 70 151 196 142 191 75 116 13 13 13 5 0.8 46 46 48 22 
541 0 0 3 3 3 1 11 0 10 0 1 0 1 6 6 2 6 1 0 0 5 171 14 82 32 45 75 50 64 35 29 5 5 5 3 0.91 15 15 15 6 
542 0 0 3 3 3 1 11 0 10 0 1 1 4 9 8 4 9 1 3 0 5 249 21 122 45 68 106 63 88 43 45 7 7 7 6 0.87 23 23 23 9 
547 1 1 5 5 5 2 19 1 18 0 1 0 1 3 3 3 3 0 0 0 3 198 15 81 34 44 103 46 59 31 28 9 9 9 3 1.27 15 15 15 6 
454 4 2 3 3 3 1 11 0 10 0 2 0 1 18 18 17 18 0 4 1 13 456 45 239 79 127 172 122 170 72 98 10 10 11 4 0.72 47 47 50 21 
271 0 0 3 3 3 2 16 0 11 4 1 2 1 3 1 0 3 0 1 0 2 76 7 39 11 24 30 18 27 10 17 4 4 4 2 0.77 8 8 8 5 
275 7 2 8 7 9 2 42 1 35 5 2 1 1 19 18 7 19 0 4 0 15 985 59 736 198 523 199 428 552 203 349 50 31 53 5 0.27 154 130 168 31 
274 0 0 1 1 1 1 3 0 3 0 1 0 0 4 4 1 4 1 0 1 2 72 8 22 11 5 42 10 16 11 5 2 2 2 1 1.91 5 5 5 4 
257 2 3 2 2 2 1 9 0 8 0 1 0 0 8 8 5 8 1 1 0 6 180 19 87 33 44 74 47 63 32 31 5 5 7 4 0.85 13 13 15 8 
268 0 0 1 1 1 1 3 0 3 0 1 0 0 7 7 5 7 1 0 1 5 117 15 42 21 13 65 25 33 21 12 1 1 1 0 1.55 7 7 7 7 
237 5 2 2 2 2 1 12 0 10 1 11 9 24 73 64 31 73 40 11 0 22 1872 186 884 253 545 802 485 669 254 415 13 13 13 4 0.91 174 174 176 92 
543 0 0 1 1 1 1 1 0 1 0 1 0 0 1 1 0 1 0 0 0 1 32 3 5 4 0 24 3 4 4 0 1 1 1 0 4.8 1 1 1 1 
555 0 0 2 2 2 2 8 0 8 1 1 0 0 7 7 4 7 1 1 0 5 152 16 68 22 38 72 32 49 22 27 5 5 6 3 1.06 16 16 17 14 
456 0 0 2 2 2 1 6 0 6 0 1 0 0 4 4 1 4 1 0 0 3 90 10 39 22 12 41 19 26 18 8 2 2 2 1 1.05 6 6 6 4 
239 0 0 1 1 1 1 1 0 1 0 1 0 0 1 1 0 1 0 0 0 1 41 3 9 8 0 29 5 6 6 0 1 1 1 0 3.22 1 1 1 1 
258 6 2 3 2 3 1 15 0 14 1 1 0 1 20 20 5 20 0 3 14 3 577 36 317 103 207 225 150 195 96 99 11 11 11 3 0.71 56 48 56 24 
263 0 0 2 2 2 1 6 0 5 0 1 0 1 11 11 5 11 1 0 1 9 197 20 81 28 38 96 39 58 27 31 4 4 4 2 1.19 18 18 19 11 
267 1 1 1 1 2 1 4 0 4 0 3 0 0 18 18 6 18 3 0 1 14 243 30 106 38 43 107 46 74 38 36 6 6 8 2 1.01 26 26 29 18 
455 0 0 2 2 2 2 7 0 7 0 1 0 0 8 8 3 8 2 0 0 6 146 14 63 22 35 69 34 51 24 27 4 4 4 2 1.1 16 16 16 13 
458 1 1 2 2 2 1 6 0 6 0 4 0 1 20 20 9 20 1 2 2 15 322 39 139 53 60 144 69 103 55 48 6 6 6 4 1.04 30 30 30 20 
549 0 0 1 1 1 1 4 0 4 0 2 1 1 8 7 3 8 4 2 0 2 136 15 44 19 17 77 20 32 19 13 2 2 3 1 1.75 10 10 11 8 
249 0 0 2 2 2 1 9 0 8 0 1 0 3 10 10 3 10 10 0 0 0 232 20 106 45 57 106 59 79 42 37 5 5 5 4 1 17 17 18 10 
545 0 0 2 2 2 1 10 0 10 0 2 0 1 5 5 3 5 0 0 0 5 132 13 63 28 29 56 36 44 24 20 3 3 3 2 0.89 8 8 8 5 
251 0 0 1 1 1 1 3 0 3 0 1 0 0 6 6 3 6 0 0 0 6 109 12 31 15 9 66 17 24 15 9 1 1 1 0 2.13 6 6 6 6 
250 7 2 2 2 3 1 15 1 12 1 2 0 2 7 7 7 7 0 0 1 6 244 26 124 59 61 94 77 95 56 39 7 7 8 2 0.76 17 17 18 7 
281 3 2 2 2 2 1 8 0 8 0 1 0 1 5 5 5 5 0 1 0 4 139 15 63 33 23 61 40 50 30 20 3 3 3 2 0.97 9 9 9 5 
279 2 2 3 3 3 2 11 0 9 1 3 0 1 21 21 11 21 2 3 2 14 494 51 249 81 144 194 139 186 80 106 16 16 24 9 0.78 54 54 65 33 
452 0 0 1 1 1 1 4 0 4 0 1 0 0 4 4 2 4 1 0 2 1 60 9 26 13 9 25 14 20 13 7 2 2 2 1 0.96 5 5 5 4 
254 1 1 1 1 1 1 4 0 4 0 3 0 0 19 19 2 19 0 0 4 15 260 29 94 37 34 137 42 68 35 33 2 2 3 1 1.46 23 23 26 19 
269 1 1 7 6 8 4 31 2 24 5 1 1 1 3 2 3 3 1 2 0 0 174 16 87 25 55 71 52 71 30 41 19 16 20 3 0.82 22 19 23 13 
243 0 0 2 2 2 1 6 0 6 0 4 0 1 12 12 4 12 8 2 0 2 217 20 99 39 45 98 50 72 40 32 5 5 5 3 0.99 20 20 20 12 
272 1 2 2 2 2 2 9 0 8 0 2 0 1 14 14 8 14 3 2 0 9 352 28 162 60 80 162 84 119 58 61 9 9 9 5 1 33 33 34 23 
450 0 0 1 1 1 1 3 0 3 0 1 0 0 3 3 2 3 1 0 0 2 61 7 16 8 4 38 8 12 8 4 1 1 1 0 2.38 3 3 3 3 
264 0 0 1 1 1 1 1 0 1 0 1 0 0 2 2 0 2 2 0 0 0 50 6 7 6 0 37 5 6 6 0 1 1 1 0 5.29 2 2 2 2 
240 10 1 1 1 2 1 6 0 6 0 4 0 9 66 66 25 66 0 2 5 59 1045 116 469 197 240 464 238 337 184 153 10 10 11 4 0.99 98 98 100 69 
270 1 1 3 3 3 2 14 0 13 0 2 0 1 7 7 4 7 3 1 0 3 210 19 118 48 62 75 59 83 41 42 11 11 12 5 0.64 20 20 23 11 
261 1 1 1 1 1 1 10 0 8 1 2 0 1 7 7 2 7 0 0 1 6 141 13 54 22 27 74 25 36 22 14 3 3 3 1 1.37 10 10 10 9 
253 0 0 1 1 1 1 4 0 4 0 1 0 0 7 7 2 7 0 0 1 6 134 13 40 18 14 81 19 29 18 11 2 2 3 1 2.02 9 9 10 7 
553 0 0 4 4 5 1 18 0 17 0 1 0 0 2 2 1 2 0 0 0 2 90 6 51 25 24 33 33 41 26 15 7 7 8 4 0.65 8 8 9 2 
280 0 0 1 1 1 1 3 0 3 0 1 0 0 9 9 2 9 1 0 0 8 112 14 43 18 16 55 21 32 18 14 2 2 3 1 1.28 10 10 11 9 
550 1 2 3 3 3 2 13 0 12 0 1 0 0 3 3 1 3 0 0 0 3 120 11 51 25 24 58 30 39 24 15 4 4 4 3 1.14 8 8 8 7 
551 0 0 3 3 3 1 18 0 15 2 3 0 2 8 8 4 8 1 1 0 6 249 21 134 42 75 94 65 92 41 51 10 10 10 3 0.7 26 26 26 11 
554 0 0 3 3 4 2 15 0 11 2 1 0 1 4 4 5 4 1 0 0 3 149 16 61 17 32 72 29 43 17 26 5 5 5 3 1.18 13 13 14 6 
556 3 3 1 1 1 1 7 0 7 0 2 0 0 5 5 2 5 0 0 0 5 124 11 54 28 23 59 33 41 27 14 3 3 3 1 1.09 7 7 7 7 
266 0 0 1 1 1 1 3 0 3 0 1 0 0 1 1 0 1 0 0 0 1 36 4 7 4 1 25 3 5 4 1 1 1 1 0 3.57 1 1 1 1 
453 0 0 0 0 0 0 0 0 0 0 1 0 3 0 0 0 0 0 0 0 0 39 5 6 5 3 28 4 5 5 0 0 0 0 0 4.67 0 0 0 0 
548 0 0 4 4 4 3 12 0 12 0 1 2 1 2 0 0 2 0 0 0 2 76 6 34 14 15 36 19 26 16 10 4 4 4 3 1.06 8 8 8 5 
241 0 0 2 2 2 1 6 0 5 0 1 0 1 8 8 3 8 5 1 2 0 161 15 63 27 30 83 38 50 28 22 3 3 3 1 1.32 12 12 12 8 
278 2 2 1 1 1 1 6 0 5 0 4 0 1 21 21 11 21 1 1 3 16 365 39 157 63 69 169 84 118 63 55 5 5 5 4 1.08 29 29 29 24 
259 0 0 3 3 4 1 17 1 15 1 2 0 0 11 11 9 11 0 2 2 7 341 36 193 62 117 112 101 134 57 77 10 10 12 5 0.58 36 35 41 13 
276 0 0 1 1 1 1 5 0 5 0 5 0 0 20 20 8 20 2 2 0 16 290 33 131 58 52 126 68 97 57 40 4 4 4 2 0.96 27 27 27 20 
223 0 0 1 1 1 1 3 0 3 0 1 0 0 13 13 3 13 0 0 0 13 144 18 53 20 18 73 23 39 21 18 2 2 2 1 1.38 15 15 15 13 
335 0 0 1 1 1 1 3 0 3 0 1 0 0 7 7 2 7 0 0 0 7 57 11 27 12 7 19 11 19 12 7 1 1 1 0 0.7 7 7 7 7 
333 0 0 1 1 1 1 3 0 3 0 1 0 0 6 6 1 6 0 0 0 6 49 9 23 10 6 17 9 16 10 6 1 1 1 0 0.74 6 6 6 6 
332 0 0 1 1 1 1 3 0 3 0 1 0 0 8 8 2 8 0 0 0 8 61 13 29 12 8 19 11 20 12 8 1 1 1 0 0.66 8 8 8 8 
327 0 0 1 1 1 1 3 0 3 0 1 0 0 14 14 5 14 0 0 0 14 89 21 51 22 15 17 21 36 22 14 1 1 1 0 0.33 14 14 14 14 
319 0 0 1 1 1 1 3 0 3 0 1 0 0 20 20 0 20 0 0 0 20 104 21 63 22 20 20 21 42 22 20 1 1 1 0 0.32 20 20 20 20 
347 3 2 3 3 4 1 17 0 15 1 6 3 3 41 38 7 41 3 8 0 30 946 85 626 176 421 235 344 472 187 285 13 13 19 5 0.38 133 133 150 61 
348 1 1 1 1 1 1 3 0 3 0 1 0 0 4 4 0 4 0 0 0 4 62 7 23 14 4 32 10 15 11 4 1 1 1 0 1.39 4 4 4 4 
349 0 0 5 5 6 1 21 0 20 0 1 4 0 20 16 4 20 0 5 0 15 574 41 440 104 302 93 252 348 112 236 14 14 20 4 0.21 95 95 117 23 
303 1 1 1 1 1 1 3 0 3 0 1 0 0 4 4 0 4 0 0 0 4 62 7 23 14 4 32 10 15 11 4 1 1 1 0 1.39 4 4 4 4 
316 0 0 5 5 5 1 21 0 20 0 2 1 0 18 17 3 18 0 2 0 16 495 32 405 92 284 58 241 328 98 230 22 22 22 4 0.14 86 86 88 20 
304 0 0 1 1 1 1 4 0 4 0 1 1 0 20 19 5 20 0 0 0 20 151 27 91 29 36 33 38 67 31 36 4 4 4 3 0.36 29 29 29 20 
315 7 3 10 8 11 2 41 0 37 3 2 2 32 17 15 4 17 1 12 0 4 1076 69 703 165 538 306 357 503 160 343 55 55 57 6 0.44 165 144 183 37 
173 0 0 1 1 1 1 4 0 4 0 1 0 0 7 7 6 7 0 0 0 7 142 17 45 25 12 80 24 32 20 12 1 1 1 0 1.78 7 7 7 7 
172 0 0 1 1 1 1 1 0 1 0 1 0 0 5 5 3 5 5 0 0 0 118 11 19 18 3 88 14 15 15 0 1 1 1 0 4.63 5 5 5 5 
180 0 0 1 1 1 1 4 0 4 0 1 0 1 5 5 0 5 0 0 0 5 60 8 26 10 9 26 10 18 10 8 3 3 3 1 1 7 7 7 7 
171 0 0 1 1 1 1 4 0 4 0 3 0 0 11 11 5 11 0 0 0 11 174 18 70 28 28 86 34 49 28 21 4 4 4 2 1.23 15 15 15 11 
181 0 0 1 1 1 1 2 0 2 0 1 0 0 3 3 1 3 0 0 0 3 53 6 15 9 2 32 7 11 9 2 1 1 1 0 2.13 3 3 3 3 
179 0 0 3 3 4 1 13 0 12 1 1 0 0 2 2 1 2 0 0 0 2 72 5 36 19 17 31 22 29 19 10 5 5 7 2 0.86 6 6 8 2 
174 0 0 0 0 0 0 0 0 0 0 1 0 0 0 0 1 0 0 0 0 0 33 2 5 4 1 26 2 3 3 0 0 0 0 0 5.2 0 0 0 0 
177 0 0 3 3 3 2 11 1 9 1 1 0 0 6 6 5 6 0 0 0 6 142 19 71 25 31 52 32 49 20 29 5 5 6 2 0.73 16 16 18 9 
538 0 0 2 2 3 1 9 0 8 0 1 0 1 5 5 2 5 0 0 0 5 108 16 59 33 27 33 32 43 30 13 4 4 7 3 0.56 9 9 15 5 
178 0 0 2 2 2 1 10 0 9 1 1 0 3 10 10 5 10 0 0 0 10 229 25 113 39 64 91 59 82 38 44 10 10 11 4 0.81 23 23 24 10 
176 0 0 1 1 1 1 4 0 4 0 1 0 1 5 5 0 5 0 0 0 5 60 8 26 10 9 26 10 18 10 8 3 3 3 1 1 7 7 7 7 
175 0 0 2 2 2 1 5 0 5 0 1 0 0 5 5 1 5 0 0 0 5 68 8 31 11 12 29 13 22 11 11 3 3 3 1 0.94 8 8 8 7 
54 0 0 0 0 0 0 0 0 0 0 1 0 0 0 0 0 0 0 0 0 0 27 2 4 4 0 21 1 2 2 0 0 0 0 0 5.25 0 0 0 0 
460 0 0 1 1 1 1 1 0 1 0 1 0 0 6 6 0 6 6 0 0 0 61 9 9 8 0 43 7 8 8 0 1 1 1 0 4.78 6 6 6 6 
461 0 0 1 1 1 1 1 0 1 0 1 0 1 2 2 0 2 2 0 0 0 40 5 6 5 1 29 4 5 5 0 1 1 1 0 4.83 2 2 2 2 
459 1 2 2 2 2 1 8 0 7 1 2 0 6 18 18 10 18 7 1 0 10 287 41 159 58 91 87 93 129 63 66 12 12 13 3 0.55 31 31 32 20 
46 0 0 2 2 2 1 10 0 9 0 1 0 0 19 19 4 19 0 0 0 19 369 30 188 45 118 151 94 139 45 94 7 7 7 3 0.8 44 44 45 19 
25 1 1 2 2 2 1 5 0 5 0 1 0 9 32 32 5 32 4 2 10 16 439 45 189 59 99 205 82 126 59 67 8 3 8 2 1.08 58 48 60 32 
45 0 0 1 1 1 1 1 0 1 0 1 0 0 11 11 0 11 11 0 0 0 116 13 17 16 0 86 15 16 16 0 1 1 1 0 5.06 11 11 11 11 
462 0 0 1 1 1 1 1 0 1 0 1 0 0 1 1 0 1 1 0 0 0 30 2 4 3 0 24 2 3 3 0 1 1 1 0 6 1 1 1 1 
33 0 0 1 1 1 1 3 0 3 0 1 0 0 2 2 0 2 0 0 0 2 49 5 10 5 2 34 4 7 5 2 1 1 1 0 3.4 2 2 2 2 
26 0 0 1 1 1 1 1 0 1 0 1 0 0 4 4 0 4 4 0 0 0 57 5 7 6 0 45 5 6 6 0 1 1 1 0 6.43 4 4 4 4 
27 0 0 1 1 1 1 1 0 1 0 1 0 0 4 4 0 4 4 0 0 0 64 6 10 9 0 48 6 7 7 0 1 1 1 0 4.8 4 4 4 4 
30 0 0 2 1 2 1 5 0 5 0 1 0 1 13 13 1 13 0 1 1 11 171 18 90 32 46 63 49 66 32 34 9 3 9 1 0.7 23 17 23 13 
44 0 0 1 1 1 1 5 0 3 1 1 0 1 14 14 2 14 0 0 0 14 197 21 68 28 26 108 36 52 28 24 2 2 2 1 1.59 15 15 15 14 
29 0 0 1 1 1 1 3 0 3 0 1 0 0 1 1 0 1 0 0 0 1 37 3 7 4 1 27 3 5 4 1 1 1 1 0 3.86 1 1 1 1 
31 0 0 1 1 1 1 1 0 1 0 1 0 0 9 9 0 9 9 0 0 0 105 11 15 14 0 79 13 14 14 0 1 1 1 0 5.27 9 9 9 9 
39 1 2 2 2 2 1 10 0 8 1 1 0 0 27 27 6 27 0 0 3 24 526 60 250 70 138 216 111 171 56 115 5 5 6 3 0.86 58 58 61 30 
63 0 0 1 1 2 1 6 0 6 0 2 0 2 23 23 8 23 0 3 0 20 322 38 179 57 88 105 76 127 57 70 3 3 4 2 0.59 34 34 35 23 
463 0 0 1 1 1 1 4 0 4 0 1 0 0 2 2 1 2 0 0 0 2 48 5 13 6 5 30 7 10 6 4 1 1 1 0 2.31 2 2 2 2 
32 0 0 1 1 1 1 3 0 3 0 1 0 0 2 2 0 2 0 0 0 2 47 4 9 4 2 34 3 6 4 2 1 1 1 0 3.78 2 2 2 2 
35 0 0 1 1 1 1 3 0 3 0 1 0 1 9 9 2 9 0 0 0 9 126 15 39 20 11 72 19 29 20 9 1 1 1 0 1.85 9 9 9 9 
34 0 0 2 2 2 1 4 0 4 0 1 1 1 7 6 1 7 0 0 0 7 120 12 41 14 16 67 17 29 14 15 3 3 3 1 1.63 11 11 11 9 
28 1 1 2 2 2 1 8 0 7 0 4 0 1 102 102 17 102 10 5 5 82 1425 158 771 216 426 503 361 557 216 341 15 15 17 6 0.65 195 195 204 131 
48 0 0 1 1 1 1 1 0 1 0 1 0 0 1 1 0 1 1 0 0 0 35 4 6 5 0 25 4 5 5 0 1 1 1 0 4.17 1 1 1 1 
36 0 0 1 1 1 1 1 0 1 0 1 0 0 4 4 0 4 4 0 0 0 67 6 10 9 0 51 7 8 8 0 1 1 1 0 5.1 4 4 4 4 
464 0 0 8 8 10 6 52 6 32 14 2 1 0 3 2 0 3 3 0 0 0 211 24 109 33 66 78 59 76 35 41 23 23 27 5 0.72 25 25 29 17 
47 1 1 1 1 1 1 4 0 4 0 1 0 0 1 1 0 1 0 0 0 1 36 4 11 9 1 21 7 9 8 1 1 1 1 0 1.91 1 1 1 1 
41 0 0 0 0 0 0 0 0 0 0 1 0 0 0 0 0 0 0 0 0 0 25 1 3 3 0 21 1 2 2 0 0 0 0 0 7 0 0 0 0 
24 2 2 2 2 2 1 9 0 8 1 2 0 1 23 23 6 23 0 2 1 20 355 34 177 53 97 148 94 133 59 74 7 7 7 6 0.84 37 37 38 23 
37 1 2 2 2 2 1 10 0 8 1 3 0 1 52 52 6 52 1 0 0 51 967 103 461 155 250 403 215 322 133 189 11 11 11 3 0.87 101 101 107 71 
40 4 5 4 4 4 2 21 1 16 2 4 0 1 44 44 18 44 0 11 4 29 1449 138 793 222 497 518 424 577 211 366 21 21 29 5 0.65 157 157 173 98 
43 0 0 1 1 1 1 3 0 3 0 1 0 0 2 2 0 2 0 0 0 2 48 4 9 4 2 35 3 6 4 2 1 1 1 0 3.89 2 2 2 2 
42 0 0 2 2 2 1 6 0 6 0 1 0 0 10 10 2 10 0 0 0 10 159 16 71 27 34 72 30 51 27 24 2 2 2 1 1.01 20 20 20 10 
38 0 0 1 1 1 1 1 0 1 0 1 0 0 9 9 0 9 9 0 0 0 123 12 19 18 0 92 13 14 14 0 1 1 1 0 4.84 9 9 9 9 
64 1 2 3 3 4 2 12 0 12 0 1 0 1 18 18 5 18 0 3 1 14 421 33 247 88 133 141 119 178 82 96 15 15 19 4 0.57 62 62 72 31 
50 0 0 0 0 0 0 0 0 0 0 1 0 0 0 0 0 0 0 0 0 0 28 2 5 5 0 21 2 3 3 0 0 0 0 0 4.2 0 0 0 0 
51 0 0 0 0 0 0 0 0 0 0 1 0 0 0 0 0 0 0 0 0 0 28 2 5 5 0 21 2 3 3 0 0 0 0 0 4.2 0 0 0 0 
53 0 0 0 0 0 0 0 0 0 0 1 0 0 0 0 0 0 0 0 0 0 28 2 5 5 0 21 2 3 3 0 0 0 0 0 4.2 0 0 0 0 
52 0 0 0 0 0 0 0 0 0 0 1 0 0 0 0 0 0 0 0 0 0 28 2 5 5 0 21 2 3 3 0 0 0 0 0 4.2 0 0 0 0 
49 0 0 0 0 0 0 0 0 0 0 1 0 0 0 0 0 0 0 0 0 0 28 2 5 5 0 21 2 3 3 0 0 0 0 0 4.2 0 0 0 0 
59 0 0 0 0 0 0 0 0 0 0 1 0 0 0 0 0 0 0 0 0 0 28 2 5 5 0 21 2 3 3 0 0 0 0 0 4.2 0 0 0 0 
61 0 0 0 0 0 0 0 0 0 0 1 0 0 0 0 0 0 0 0 0 0 28 2 5 5 0 21 2 3 3 0 0 0 0 0 4.2 0 0 0 0 
55 0 0 0 0 0 0 0 0 0 0 1 0 0 0 0 0 0 0 0 0 0 26 2 3 3 0 21 1 2 2 0 0 0 0 0 7 0 0 0 0 
57 0 0 1 1 1 1 3 0 3 0 1 0 0 1 1 0 1 0 0 0 1 30 3 6 4 1 21 3 5 4 1 1 1 1 0 3.5 1 1 1 1 
56 0 0 0 0 0 0 0 0 0 0 1 0 0 0 0 0 0 0 0 0 0 25 1 3 3 0 21 1 2 2 0 0 0 0 0 7 0 0 0 0 
58 0 0 1 1 1 1 5 0 4 1 1 6 0 6 0 0 6 0 0 0 6 89 9 35 23 6 45 12 19 13 6 1 1 1 0 1.29 6 6 6 6 
60 0 0 0 0 0 0 0 0 0 0 1 0 0 0 0 0 0 0 0 0 0 29 3 5 5 0 21 2 3 3 0 0 0 0 0 4.2 0 0 0 0 
129 0 0 1 1 1 1 4 0 4 0 1 0 2 8 8 2 8 0 0 0 8 156 17 61 32 24 78 36 46 30 16 3 3 3 1 1.28 10 10 10 8 
128 0 0 3 3 3 2 10 0 10 0 1 0 1 8 8 2 8 0 0 0 8 220 19 100 37 53 101 55 76 39 37 5 5 6 2 1.01 21 21 23 12 
127 0 0 1 1 1 1 1 0 1 0 1 0 0 1 1 0 1 1 0 0 0 35 2 5 4 0 28 3 4 4 0 1 1 1 0 5.6 1 1 1 1 
130 0 0 1 1 1 1 3 0 3 0 1 0 0 6 6 2 6 0 0 0 6 97 9 27 14 8 61 13 20 14 6 1 1 1 0 2.26 6 6 6 6 
558 1 1 5 5 5 1 28 1 23 4 1 0 2 3 3 4 3 0 0 0 3 188 19 88 22 53 81 36 52 21 31 7 7 7 2 0.92 14 14 14 3 
68 5 1 3 3 3 2 14 0 12 1 1 0 5 20 20 5 20 0 0 0 20 548 34 292 81 174 222 127 191 70 121 7 7 7 3 0.76 64 64 67 32 
67 11 3 2 2 2 2 7 0 7 0 1 18 3 34 16 2 34 0 9 0 25 494 44 288 78 162 162 133 190 78 112 17 9 17 4 0.56 79 55 79 71 
156 0 0 2 2 2 1 9 0 8 0 3 0 1 25 25 4 25 1 2 15 7 526 40 240 90 130 246 115 164 79 85 5 5 6 3 1.02 48 48 50 34 
166 0 0 2 2 2 1 6 0 6 0 1 1 0 9 8 2 9 0 0 0 9 178 13 67 27 36 98 37 52 26 26 5 5 6 2 1.46 15 15 17 11 
146 0 0 1 1 1 1 1 0 1 0 1 0 0 1 1 0 1 1 0 0 0 34 4 5 4 0 25 3 4 4 0 1 1 1 0 5 1 1 1 1 
154 0 0 1 1 1 1 3 0 3 0 1 0 0 2 2 1 2 0 0 1 1 48 5 12 6 3 31 5 8 5 3 1 1 1 0 2.58 2 2 2 2 
145 0 0 1 1 1 1 1 0 1 0 1 0 0 6 6 0 6 6 0 0 0 77 10 13 12 0 54 11 12 12 0 1 1 1 0 4.15 6 6 6 6 
168 1 1 4 3 5 2 18 0 15 1 1 2 3 11 9 5 11 0 1 1 9 355 30 205 70 124 120 104 143 65 78 21 12 23 4 0.59 48 38 51 24 
163 2 1 1 1 1 1 5 0 5 0 1 0 0 7 7 0 7 0 0 0 7 97 11 44 19 16 42 16 26 15 11 2 2 2 1 0.95 9 9 9 7 
164 0 0 1 1 1 1 1 0 1 0 1 0 0 4 4 0 4 4 0 0 0 63 7 10 9 0 46 7 8 8 0 1 1 1 0 4.6 4 4 4 4 
152 0 0 1 1 1 1 1 0 1 0 1 0 0 10 10 0 10 10 0 0 0 106 13 16 15 0 77 14 15 15 0 1 1 1 0 4.81 10 10 10 10 
153 0 0 1 1 1 1 1 0 1 0 1 0 0 11 11 0 11 11 0 0 0 116 14 19 18 0 83 17 18 18 0 1 1 1 0 4.37 11 11 11 11 
158 1 1 3 3 3 1 14 1 11 1 1 1 1 21 20 7 21 6 1 0 14 512 65 270 97 162 177 159 212 93 119 11 11 12 4 0.66 53 53 55 30 
159 2 1 2 2 2 1 7 0 6 0 1 0 0 28 28 5 28 9 4 0 15 420 41 214 73 110 165 111 164 76 88 3 3 4 3 0.77 51 51 52 32 
147 0 0 1 1 1 1 1 0 1 0 1 0 0 2 2 0 2 2 0 0 0 43 5 6 5 0 32 4 5 5 0 1 1 1 0 5.33 2 2 2 2 
155 0 0 1 1 1 1 2 0 2 0 1 0 0 4 4 2 4 0 0 2 2 68 8 15 9 3 45 9 12 9 3 1 1 1 0 3 4 4 4 4 
167 0 0 1 1 1 1 4 0 4 0 1 1 0 6 5 1 6 0 0 0 6 113 9 37 16 15 67 18 26 14 12 2 2 2 1 1.81 7 7 7 6 
157 0 0 2 2 2 1 11 0 10 0 1 0 0 28 28 4 28 0 5 0 23 610 52 326 124 191 232 179 242 118 124 6 6 6 3 0.71 65 65 65 36 
151 1 1 2 2 2 1 8 0 8 0 1 0 1 18 18 0 18 0 1 1 16 295 24 174 73 83 97 81 116 61 55 3 3 3 2 0.56 34 34 34 20 
149 0 0 1 1 1 1 5 0 5 0 1 0 1 12 12 0 12 0 0 1 11 194 19 88 44 35 87 51 69 42 27 3 3 3 2 0.99 17 17 17 14 
559 1 1 3 3 3 1 15 0 13 1 1 0 1 3 3 1 3 0 0 1 2 103 10 57 31 23 36 33 42 27 15 4 4 5 3 0.63 9 9 10 3 
161 1 2 1 1 1 1 4 0 3 0 1 0 0 16 16 3 16 0 0 0 16 187 25 81 44 21 81 37 55 36 19 2 2 2 1 1 17 17 18 16 
165 1 1 2 2 2 1 6 0 5 0 1 0 0 9 9 4 9 0 1 0 8 158 19 69 29 31 70 38 54 30 24 4 4 4 3 1.01 15 15 15 9 
150 0 0 1 1 1 1 1 0 1 0 1 0 0 11 11 0 11 11 0 0 0 154 14 29 28 0 111 21 22 22 0 1 1 1 0 3.83 11 11 11 11 
160 1 3 2 2 2 1 9 0 8 0 7 0 2 31 31 10 31 1 0 5 25 574 60 325 130 172 189 162 222 111 111 9 9 9 5 0.58 50 50 50 39 
148 0 0 1 1 1 1 1 0 1 0 1 0 0 1 1 0 1 1 0 0 0 66 5 8 7 0 53 6 7 7 0 1 1 1 0 6.63 1 1 1 1 
162 1 1 2 2 2 1 6 0 6 0 3 0 2 51 51 5 51 1 3 8 39 613 78 332 124 155 203 148 226 114 112 4 4 4 2 0.61 77 77 79 55 
21 0 0 2 2 2 1 9 0 8 0 1 0 1 28 28 5 28 0 0 11 17 498 48 267 96 129 183 130 193 89 104 6 6 6 3 0.69 60 60 62 33 
22 0 0 1 1 1 1 1 0 1 0 1 0 0 7 7 0 7 5 0 0 2 99 11 22 21 0 66 15 16 16 0 1 1 1 0 3 7 7 7 7 
23 0 0 2 2 2 1 7 0 6 0 1 0 0 11 11 3 11 0 0 1 10 214 19 91 41 40 104 46 64 33 31 3 3 3 2 1.14 17 17 18 11 
19 0 0 2 2 2 1 4 0 4 0 1 0 0 4 4 1 4 0 0 0 4 70 7 24 12 7 39 12 18 12 6 3 3 3 1 1.63 6 6 6 4 
20 0 0 1 1 1 1 1 0 1 0 1 0 0 1 1 0 1 1 0 0 0 35 4 6 5 0 25 4 5 5 0 1 1 1 0 4.17 1 1 1 1 
382 0 0 2 2 2 2 12 1 9 2 2 0 1 16 16 15 16 0 0 12 4 449 49 194 87 99 206 115 145 75 70 8 8 10 4 1.06 34 34 37 24 
377 2 2 3 3 4 2 20 0 17 3 2 0 3 10 10 5 10 0 0 1 9 331 18 200 61 126 113 105 143 57 86 5 5 6 4 0.56 34 34 35 23 
378 0 0 3 3 4 2 22 1 16 4 1 0 1 9 9 2 9 1 4 0 4 326 26 174 62 105 126 91 123 53 70 10 10 10 5 0.72 31 31 32 20 
381 0 0 2 2 2 1 16 1 11 3 1 0 2 8 8 1 8 0 1 6 1 223 23 116 57 58 84 59 78 48 30 8 8 9 3 0.72 18 18 19 11 
379 0 0 1 1 1 1 7 0 6 1 1 0 1 12 12 6 12 0 0 0 12 220 25 97 39 42 98 49 67 36 31 3 3 3 2 1.01 17 17 17 12 
370 0 0 1 1 1 1 1 0 1 0 1 0 0 4 4 0 4 4 0 0 0 74 8 10 9 0 56 7 8 8 0 1 1 1 0 5.6 4 4 4 4 
372 0 0 2 2 2 2 7 0 6 0 1 0 0 6 6 3 6 0 0 0 6 137 15 57 26 25 65 32 44 25 19 3 3 3 1 1.14 11 11 11 10 
371 0 0 1 1 1 1 3 0 3 0 1 0 0 5 5 4 5 0 0 0 5 105 12 28 14 8 65 15 21 13 8 1 1 1 0 2.32 5 5 5 5 
383 0 0 4 4 5 2 23 1 17 4 1 0 1 6 6 3 6 0 2 0 4 227 24 131 48 71 72 74 98 45 53 8 8 12 2 0.55 24 24 29 11 
369 2 1 5 5 6 2 33 1 25 6 1 0 1 7 7 5 7 0 0 2 5 321 28 206 77 122 89 112 150 68 82 12 12 16 4 0.43 38 38 42 13 
373 0 0 2 2 2 2 12 0 8 3 1 0 0 4 4 2 4 0 0 1 3 101 12 50 24 20 39 25 34 21 13 3 3 4 2 0.78 8 8 9 8 
375 0 0 6 6 6 1 30 1 25 4 2 1 0 7 6 11 7 1 2 0 4 338 27 206 62 132 105 96 138 55 83 15 15 15 4 0.51 43 43 44 7 
384 1 2 2 2 2 1 11 0 9 1 2 0 2 13 13 1 13 0 3 6 4 252 25 128 54 61 101 58 80 44 36 7 7 9 2 0.79 21 21 23 13 
376 0 0 1 1 1 1 4 0 4 0 1 0 0 5 5 2 5 0 0 1 4 100 12 33 13 12 55 15 23 13 10 2 2 2 1 1.67 7 7 7 5 
374 0 0 1 1 1 1 1 0 1 0 1 0 0 3 3 0 3 3 0 0 0 45 7 13 12 0 25 9 10 10 0 1 1 1 0 1.92 3 3 3 3 
380 3 2 6 6 6 3 55 4 39 12 1 0 1 9 9 11 9 0 2 2 5 663 54 404 134 274 209 222 278 115 163 16 16 20 5 0.52 53 53 58 24 
