840 0 0 1 1 1 1 3 0 3 0 1 0 0 9 9 1 9 0 0 3 6 119 13 39 14 13 67 15 27 14 13 2 2 2 1 1.72 11 11 11 9 
385 3 6 4 4 4 2 31 2 23 4 1 0 9 40 40 3 40 0 6 5 29 2038 159 1008 399 627 871 467 632 267 365 27 25 30 6 0.86 168 166 176 62 
356 1 7 3 3 3 2 15 0 14 1 5 0 2 42 42 12 42 2 8 3 29 983 85 590 169 361 308 277 422 163 259 9 9 9 4 0.52 138 138 145 82 
718 3 2 4 4 4 2 19 1 15 2 2 1 1 14 13 12 14 0 3 0 11 501 45 286 113 155 170 173 225 111 114 13 13 14 4 0.59 50 50 52 26 
182 1 4 1 1 1 1 1 0 1 0 1 0 0 11 11 0 11 11 0 0 0 205 15 23 22 0 167 16 17 17 0 1 1 1 0 7.26 11 11 11 11 
357 0 0 4 4 4 3 17 0 16 0 1 0 5 23 23 2 23 0 0 10 13 649 48 409 151 267 192 215 288 123 165 10 10 12 3 0.47 81 81 85 59 
362 0 0 1 1 1 1 1 0 1 0 1 0 0 6 6 0 6 6 0 0 0 70 8 9 8 0 53 7 8 8 0 1 1 1 0 5.89 6 6 6 6 
841 0 0 1 1 1 1 3 0 3 0 1 0 0 12 12 4 12 0 0 5 7 151 18 49 20 16 84 23 36 20 16 1 1 1 0 1.71 12 12 12 12 
66 0 0 1 1 1 1 1 0 1 0 1 0 1 1 1 0 1 0 0 0 1 42 6 6 5 1 30 4 5 5 0 1 1 1 0 5 1 1 1 1 
140 5 7 4 4 5 2 27 1 19 6 1 0 5 37 37 6 37 2 9 7 19 1333 119 776 258 509 438 391 521 237 284 30 30 35 10 0.56 160 146 174 71 
143 1 1 1 1 1 1 1 0 1 0 1 0 0 3 3 0 3 3 0 0 0 61 4 6 5 0 51 4 5 5 0 1 1 1 0 8.5 3 3 3 3 
142 1 5 3 2 3 1 13 0 10 1 2 0 1 50 50 8 50 9 17 1 23 1142 89 585 188 339 468 278 408 169 239 8 5 9 4 0.8 125 121 135 69 
386 3 3 3 3 4 1 17 0 16 1 1 0 1 6 6 3 6 0 0 0 6 240 14 121 55 67 105 69 89 49 40 7 7 7 2 0.87 20 20 21 6 
391 0 0 2 2 2 1 9 0 8 1 1 0 1 11 11 5 11 0 1 0 10 242 21 111 35 57 110 61 84 35 49 8 8 8 3 0.99 24 24 25 11 
214 0 0 3 3 3 1 18 1 14 2 1 0 5 16 16 7 16 0 5 1 10 477 53 290 92 185 134 155 207 80 127 11 11 13 4 0.46 47 47 49 18 
845 0 0 1 1 1 1 3 0 3 0 1 0 0 1 1 0 1 1 0 0 0 38 3 8 5 1 27 4 6 5 1 1 1 1 0 3.38 1 1 1 1 
852 0 0 1 1 1 1 3 0 3 0 1 0 0 5 5 1 5 0 0 3 2 80 10 23 10 7 47 11 17 10 7 1 1 1 0 2.04 5 5 5 5 
110 0 0 2 2 2 1 4 0 4 0 1 1 1 7 6 2 7 0 0 0 7 119 12 41 13 17 66 17 29 13 16 3 3 3 1 1.61 11 11 11 9 
360 0 0 1 1 1 1 1 0 1 0 1 0 0 1 1 0 1 1 0 0 0 36 4 6 5 0 26 4 5 5 0 1 1 1 0 4.33 1 1 1 1 
139 8 9 4 4 4 2 26 2 19 4 1 0 2 141 141 1 141 5 14 32 90 4969 472 2898 892 1902 1599 1422 1959 692 1267 40 40 45 6 0.55 545 545 592 218 
851 0 0 1 1 1 1 3 0 3 0 1 0 0 3 3 0 3 1 0 0 2 54 5 14 7 3 35 6 10 7 3 1 1 1 0 2.5 3 3 3 3 
65 0 0 2 2 2 1 6 0 6 0 1 1 1 8 7 3 8 0 0 0 8 152 16 61 21 31 75 30 45 21 24 3 3 4 1 1.23 14 14 15 10 
144 3 6 3 2 3 1 12 0 10 1 1 0 1 43 43 1 43 1 1 7 34 786 88 496 151 293 203 229 333 133 200 12 12 12 4 0.41 109 101 111 45 
169 13 7 2 2 2 1 15 1 12 1 4 2 8 83 81 40 83 13 5 42 23 2239 237 1149 354 664 853 551 771 303 468 14 14 14 4 0.74 197 197 203 98 
215 4 5 3 3 3 1 16 1 13 1 3 0 10 20 20 14 20 0 4 1 15 572 57 305 122 169 213 165 216 111 105 14 14 15 4 0.7 54 54 57 22 
719 2 3 2 2 3 1 12 0 10 1 1 0 0 5 5 0 5 0 0 5 0 116 11 72 35 33 33 43 58 36 22 4 4 4 2 0.46 11 11 13 5 
141 11 6 2 2 2 1 12 0 10 1 1 0 5 73 73 21 73 0 1 15 57 1584 156 867 306 474 561 455 618 270 348 22 22 23 3 0.65 170 170 173 87 
170 0 0 1 1 1 1 1 0 1 0 1 0 0 2 2 0 2 2 0 0 0 43 3 5 4 0 35 3 4 4 0 1 1 1 0 7 2 2 2 2 
216 1 2 1 1 1 1 4 0 3 0 2 1 0 21 20 1 21 2 1 6 12 272 26 111 64 25 135 46 71 50 21 3 3 3 1 1.22 23 23 23 21 
392 1 1 2 2 2 1 8 0 8 0 2 3 4 10 7 0 10 0 2 0 8 175 20 78 32 43 77 36 50 33 17 6 6 6 3 0.99 15 15 15 12 
363 2 5 2 2 2 1 10 0 8 0 1 2 9 16 14 6 16 0 4 0 12 357 40 169 49 101 148 98 135 54 81 7 7 7 3 0.88 37 37 38 18 
359 1 1 1 1 1 1 3 0 3 0 1 0 0 2 2 0 2 0 0 0 2 46 4 10 5 2 32 4 7 5 2 1 1 1 0 3.2 2 2 2 2 
387 1 2 2 2 2 1 10 0 9 0 4 0 6 18 18 4 18 1 2 0 15 427 40 179 70 94 208 91 123 62 61 5 5 5 4 1.16 28 28 30 20 
183 4 6 3 3 3 1 19 1 15 2 2 0 1 29 29 8 29 1 2 2 24 913 97 485 177 272 331 243 327 134 193 12 12 12 5 0.68 77 77 77 35 
390 0 0 0 0 0 0 0 0 0 0 1 0 0 0 0 0 0 0 0 0 0 23 1 3 2 0 19 1 2 2 0 0 0 0 0 6.33 0 0 0 0 
389 3 6 2 2 2 1 9 0 7 0 1 1 3 22 21 4 22 0 4 4 14 423 41 207 74 106 175 102 148 66 82 9 9 9 3 0.85 46 46 47 22 
388 0 0 1 1 1 1 4 0 4 0 1 0 0 2 2 0 2 0 0 2 0 50 5 15 10 2 30 7 10 8 2 1 1 1 0 2 2 2 2 2 
361 0 0 2 2 2 2 10 0 8 2 1 0 0 6 6 1 6 0 0 5 1 137 10 63 29 24 64 26 40 21 19 3 3 4 2 1.02 13 13 14 10 
831 2 2 2 2 2 1 11 0 10 0 1 0 6 17 17 4 17 1 9 3 4 405 41 213 81 135 151 121 153 75 78 8 8 8 2 0.71 39 31 40 17 
472 0 0 1 1 1 1 1 0 1 0 1 0 0 5 5 0 5 5 0 0 0 70 10 12 11 0 48 10 11 11 0 1 1 1 0 4 5 5 5 5 
474 0 0 1 1 1 1 3 0 3 0 1 0 0 2 2 0 2 0 0 0 2 46 3 9 4 2 34 3 6 4 2 1 1 1 0 3.78 2 2 2 2 
469 3 7 3 3 3 1 14 0 14 0 3 0 8 42 42 20 42 0 2 2 38 1029 103 655 193 441 271 345 464 184 280 7 7 7 3 0.41 135 133 142 61 
561 0 0 1 1 1 1 1 0 1 0 1 0 0 1 1 0 1 1 0 0 0 34 3 4 3 0 27 2 3 3 0 1 1 1 0 6.75 1 1 1 1 
833 0 0 1 1 1 1 3 0 3 0 1 0 1 12 12 2 12 0 0 5 7 160 20 46 21 17 94 24 35 21 14 2 2 2 1 2.04 13 13 13 12 
832 0 0 3 1 3 1 13 0 12 0 2 0 0 4 4 0 4 0 0 2 2 80 4 47 8 35 29 25 31 11 20 9 2 9 0 0.62 12 5 12 4 
837 0 0 1 1 1 1 1 0 1 0 1 0 0 5 5 0 5 0 0 0 5 62 7 8 7 0 47 6 7 7 0 1 1 1 0 5.88 5 5 5 5 
489 0 0 1 1 1 1 3 0 3 0 1 0 0 34 34 1 34 0 0 0 34 292 43 122 53 34 127 46 82 49 33 2 2 2 1 1.04 35 35 35 34 
834 0 0 1 1 1 1 4 0 3 0 1 0 0 3 3 2 3 0 0 0 3 62 7 16 8 4 39 7 11 7 4 1 1 1 0 2.44 3 3 3 3 
475 0 0 1 1 1 1 1 0 1 0 1 0 0 3 3 0 3 3 0 0 0 56 6 7 6 0 43 5 6 6 0 1 1 1 0 6.14 3 3 3 3 
476 1 2 1 1 1 1 1 0 1 0 1 0 0 2 2 0 2 2 0 0 0 47 6 7 6 0 34 5 6 6 0 1 1 1 0 4.86 2 2 2 2 
827 1 2 1 1 1 1 5 0 4 0 1 0 1 10 10 4 10 1 0 2 7 168 19 59 21 26 90 32 45 20 25 2 2 2 1 1.53 12 12 12 10 
471 0 0 1 1 1 1 1 0 1 0 1 0 0 2 2 0 2 2 0 0 0 40 4 5 4 0 31 3 4 4 0 1 1 1 0 6.2 2 2 2 2 
467 0 0 1 1 1 1 1 0 1 0 1 0 0 1 1 0 1 1 0 0 0 37 4 6 5 0 27 3 4 4 0 1 1 1 0 4.5 1 1 1 1 
835 0 0 1 1 1 1 4 0 4 0 1 0 1 8 8 3 8 1 0 2 5 126 15 42 17 17 69 23 32 16 16 1 1 1 0 1.64 8 8 8 8 
466 0 0 1 1 1 1 1 0 1 0 1 0 0 4 4 0 4 4 0 0 0 56 8 9 8 0 39 7 8 8 0 1 1 1 0 4.33 4 4 4 4 
465 0 0 1 1 1 1 1 0 1 0 1 0 0 3 3 0 3 3 0 0 0 62 7 14 13 0 41 9 10 10 0 1 1 1 0 2.93 3 3 3 3 
830 0 0 2 2 2 1 9 0 8 0 1 0 8 9 9 2 9 1 1 2 5 222 27 99 35 61 96 63 79 37 42 6 4 6 2 0.97 20 16 20 9 
539 1 3 1 1 1 1 1 0 1 0 1 0 0 4 4 0 4 4 0 0 0 60 8 9 8 0 43 7 8 8 0 1 1 1 0 4.78 4 4 4 4 
470 1 3 1 1 1 1 1 0 1 0 1 0 0 5 5 0 5 5 0 0 0 59 7 8 7 0 44 6 7 7 0 1 1 1 0 5.5 5 5 5 5 
468 1 2 1 1 1 1 1 0 1 0 1 0 0 1 1 0 1 1 0 0 0 37 4 7 6 0 26 5 6 6 0 1 1 1 0 3.71 1 1 1 1 
828 0 0 1 1 1 1 1 0 1 0 1 0 0 2 2 0 2 2 0 0 0 30 5 6 5 0 19 4 5 5 0 1 1 1 0 3.17 2 2 2 2 
836 0 0 1 1 1 1 1 0 1 0 1 0 0 1 1 0 1 0 0 0 1 38 5 7 6 0 26 4 5 5 0 1 1 1 0 3.71 1 1 1 1 
829 0 0 2 2 2 1 6 0 5 0 3 0 2 16 16 4 16 8 0 4 4 200 37 108 35 54 55 57 80 34 46 3 3 3 1 0.51 24 24 24 16 
211 0 0 1 1 1 1 3 0 3 0 1 0 0 1 1 0 1 0 0 0 1 40 3 6 3 1 31 2 4 3 1 1 1 1 0 5.17 1 1 1 1 
204 1 3 2 2 2 1 7 0 7 0 1 2 2 10 8 4 10 0 0 1 9 236 23 86 35 47 127 38 55 32 23 9 9 10 4 1.48 18 18 19 13 
445 0 0 1 1 1 1 3 0 3 0 1 0 0 4 4 3 4 0 0 0 4 79 8 20 9 6 51 10 15 9 6 1 1 1 0 2.55 4 4 4 4 
213 1 4 3 3 3 3 27 3 22 6 1 0 1 2 2 2 2 0 1 0 1 137 15 59 19 38 71 27 34 17 17 5 5 5 2 1.2 6 6 6 6 
844 0 0 1 1 1 1 3 0 3 0 1 0 1 4 4 0 4 0 1 0 3 63 8 22 12 6 33 12 17 12 5 1 1 1 0 1.5 4 4 4 4 
207 0 0 1 1 1 1 3 0 3 0 1 0 0 2 2 0 2 0 0 0 2 45 5 10 5 2 30 4 7 5 2 1 1 1 0 3 2 2 2 2 
210 1 5 2 2 3 1 11 0 10 0 1 0 4 12 12 1 12 0 0 10 2 351 28 148 60 85 175 71 97 54 43 6 6 7 3 1.18 28 28 31 16 
568 1 2 1 1 1 1 3 0 3 0 1 1 1 3 2 0 3 0 0 0 3 62 7 16 9 4 39 7 11 8 3 1 1 1 0 2.44 3 3 3 3 
446 0 0 1 1 1 1 3 0 3 0 1 0 0 1 1 0 1 0 0 0 1 37 3 6 3 1 28 2 4 3 1 1 1 1 0 4.67 1 1 1 1 
212 1 2 2 2 2 1 6 0 6 0 1 0 3 2 2 0 2 0 0 0 2 71 7 20 9 11 45 10 14 9 5 2 2 2 1 2.25 3 3 3 2 
203 0 0 1 1 1 1 3 0 3 0 1 0 0 1 1 0 1 0 0 0 1 40 3 6 3 1 31 2 4 3 1 1 1 1 0 5.17 1 1 1 1 
201 2 4 2 2 2 1 13 0 11 0 1 4 2 27 23 14 27 0 4 0 23 798 67 374 144 206 357 181 241 120 121 16 16 16 6 0.95 59 59 59 29 
209 4 5 2 2 2 2 17 2 13 1 3 0 31 19 19 0 19 0 0 9 10 776 99 274 162 181 404 160 197 138 59 4 4 5 3 1.47 37 37 41 29 
206 2 2 2 2 2 1 6 0 6 0 1 0 0 2 2 1 2 0 0 0 2 72 8 21 10 7 44 11 15 9 6 2 2 2 1 2.1 3 3 3 2 
208 0 0 1 1 1 1 4 0 4 0 1 0 0 5 5 4 5 0 0 0 5 101 11 28 14 8 62 13 19 11 8 1 1 1 0 2.21 5 5 5 5 
842 0 0 1 1 1 1 4 0 4 0 1 0 0 3 3 2 3 0 0 0 3 64 5 17 8 5 42 8 12 7 5 1 1 1 0 2.47 3 3 3 3 
202 1 2 1 1 1 1 5 0 5 0 1 0 0 5 5 4 5 0 0 0 5 117 14 36 18 11 67 18 25 15 10 2 2 2 1 1.86 6 6 6 5 
200 2 4 1 1 1 1 4 0 4 0 1 0 0 9 9 8 9 0 0 0 9 175 19 55 25 19 101 29 40 22 18 2 2 2 1 1.84 10 10 10 9 
843 1 2 1 1 1 1 3 0 3 0 1 0 0 2 2 1 2 0 0 0 2 41 4 10 5 2 27 4 7 5 2 1 1 1 0 2.7 2 2 2 2 
700 1 2 1 1 1 1 3 0 3 0 1 0 0 5 5 1 5 0 0 0 5 82 9 20 8 6 53 7 13 8 5 1 1 2 0 2.65 5 5 6 5 
696 0 0 1 1 1 1 4 0 4 0 1 0 2 5 5 1 5 0 0 0 5 100 12 28 12 12 60 15 22 13 9 2 2 2 1 2.14 6 6 7 5 
697 0 0 1 1 1 1 1 0 1 0 1 0 0 4 4 0 4 4 0 0 0 55 6 8 7 0 41 6 7 7 0 1 1 1 0 5.13 4 4 4 4 
694 1 2 1 1 1 1 1 0 1 0 1 0 0 9 9 0 9 9 0 0 0 131 13 15 14 0 103 13 14 14 0 1 1 1 0 6.87 9 9 9 9 
698 1 3 1 1 1 1 3 0 3 0 1 0 0 3 3 0 3 0 0 0 3 56 6 13 6 3 37 5 9 6 3 1 1 1 0 2.85 3 3 3 3 
793 0 0 1 1 1 1 1 0 1 0 1 0 0 1 1 0 1 1 0 0 0 42 4 5 4 0 33 3 4 4 0 1 1 1 0 6.6 1 1 1 1 
702 1 2 1 1 1 1 4 0 4 0 1 0 0 4 4 1 4 0 0 0 4 70 7 26 11 9 37 13 19 11 8 2 2 2 1 1.42 5 5 5 4 
701 4 3 2 2 3 1 10 0 9 0 1 0 4 18 18 5 18 0 5 0 13 389 32 198 69 113 159 103 149 71 78 10 10 10 3 0.8 41 41 47 18 
695 2 3 3 3 3 1 11 0 9 2 2 0 0 19 19 12 19 2 6 0 11 393 41 225 87 105 127 119 168 89 79 10 10 10 6 0.56 50 50 51 19 
699 0 0 1 1 1 1 1 0 1 0 1 0 0 3 3 0 3 3 0 0 0 43 6 9 8 0 28 7 8 8 0 1 1 1 0 3.11 3 3 3 3 
791 0 0 3 3 3 1 9 0 9 0 1 3 1 3 0 0 3 0 0 0 3 72 7 37 12 16 28 14 24 12 12 3 3 3 2 0.76 9 9 9 3 
691 1 3 1 1 1 1 4 0 4 0 1 0 0 4 4 3 4 0 0 0 4 70 8 27 13 9 35 17 22 13 9 1 1 1 0 1.3 4 4 4 4 
692 4 2 2 2 2 1 11 0 11 0 1 0 8 38 38 25 38 2 2 7 27 929 77 500 184 326 352 289 373 172 201 15 15 15 4 0.7 84 84 84 52 
792 1 1 2 2 2 1 8 0 8 0 1 0 1 13 13 6 13 2 0 2 9 231 21 131 34 69 79 63 95 34 61 5 5 5 3 0.6 31 31 31 15 
693 0 0 2 2 2 1 6 0 6 0 1 0 0 4 4 4 4 0 0 4 0 87 8 35 14 15 44 17 26 14 12 4 4 4 2 1.26 7 7 7 4 
690 1 2 1 1 1 1 4 0 4 0 1 1 0 12 11 3 12 0 1 0 11 122 17 72 27 28 33 36 54 27 27 2 2 2 1 0.46 17 17 17 12 
126 0 0 1 1 1 1 4 0 4 0 1 0 0 22 22 2 22 0 0 1 21 215 28 99 29 39 88 34 65 28 37 6 6 6 2 0.89 30 30 30 24 
112 0 0 1 1 1 1 1 0 1 0 1 0 0 20 20 2 20 20 0 0 0 249 25 28 27 2 196 25 26 26 0 1 1 1 0 7 20 20 20 20 
113 1 1 1 1 1 1 3 0 3 0 1 0 0 2 2 0 2 0 0 0 2 51 5 10 5 2 36 4 7 5 2 1 1 1 0 3.6 2 2 2 2 
825 0 0 1 1 1 1 1 0 1 0 1 0 0 1 1 0 1 1 0 0 0 39 4 5 4 0 30 3 4 4 0 1 1 1 0 6 1 1 1 1 
125 0 0 2 2 3 1 9 0 8 0 1 8 4 9 1 1 9 0 2 0 7 228 21 107 29 63 100 62 88 31 57 7 7 8 3 0.93 22 22 24 9 
111 0 0 1 1 2 1 4 0 4 0 1 0 0 20 20 2 20 0 0 0 20 247 28 105 34 45 114 40 69 32 37 5 5 6 2 1.09 29 29 32 22 
114 0 0 1 1 1 1 1 0 1 0 1 0 0 1 1 0 1 0 0 0 1 37 3 6 5 0 28 4 5 5 0 1 1 1 0 4.67 1 1 1 1 
119 0 0 1 1 1 1 15 1 13 0 1 0 0 2 2 0 2 0 0 1 1 90 5 30 4 23 55 10 13 4 9 1 1 1 0 1.83 2 2 2 2 
115 1 3 3 3 3 1 22 2 19 1 5 1 4 59 58 26 59 3 1 16 39 1562 194 1085 261 774 284 498 697 251 446 10 10 10 6 0.26 175 175 181 76 
117 0 0 2 2 2 1 4 0 4 0 1 0 0 11 11 4 11 0 0 1 10 199 22 57 22 21 120 23 38 22 16 8 8 12 2 2.11 18 18 22 14 
118 0 0 2 2 2 1 12 0 8 3 1 0 1 4 4 1 4 0 0 1 3 135 13 45 15 23 77 25 34 15 19 5 5 5 2 1.71 8 8 8 4 
120 0 0 1 1 1 1 3 0 3 0 1 0 0 3 3 1 3 0 0 1 2 84 9 20 13 5 55 12 16 13 3 1 1 1 0 2.75 3 3 3 3 
116 1 3 3 3 3 1 31 2 27 1 3 0 2 17 17 5 17 0 0 4 13 594 64 388 90 289 143 171 224 92 132 8 8 10 5 0.37 44 44 46 17 
124 0 0 5 5 5 1 16 0 15 1 1 2 0 3 1 0 3 0 1 0 2 99 7 51 11 27 41 23 38 13 25 9 9 9 2 0.8 14 14 14 3 
122 0 0 1 1 1 1 5 0 5 0 3 0 1 14 14 4 14 0 9 0 5 222 26 95 43 43 101 48 71 43 28 3 3 3 2 1.06 20 20 20 14 
121 0 0 2 2 2 1 9 0 9 0 3 0 1 32 32 2 32 0 1 0 31 466 40 309 107 187 117 151 221 100 121 6 6 6 2 0.38 70 70 73 37 
123 0 0 1 1 1 1 4 0 4 0 1 0 1 9 9 5 9 0 0 0 9 147 18 54 20 25 75 31 42 20 22 2 2 2 1 1.39 10 10 10 9 
442 0 0 1 1 1 1 3 0 3 0 1 0 0 3 3 1 3 0 0 2 1 35 6 13 6 4 16 5 9 6 3 1 1 1 0 1.23 3 3 3 3 
441 1 3 2 2 2 1 7 0 7 0 2 0 0 28 28 1 28 0 7 0 21 286 38 231 77 127 17 118 170 79 91 8 8 8 3 0.07 54 54 57 28 
443 0 0 1 1 1 1 2 0 2 0 1 0 0 4 4 1 4 0 0 0 4 37 7 14 7 3 16 6 10 7 3 1 1 1 0 1.14 4 4 4 4 
444 0 0 1 1 1 1 3 0 3 0 1 0 0 1 1 0 1 0 0 0 1 25 3 6 3 1 16 2 4 3 1 1 1 1 0 2.67 1 1 1 1 
366 0 0 1 1 1 1 5 0 5 0 2 0 3 11 11 3 11 0 2 2 7 233 24 78 39 31 131 41 55 35 20 2 2 2 1 1.68 13 13 13 11 
368 0 0 2 2 3 1 12 0 12 0 1 0 1 1 1 0 1 0 0 0 1 58 6 24 15 7 28 14 18 13 5 2 2 3 1 1.17 2 2 3 1 
367 0 0 1 1 1 1 10 0 9 1 1 2 0 3 1 0 3 0 1 0 2 98 8 38 21 16 53 16 21 14 7 2 2 2 1 1.39 4 4 4 3 
364 0 0 1 1 1 1 4 0 4 0 4 0 2 43 43 3 43 4 0 2 37 412 52 228 86 97 132 98 159 85 74 3 3 3 2 0.58 57 57 58 47 
365 0 0 3 3 3 1 16 2 14 0 1 0 1 1 1 0 1 0 0 0 1 54 6 23 11 10 25 13 18 11 7 3 3 3 1 1.09 3 3 3 1 
527 0 0 2 2 2 1 6 0 6 0 1 0 1 23 23 8 23 0 1 7 15 392 42 176 65 90 174 81 123 62 61 6 6 6 4 0.99 36 36 36 23 
531 1 4 2 2 2 2 10 0 10 0 1 0 2 14 14 3 14 0 1 0 13 274 24 171 69 103 79 96 126 68 58 4 4 4 2 0.46 33 33 33 25 
534 1 4 2 2 2 1 8 0 8 0 1 0 5 24 24 8 24 0 5 0 19 401 54 226 67 132 121 109 158 67 91 6 6 7 3 0.54 46 46 47 26 
537 1 6 2 2 2 1 11 0 10 0 3 8 6 53 45 35 53 0 13 13 27 1181 139 640 166 402 403 335 461 159 302 6 6 8 4 0.63 119 119 122 55 
529 0 0 2 2 3 1 10 0 10 0 1 1 1 6 5 6 6 0 2 0 4 163 18 79 32 41 66 45 60 32 28 3 3 4 2 0.84 14 14 15 6 
533 0 0 1 1 1 1 7 0 6 0 1 0 0 3 3 2 3 0 0 1 2 72 8 25 8 12 39 12 18 8 10 2 2 2 1 1.56 4 4 4 3 
536 0 0 2 2 2 1 7 0 7 0 1 0 6 15 15 6 15 0 1 5 9 269 39 126 51 67 104 68 96 49 47 7 7 8 2 0.83 27 27 28 15 
535 0 0 3 3 3 1 13 0 13 0 1 0 0 5 5 7 5 0 1 0 4 164 20 80 26 43 64 44 61 26 35 9 9 9 2 0.8 16 16 16 7 
532 0 0 2 2 2 1 9 0 9 0 2 4 5 20 16 8 20 0 7 0 13 459 50 214 81 124 195 118 161 79 82 4 4 5 2 0.91 38 38 40 22 
523 0 0 3 3 3 1 11 0 11 0 1 0 1 4 4 3 4 0 0 0 4 122 11 59 16 32 52 29 42 16 26 4 4 4 2 0.88 12 12 12 4 
823 0 0 1 1 1 1 1 0 1 0 1 0 0 3 3 0 3 0 0 0 3 44 4 6 5 0 34 4 5 5 0 1 1 1 0 5.67 3 3 3 3 
704 0 0 1 1 1 1 5 0 5 0 1 0 0 4 4 1 4 0 0 2 2 97 11 29 16 11 57 15 21 15 6 2 2 2 1 1.97 5 5 5 4 
522 0 0 1 1 1 1 1 0 1 0 1 0 0 7 7 0 7 6 0 0 1 82 9 11 10 0 62 9 10 10 0 1 1 1 0 5.64 7 7 7 7 
520 1 2 1 1 1 1 3 0 3 0 1 0 0 2 2 0 2 0 0 0 2 48 4 10 5 2 34 4 7 5 2 1 1 1 0 3.4 2 2 2 2 
526 0 0 4 4 4 1 16 1 15 0 1 0 1 5 5 4 5 0 0 0 5 171 19 93 24 57 59 45 64 24 40 6 6 7 3 0.63 19 19 21 5 
705 0 0 1 1 2 1 4 0 4 0 1 0 0 4 4 1 4 0 0 1 3 69 8 23 8 10 38 9 15 8 7 2 2 3 1 1.65 5 5 6 4 
703 0 0 2 2 2 1 9 0 8 0 1 0 1 4 4 1 4 0 0 2 2 95 11 44 16 22 40 21 31 15 16 3 3 3 1 0.91 8 8 9 4 
530 0 0 2 2 2 1 6 0 6 0 1 0 0 22 22 6 22 0 2 0 20 267 39 146 49 74 82 65 100 46 54 4 4 4 2 0.56 34 34 34 26 
524 0 0 1 1 1 1 1 0 1 0 1 0 0 29 29 0 29 29 0 0 0 257 32 37 36 0 188 35 36 36 0 1 1 1 0 5.08 29 29 29 29 
521 0 0 1 1 1 1 1 0 1 0 1 0 0 4 4 0 4 4 0 0 0 53 6 7 6 0 40 5 6 6 0 1 1 1 0 5.71 4 4 4 4 
528 0 0 1 1 1 1 1 0 1 0 1 0 0 3 3 0 3 3 0 0 0 50 6 7 6 0 37 5 6 6 0 1 1 1 0 5.29 3 3 3 3 
525 0 0 1 1 1 1 1 0 1 0 1 0 0 1 1 0 1 1 0 0 0 34 3 4 3 0 27 2 3 3 0 1 1 1 0 6.75 1 1 1 1 
716 0 0 2 2 2 1 9 0 9 0 3 1 2 9 8 4 9 0 2 0 7 186 20 93 36 54 73 48 66 36 30 7 7 7 2 0.78 17 17 17 9 
134 4 4 1 1 1 1 5 0 5 0 1 0 0 10 10 6 10 0 0 0 10 168 19 64 23 27 85 32 47 22 25 4 4 4 1 1.33 14 14 14 10 
136 3 2 1 1 1 1 4 0 4 0 1 0 0 9 9 2 9 0 0 0 9 131 14 50 17 19 67 20 34 17 17 3 3 3 1 1.34 13 13 13 9 
131 4 3 1 1 1 1 1 0 1 0 1 0 0 11 11 0 11 11 0 0 0 148 14 24 23 0 110 19 20 20 0 1 1 1 0 4.58 11 11 11 11 
132 4 5 3 3 3 1 14 1 13 0 8 0 2 50 50 12 50 3 11 0 36 1113 131 698 201 446 284 343 485 194 291 8 8 11 5 0.41 138 138 149 70 
133 0 0 3 3 4 1 11 0 11 0 1 2 0 5 3 1 5 0 1 0 4 114 11 61 20 39 42 34 49 20 29 8 8 13 2 0.69 14 14 20 7 
138 3 3 3 3 3 1 11 0 10 0 2 0 7 20 20 8 20 0 0 0 20 445 52 234 71 139 159 121 172 69 103 7 7 8 4 0.68 50 50 54 28 
135 0 0 2 2 2 2 6 0 6 0 1 0 0 2 2 1 2 0 0 0 2 58 7 19 8 6 32 9 14 8 6 3 3 3 2 1.68 4 4 4 4 
137 3 3 2 2 2 1 7 0 7 0 1 0 1 20 20 2 20 0 1 0 19 298 32 167 55 83 99 74 114 53 61 3 3 4 2 0.59 39 39 43 20 
686 0 0 1 1 1 1 3 0 3 0 1 0 0 13 13 5 13 2 0 0 11 143 17 52 22 16 74 24 38 22 16 1 1 1 0 1.42 13 13 13 13 
519 0 0 3 3 3 2 10 0 9 0 2 0 2 25 25 7 25 1 7 0 17 491 43 263 88 161 185 151 210 92 118 8 8 8 4 0.7 64 64 65 42 
76 0 0 5 5 6 3 23 0 20 2 1 3 1 39 36 5 39 3 4 1 31 1163 63 805 215 523 295 376 577 212 365 27 27 31 7 0.37 201 201 229 99 
79 0 0 1 1 1 1 1 0 1 0 2 0 0 11 11 0 11 11 0 0 0 124 15 18 16 0 91 14 16 16 0 1 1 1 0 5.06 11 11 11 11 
518 0 0 2 2 2 2 7 0 6 0 2 0 0 22 22 4 22 5 1 0 16 368 40 170 65 90 158 95 136 69 67 5 5 5 3 0.93 40 40 40 36 
73 1 1 1 1 1 1 3 0 3 0 1 0 0 2 2 0 2 0 0 0 2 49 5 10 5 2 34 4 7 5 2 1 1 1 0 3.4 2 2 2 2 
81 1 1 1 1 1 1 3 0 3 0 1 0 0 2 2 0 2 0 0 0 2 49 5 10 5 2 34 4 7 5 2 1 1 1 0 3.4 2 2 2 2 
71 0 0 1 1 1 1 1 0 1 0 1 0 0 8 8 2 8 8 0 0 0 97 12 15 14 2 70 13 14 14 0 1 1 1 0 4.67 8 8 8 8 
96 0 0 1 1 2 1 4 0 4 0 1 0 0 16 16 6 16 0 0 0 16 225 26 78 27 37 121 29 50 27 23 5 5 10 1 1.55 22 22 27 18 
85 0 0 2 2 2 2 5 0 5 0 1 0 2 11 11 3 11 1 0 0 10 180 20 76 27 33 84 35 53 26 27 3 3 3 2 1.11 17 17 17 17 
75 0 0 1 1 1 1 1 0 1 0 1 0 0 4 4 1 4 4 0 0 0 59 7 9 8 1 43 7 8 8 0 1 1 1 0 4.78 4 4 4 4 
77 0 0 2 2 2 1 9 0 8 0 1 1 1 6 5 1 6 1 1 0 4 138 14 58 16 32 66 31 45 17 28 5 5 5 2 1.14 13 13 13 8 
97 0 0 1 1 2 1 5 0 5 0 1 0 0 17 17 4 17 0 0 0 17 244 25 98 28 48 121 46 69 28 41 4 4 7 1 1.23 23 23 26 19 
86 0 0 3 3 3 2 11 0 10 1 1 0 1 7 7 0 7 1 0 0 6 188 13 87 26 48 88 44 64 27 37 5 5 6 3 1.01 19 19 21 17 
689 0 0 1 1 1 1 4 0 3 0 1 0 0 10 10 4 10 2 0 0 8 126 16 53 23 17 57 28 40 22 18 3 3 3 1 1.08 12 12 12 10 
82 1 1 1 1 1 1 3 0 3 0 1 0 0 2 2 0 2 0 0 0 2 49 5 10 5 2 34 4 7 5 2 1 1 1 0 3.4 2 2 2 2 
80 0 0 2 2 2 1 7 0 6 0 1 0 0 22 22 9 22 0 1 0 21 351 30 174 52 92 148 93 131 56 75 11 11 13 6 0.85 41 41 52 24 
102 0 0 3 3 3 1 14 0 10 2 4 1 4 30 29 8 30 3 6 3 18 616 71 348 105 221 197 182 262 111 151 11 11 15 5 0.57 83 80 97 30 
78 2 2 1 1 1 1 3 0 3 0 1 0 0 9 9 1 9 0 0 0 9 118 13 50 29 13 55 26 37 26 11 2 2 2 1 1.1 10 10 10 9 
824 0 0 2 2 2 1 7 0 7 0 1 0 1 9 9 2 9 0 0 0 9 164 14 77 29 39 73 45 62 32 30 3 3 3 2 0.95 16 16 16 11 
87 2 4 3 3 3 2 13 0 11 1 1 0 1 29 29 5 29 1 0 0 28 638 38 363 102 221 237 199 276 113 163 15 15 16 3 0.65 84 84 88 62 
88 2 4 4 4 4 1 19 1 16 1 1 0 1 28 28 7 28 0 2 0 26 948 69 531 174 323 348 291 390 165 225 34 34 34 5 0.66 105 105 106 32 
74 2 5 4 4 5 1 27 1 20 4 1 8 3 47 39 12 47 4 14 6 23 1827 139 1033 328 683 655 579 759 278 481 52 52 66 6 0.63 197 197 217 60 
83 0 0 1 1 1 1 1 0 1 0 1 0 0 3 3 0 3 3 0 0 0 50 5 7 6 0 38 5 6 6 0 1 1 1 0 5.43 3 3 3 3 
688 0 0 1 1 1 1 5 0 5 0 1 0 0 18 18 8 18 2 0 0 16 209 22 110 41 46 77 54 81 43 38 5 5 5 2 0.7 26 26 26 18 
70 0 0 1 1 1 1 1 0 1 0 1 0 0 5 5 1 5 5 0 0 0 66 8 10 9 1 48 8 9 9 0 1 1 1 0 4.8 5 5 5 5 
69 0 0 2 2 2 1 7 0 7 0 1 1 1 6 5 1 6 1 1 0 4 128 12 49 13 27 67 24 36 13 23 4 4 4 1 1.37 12 12 12 8 
95 0 0 1 1 1 1 5 0 4 0 1 0 0 19 19 5 19 0 0 0 19 261 28 100 31 50 133 44 69 31 38 3 3 7 1 1.33 24 24 28 21 
84 0 0 2 2 2 2 7 0 7 0 1 0 1 6 6 0 6 1 0 0 5 117 11 55 23 26 51 30 42 23 19 5 5 5 2 0.93 12 12 13 9 
687 0 0 1 1 1 1 3 0 3 0 1 0 0 10 10 4 10 2 0 0 8 114 14 47 22 14 53 23 34 20 14 1 1 1 0 1.13 10 10 10 10 
72 0 0 4 4 4 1 19 0 17 1 8 1 2 29 28 15 29 20 0 1 8 715 69 555 138 374 92 225 332 111 221 11 10 13 4 0.17 114 104 122 34 
93 2 5 4 4 4 1 15 0 14 0 1 0 0 25 25 5 25 0 20 0 5 725 43 411 87 279 271 230 326 85 241 15 15 15 4 0.66 102 102 104 29 
94 0 0 3 3 3 1 12 0 12 0 1 1 1 19 18 5 19 0 14 0 5 436 34 263 66 161 139 156 214 72 142 8 8 9 3 0.53 59 59 66 22 
91 1 1 2 2 2 2 11 1 10 0 1 0 37 5 5 2 5 0 0 0 5 158 22 107 51 87 29 75 85 50 35 5 5 7 2 0.27 9 9 11 9 
92 0 0 2 2 2 1 8 0 8 0 1 0 0 6 6 3 6 0 0 0 6 128 12 58 13 36 59 36 47 13 34 5 5 6 1 1.02 10 10 11 6 
89 1 3 2 2 2 1 13 0 12 0 1 0 2 8 8 7 8 0 2 0 6 262 23 144 58 79 95 72 92 53 39 4 4 4 2 0.66 18 18 18 8 
90 1 2 2 2 2 1 13 0 12 1 1 1 0 12 11 1 12 0 4 3 5 292 22 175 73 103 95 105 131 63 68 4 4 4 1 0.54 26 26 26 14 
100 0 0 2 2 2 1 7 0 7 0 1 0 0 5 5 2 5 0 1 0 4 102 11 48 21 24 43 25 35 21 14 2 2 2 1 0.9 9 9 9 5 
101 0 0 0 0 0 0 0 0 0 0 1 0 0 0 0 24 0 0 0 0 0 96 26 27 26 24 43 25 26 26 0 0 0 0 0 1.59 0 0 0 0 
99 0 0 4 4 4 1 29 1 25 2 1 1 0 7 6 3 7 0 3 0 4 329 27 211 67 139 91 106 133 61 72 9 9 9 3 0.43 27 27 29 9 
98 1 3 4 4 4 1 28 2 24 1 1 1 0 6 5 2 6 0 5 0 1 283 28 168 46 112 87 97 119 48 71 6 6 7 2 0.52 22 22 24 6 
193 2 3 2 2 2 1 5 0 5 0 3 0 0 12 12 4 12 1 2 0 9 239 21 96 48 32 122 47 67 44 23 3 3 3 2 1.27 18 18 18 16 
186 2 2 1 1 1 1 5 0 5 0 1 0 1 7 7 1 7 3 0 0 4 129 13 51 22 19 65 23 36 21 15 3 3 3 2 1.27 9 9 9 7 
191 0 0 1 1 1 1 3 0 3 0 1 0 0 3 3 2 3 3 0 0 0 66 7 16 8 4 43 8 12 8 4 1 1 1 0 2.69 3 3 3 3 
192 1 3 4 4 4 2 15 0 13 1 1 0 1 9 9 6 9 6 1 0 2 298 23 153 54 82 122 77 111 55 56 8 8 10 4 0.8 35 35 40 14 
187 0 0 1 1 1 1 1 0 1 0 1 0 0 3 3 0 3 3 0 0 0 50 5 7 6 0 38 5 6 6 0 1 1 1 0 5.43 3 3 3 3 
194 1 3 3 3 4 2 14 1 12 1 2 0 1 6 6 8 6 6 0 0 0 234 28 95 42 43 111 54 72 38 34 12 12 17 3 1.17 17 17 22 13 
196 3 4 2 2 2 1 6 0 6 0 1 0 1 11 11 3 11 1 0 0 10 208 21 85 33 41 102 45 63 33 30 3 3 4 2 1.2 17 17 18 15 
197 0 0 2 2 2 1 6 0 6 0 1 0 0 9 9 4 9 1 1 0 7 163 16 70 26 30 77 35 52 25 27 4 4 4 2 1.1 16 16 17 9 
195 3 4 2 2 2 1 9 0 8 0 1 11 1 27 16 12 27 3 1 0 23 644 56 262 125 104 326 97 142 64 78 6 6 6 3 1.24 44 44 47 34 
190 5 5 3 3 3 1 23 0 19 4 1 0 1 15 15 4 15 2 5 0 8 563 37 319 119 221 207 159 198 119 79 24 24 26 8 0.65 45 45 47 18 
184 0 0 1 1 1 1 1 0 1 0 1 0 0 1 1 0 1 1 0 0 0 34 4 5 4 0 25 3 4 4 0 1 1 1 0 5 1 1 1 1 
198 1 2 2 2 2 1 5 0 5 0 1 0 1 9 9 5 9 0 1 0 8 168 19 69 30 27 80 35 50 27 23 5 5 7 3 1.16 15 15 17 9 
188 1 1 2 2 2 1 11 0 10 1 1 0 2 10 10 7 10 7 0 0 3 252 25 128 42 71 99 72 96 43 53 4 4 4 3 0.77 23 23 23 10 
189 2 3 3 3 3 1 15 1 13 0 1 0 1 6 6 3 6 0 0 0 6 194 21 106 46 51 67 51 67 35 32 6 6 6 2 0.63 15 15 15 6 
185 0 0 0 0 0 0 0 0 0 0 1 0 0 0 0 0 0 0 0 0 0 30 2 4 3 0 24 2 3 3 0 0 0 0 0 6 0 0 0 0 
434 0 0 2 2 2 1 5 0 5 0 1 0 0 10 10 0 10 0 0 6 4 156 13 67 27 31 76 34 48 26 22 10 10 10 3 1.13 19 19 19 10 
567 0 0 1 1 1 1 1 0 1 0 1 0 0 1 1 0 1 1 0 0 0 48 5 9 8 0 34 6 7 7 0 1 1 1 0 3.78 1 1 1 1 
432 0 0 1 1 1 1 4 0 4 0 1 0 0 7 7 6 7 0 0 0 7 139 17 46 26 12 76 25 33 21 12 1 1 1 0 1.65 7 7 7 7 
431 0 0 1 1 1 1 1 0 1 0 1 0 0 12 12 0 12 12 0 0 0 201 15 27 26 0 159 22 23 23 0 1 1 1 0 5.89 12 12 12 12 
509 4 7 3 3 3 1 11 0 11 0 1 0 5 33 33 9 33 0 4 13 16 761 59 427 134 255 275 228 312 121 191 27 27 32 5 0.64 90 90 97 41 
512 1 6 2 2 2 1 12 0 10 0 6 0 5 79 79 36 79 2 1 24 52 1616 170 954 297 592 493 507 692 286 406 22 22 23 5 0.52 182 182 192 97 
508 1 6 2 2 2 1 9 0 9 0 4 0 1 34 34 11 34 2 1 9 22 605 59 378 130 219 168 209 285 127 158 7 7 10 3 0.44 74 74 80 44 
510 0 0 1 1 1 1 1 0 1 0 1 0 0 1 1 0 1 1 0 0 0 35 4 5 4 0 26 3 4 4 0 1 1 1 0 5.2 1 1 1 1 
513 0 0 2 2 2 1 7 0 6 0 1 0 2 14 14 5 14 0 0 1 13 334 33 107 33 60 194 48 72 33 39 5 5 5 2 1.81 22 22 22 14 
515 0 0 2 2 2 1 6 0 6 0 1 0 0 5 5 1 5 0 0 1 4 107 12 40 13 18 55 17 28 13 15 5 5 5 1 1.38 9 9 9 5 
514 0 0 1 1 2 1 4 0 4 0 1 0 0 4 4 1 4 0 0 1 3 76 8 23 8 10 45 9 15 8 7 2 2 3 1 1.96 5 5 6 4 
511 0 0 3 3 3 1 10 0 9 1 1 0 0 1 1 0 1 0 0 0 1 54 4 13 4 5 37 5 9 4 5 3 3 3 1 2.85 3 3 3 1 
516 0 0 2 2 2 1 16 1 12 2 2 0 1 9 9 3 9 0 0 4 5 257 25 142 65 81 90 79 102 60 42 6 6 6 2 0.63 22 22 22 9 
517 0 0 2 2 2 1 9 0 8 0 1 0 2 8 8 1 8 0 0 4 4 178 16 85 29 45 77 42 61 29 32 7 7 7 2 0.91 18 18 19 8 
566 0 0 2 2 2 2 11 0 11 0 1 0 1 4 4 0 4 0 0 2 2 121 9 63 30 30 49 35 46 28 18 3 3 3 4 0.78 8 8 8 6 
499 0 0 11 9 12 7 74 3 64 7 1 0 3 8 8 0 8 0 1 0 7 732 45 548 120 426 146 328 405 114 291 27 22 27 6 0.27 90 75 95 55 
502 0 0 2 2 2 1 7 0 7 0 2 0 1 9 9 7 9 0 0 0 9 202 21 81 30 46 100 45 61 30 31 5 5 6 1 1.23 16 16 17 9 
564 0 0 5 5 6 5 20 0 17 3 1 1 0 2 1 0 2 0 1 0 1 95 6 44 16 23 45 19 27 14 13 9 9 11 4 1.02 10 10 12 9 
563 0 0 3 3 3 1 14 0 13 0 2 0 3 15 15 11 15 0 7 0 8 482 42 230 62 143 210 120 165 57 108 7 7 8 3 0.91 46 46 52 21 
496 0 0 3 3 3 1 14 0 14 0 1 0 0 8 8 6 8 0 0 4 4 220 16 127 46 81 77 61 85 37 48 4 4 4 3 0.61 21 21 21 10 
498 0 0 2 2 2 1 5 0 5 0 1 0 2 4 4 1 4 0 0 0 4 84 10 31 14 13 43 15 23 14 9 3 3 3 2 1.39 7 7 7 4 
505 0 0 3 3 3 1 15 0 15 0 1 0 0 5 5 5 5 0 2 0 3 178 14 92 35 59 72 58 73 34 39 5 5 5 2 0.78 14 14 14 5 
500 0 0 2 2 2 1 10 0 9 1 1 0 3 21 21 6 21 0 0 0 21 464 37 229 87 129 214 148 186 89 97 8 8 8 2 0.93 42 42 42 21 
503 0 0 2 2 2 1 6 0 6 0 1 0 1 4 4 4 4 0 0 0 4 105 12 39 16 20 54 20 29 16 13 3 3 4 2 1.38 8 8 9 4 
507 0 0 1 1 1 1 7 0 7 0 1 0 0 3 3 0 3 0 0 2 1 71 6 25 10 12 40 11 16 7 9 2 2 2 1 1.6 4 4 4 3 
501 0 0 1 1 1 1 4 0 4 0 3 0 1 55 55 22 55 0 1 0 54 738 87 300 114 134 351 152 225 115 110 5 5 6 4 1.17 70 70 75 55 
565 0 0 2 2 2 2 10 0 9 0 1 0 0 4 4 1 4 0 0 3 1 95 8 45 14 25 42 21 30 12 18 3 3 3 3 0.93 7 7 7 6 
506 0 0 1 1 1 1 4 0 4 0 1 0 0 11 11 3 11 0 0 0 11 139 17 59 22 25 63 27 43 22 21 2 2 2 1 1.07 15 15 15 11 
428 0 0 3 3 3 1 18 1 14 2 4 0 4 49 49 31 49 3 0 14 32 1262 138 804 227 520 320 421 567 214 353 11 11 11 6 0.4 139 139 141 57 
429 0 0 2 2 2 1 12 0 8 3 1 0 1 4 4 1 4 0 0 1 3 143 13 45 15 23 85 25 34 15 19 5 5 5 2 1.89 8 8 8 4 
430 0 0 1 1 1 1 3 0 3 0 1 0 0 3 3 1 3 0 0 1 2 80 9 20 13 5 51 12 16 13 3 1 1 1 0 2.55 3 3 3 3 
426 0 0 4 4 4 1 24 1 18 3 2 0 2 11 11 4 11 0 0 3 8 431 38 239 91 148 154 131 172 83 89 8 8 10 5 0.64 39 39 41 11 
427 0 0 1 1 1 1 3 0 3 0 1 0 0 9 9 4 9 0 0 1 8 174 16 38 19 9 120 18 28 19 9 1 1 1 0 3.16 9 9 9 9 
439 0 0 3 3 3 1 15 1 12 2 1 1 6 27 26 9 27 0 0 7 20 597 72 389 135 238 156 226 301 133 168 6 6 6 4 0.4 69 69 70 29 
433 0 0 3 3 3 1 19 1 17 1 1 4 4 19 15 4 19 0 4 6 9 516 52 370 124 237 94 203 274 120 154 8 8 8 4 0.25 64 64 65 23 
435 0 0 1 1 1 1 1 0 1 0 1 0 0 4 4 0 4 4 0 0 0 72 6 9 8 0 57 7 8 8 0 1 1 1 0 6.33 4 4 4 4 
437 1 2 2 2 2 1 9 0 8 1 1 0 0 6 6 1 6 0 0 0 6 123 10 62 24 32 51 38 50 24 26 4 4 5 2 0.82 10 10 11 8 
438 0 0 1 1 1 1 1 0 1 0 1 0 0 1 1 0 1 1 0 0 0 35 2 5 4 0 28 3 4 4 0 1 1 1 0 5.6 1 1 1 1 
436 0 0 4 4 4 1 38 1 28 12 1 6 2 6 0 0 6 0 0 0 6 359 18 203 85 127 163 144 168 82 86 6 6 6 4 0.8 24 24 24 6 
440 0 0 5 5 5 1 30 2 25 3 1 0 25 24 24 6 24 0 7 6 11 952 90 681 231 478 181 392 507 224 283 12 12 12 8 0.27 108 108 109 30 
285 2 4 1 1 1 1 3 0 3 0 1 0 0 11 11 4 11 0 0 1 10 159 19 49 22 15 91 22 35 21 14 3 3 3 1 1.86 13 13 13 11 
219 0 0 1 1 1 1 1 0 1 0 1 0 0 3 3 0 3 0 0 0 3 83 6 25 24 0 52 11 12 12 0 1 1 1 0 2.08 3 3 3 3 
221 0 0 1 1 1 1 1 0 1 0 1 0 0 2 2 0 2 2 0 0 0 54 5 10 9 0 39 7 8 8 0 1 1 1 0 3.9 2 2 2 2 
715 0 0 1 1 1 1 6 0 6 0 2 1 3 5 4 1 5 0 0 1 4 136 13 61 33 27 62 27 33 25 8 2 2 2 1 1.02 6 6 6 5 
222 0 0 3 3 3 1 12 0 11 0 2 0 2 7 7 5 7 0 2 0 5 182 18 110 45 57 54 66 89 49 40 7 7 7 4 0.49 19 19 20 7 
218 1 3 1 1 1 1 1 0 1 0 1 0 0 8 8 0 8 8 0 0 0 129 12 29 28 0 88 19 20 20 0 1 1 1 0 3.03 8 8 8 8 
220 2 1 1 1 1 1 4 0 4 0 1 0 0 11 11 9 11 0 0 0 11 202 22 67 35 20 113 36 48 28 20 1 1 1 0 1.69 11 11 11 11 
355 0 0 2 2 2 1 8 0 8 0 1 0 3 14 14 9 14 0 0 3 11 316 35 157 79 67 124 86 109 56 53 3 3 3 2 0.79 22 22 22 14 
217 0 0 1 1 1 1 5 0 5 0 2 0 2 8 8 4 8 1 1 1 5 157 19 64 36 20 74 36 46 32 14 2 2 2 1 1.16 9 9 9 8 
794 0 0 1 1 1 1 8 0 7 0 1 0 0 8 8 1 8 0 1 0 7 158 16 79 37 32 64 43 53 23 30 2 2 2 1 0.81 9 9 9 8 
302 0 0 1 1 1 1 1 0 1 0 1 0 0 2 2 0 2 2 0 0 0 65 5 9 8 0 51 6 7 7 0 1 1 1 0 5.67 2 2 2 2 
591 1 2 2 2 2 2 15 0 13 0 2 0 1 15 15 4 15 0 2 2 11 307 24 201 69 120 82 111 149 75 74 9 9 9 5 0.41 36 36 37 23 
242 1 2 3 3 3 1 12 0 11 1 4 0 3 27 27 16 27 12 4 6 5 620 51 352 92 215 217 180 261 91 170 9 9 9 4 0.62 79 79 81 38 
799 0 0 2 2 2 2 4 0 4 0 1 0 0 3 3 0 3 0 0 0 3 64 5 16 6 4 43 4 10 6 4 3 3 3 2 2.69 5 5 5 5 
586 1 1 1 1 1 1 3 0 3 0 1 0 0 8 8 7 8 0 0 2 6 170 19 53 33 15 98 32 40 29 11 2 2 2 1 1.85 9 9 9 8 
540 0 0 2 2 2 1 8 0 8 0 1 0 0 3 3 1 3 0 0 1 2 87 10 34 17 16 43 24 30 18 12 4 4 4 2 1.26 6 6 6 3 
573 1 1 1 1 1 1 1 0 1 0 1 0 0 2 2 0 2 2 0 0 0 58 5 10 9 0 43 6 7 7 0 1 1 1 0 4.3 2 2 2 2 
598 1 3 3 3 4 2 14 0 13 1 2 1 0 10 9 7 10 3 5 0 2 350 24 174 78 86 152 101 135 74 61 6 6 7 4 0.87 32 32 35 19 
256 5 2 2 2 3 2 11 0 10 1 3 1 3 15 14 6 15 2 2 0 11 328 37 181 55 106 110 87 129 62 67 10 10 11 6 0.61 37 37 39 25 
581 1 3 2 2 3 2 10 0 9 0 2 0 0 12 12 7 12 2 1 1 8 276 28 136 53 73 116 75 106 52 54 6 6 7 4 0.85 27 27 30 22 
457 0 0 2 2 2 1 11 1 9 1 5 0 0 13 13 5 13 4 1 3 5 208 35 130 45 76 43 68 93 51 42 9 9 9 0 0.33 23 23 23 16 
284 2 5 2 2 2 2 9 0 8 0 4 0 0 27 27 13 27 6 3 2 16 540 53 285 115 137 202 134 192 103 89 12 12 16 6 0.71 56 56 64 42 
798 0 0 3 3 3 2 10 0 9 0 1 0 0 4 4 3 4 0 1 0 3 108 10 49 17 24 49 23 34 16 18 4 4 4 2 1 10 10 10 6 
810 0 0 1 1 1 1 1 0 1 0 1 0 0 3 3 0 3 3 0 0 0 47 5 7 6 0 35 5 6 6 0 1 1 1 0 5 3 3 3 3 
252 0 0 1 1 1 1 3 0 3 0 1 0 0 3 3 1 3 2 0 1 0 68 9 19 10 5 40 11 15 10 5 1 1 1 0 2.11 3 3 3 3 
236 0 0 3 3 3 1 11 0 10 0 5 1 1 18 17 5 18 5 5 0 8 390 34 226 72 130 130 120 170 77 93 13 13 16 4 0.58 47 47 51 23 
235 0 0 1 1 1 1 2 0 2 0 1 0 0 4 4 2 4 3 0 0 1 62 9 16 10 3 37 10 13 10 3 1 1 1 0 2.31 4 4 4 4 
265 1 1 2 2 2 1 7 1 5 0 1 4 4 5 1 2 5 0 1 0 4 121 21 46 18 24 54 23 34 17 17 5 5 5 2 1.17 9 9 9 5 
590 0 0 1 1 1 1 8 0 8 0 1 0 0 1 1 0 1 0 0 1 0 46 4 13 8 3 29 4 6 5 1 1 1 1 0 2.23 1 1 1 1 
546 0 0 4 4 4 2 18 0 16 0 5 2 8 19 17 5 19 0 0 4 15 498 42 359 131 200 98 184 249 95 154 35 35 39 5 0.27 69 69 73 42 
804 0 0 1 1 1 1 4 0 4 0 1 0 0 3 3 2 3 0 0 0 3 67 7 22 10 7 38 11 16 10 6 2 2 2 1 1.73 4 4 4 3 
552 0 0 1 1 1 1 8 0 8 0 1 0 0 1 1 0 1 0 0 1 0 48 4 13 9 2 31 4 6 5 1 1 1 1 0 2.38 1 1 1 1 
277 0 0 2 2 2 1 6 0 5 0 5 0 0 21 21 12 21 1 2 2 16 349 41 152 58 65 156 81 116 62 54 10 10 10 3 1.03 32 32 32 24 
282 2 2 2 2 2 1 9 0 8 0 5 0 0 31 31 11 31 3 4 2 22 541 58 259 82 134 225 123 183 86 97 7 7 9 2 0.87 59 59 66 43 
255 1 2 1 1 1 1 3 0 3 0 4 3 1 19 16 4 19 17 0 0 2 257 30 80 31 30 147 35 57 33 24 4 4 4 2 1.84 22 22 22 19 
246 0 0 4 4 4 1 17 0 16 1 2 1 4 5 4 6 5 4 1 0 0 198 19 99 31 59 80 56 78 33 45 7 7 8 3 0.81 18 18 19 5 
273 1 3 3 3 3 2 19 0 16 2 3 0 1 13 13 4 13 1 1 0 11 297 29 167 49 100 102 94 128 50 78 14 14 15 3 0.61 34 34 35 24 
262 0 0 3 3 3 2 14 0 11 2 1 2 2 3 1 0 3 0 1 0 2 76 7 40 14 26 29 20 29 13 16 4 4 4 2 0.72 8 8 8 5 
580 1 2 3 3 3 2 11 0 10 0 4 0 0 9 9 5 9 1 2 0 6 202 18 107 32 62 77 59 81 35 46 11 11 11 3 0.72 23 23 23 14 
544 0 0 1 1 1 1 1 0 1 0 1 0 0 2 2 1 2 2 0 0 0 61 7 13 12 2 41 9 10 10 0 1 1 1 0 3.15 2 2 2 2 
260 1 2 1 1 1 1 2 0 2 0 1 3 13 4 1 0 4 0 1 0 3 145 18 27 19 16 100 17 22 19 3 1 1 1 0 3.7 4 4 4 4 
714 0 0 2 2 2 2 6 0 6 0 3 0 2 3 3 0 3 0 1 0 2 66 5 27 9 14 34 10 17 9 8 3 3 3 1 1.26 6 6 6 5 
451 1 3 2 2 2 1 14 0 12 1 1 0 1 6 6 5 6 0 2 0 4 218 20 103 45 55 95 63 80 43 37 4 4 4 3 0.92 14 14 14 6 
802 0 0 1 1 1 1 3 0 3 0 1 0 0 6 6 1 6 0 0 0 6 79 10 24 11 6 45 10 17 11 6 1 1 1 0 1.88 6 6 6 6 
821 0 0 1 1 1 1 3 0 3 0 1 0 0 5 5 1 5 0 0 0 5 69 8 20 9 5 41 8 14 9 5 1 1 1 0 2.05 5 5 5 5 
587 1 1 1 1 1 1 3 0 3 0 1 0 0 6 6 2 6 6 0 0 0 94 10 26 12 7 58 12 19 12 7 1 1 1 0 2.23 6 6 6 6 
245 1 1 1 1 1 1 1 0 1 0 1 0 0 1 1 0 1 1 0 0 0 38 4 5 4 0 29 3 4 4 0 1 1 1 0 5.8 1 1 1 1 
592 0 0 1 1 1 1 1 0 1 0 1 0 0 1 1 0 1 1 0 0 0 37 4 5 4 0 28 3 4 4 0 1 1 1 0 5.6 1 1 1 1 
582 1 2 2 2 2 2 5 0 5 0 1 1 3 4 3 1 4 0 1 0 3 103 11 29 14 14 63 14 21 13 8 3 3 4 1 2.17 6 6 7 6 
238 0 0 2 2 2 1 6 0 6 0 1 0 0 12 12 5 12 12 0 0 0 216 20 99 39 51 97 59 80 41 39 5 5 6 2 0.98 18 18 19 12 
248 0 0 1 1 1 1 1 0 1 0 1 0 0 1 1 0 1 1 0 0 0 35 4 5 4 0 26 3 4 4 0 1 1 1 0 5.2 1 1 1 1 
247 3 1 3 3 3 1 16 0 13 2 4 0 2 16 16 16 16 9 0 0 7 505 59 249 70 155 197 146 195 75 120 13 13 13 5 0.79 46 46 48 22 
800 2 1 2 2 2 1 11 0 10 0 4 1 1 11 10 0 11 1 0 0 10 216 22 147 51 81 47 72 103 49 54 6 6 6 3 0.32 22 22 22 15 
584 0 0 1 1 1 1 1 0 1 0 1 0 0 8 8 1 8 8 0 0 0 124 12 17 16 1 95 15 16 16 0 1 1 1 0 5.59 8 8 8 8 
594 1 1 3 3 3 3 11 0 11 0 1 0 1 1 1 1 1 0 0 0 1 65 6 33 17 14 28 18 22 15 7 3 3 3 2 0.85 3 3 3 3 
595 1 4 3 3 3 2 16 0 14 0 7 1 6 35 34 22 35 7 9 0 19 991 87 576 210 346 328 303 420 204 216 16 16 18 9 0.57 114 114 118 54 
541 0 0 2 2 2 1 12 0 11 0 1 0 1 8 8 3 8 3 1 0 4 216 18 114 42 67 84 63 85 42 43 6 6 6 3 0.74 19 19 19 8 
542 0 0 3 3 3 1 9 0 9 0 1 0 4 6 6 3 6 1 1 0 4 173 17 77 32 40 79 38 55 31 24 7 7 7 6 1.03 15 15 15 6 
589 3 3 4 3 4 3 18 0 17 1 1 1 1 33 32 12 33 0 5 0 28 853 60 650 234 431 143 348 432 207 225 15 12 15 4 0.22 126 90 127 88 
583 0 0 2 2 2 2 5 0 5 0 1 0 0 3 3 2 3 0 0 2 1 77 10 24 12 8 43 12 18 12 6 3 3 3 2 1.79 5 5 5 5 
819 1 1 1 1 1 1 4 0 4 0 1 0 0 7 7 2 7 0 0 1 6 118 15 40 17 13 63 18 28 15 13 3 3 3 1 1.58 9 9 9 7 
813 3 1 2 2 2 1 6 0 6 0 1 0 0 3 3 2 3 0 0 0 3 87 8 31 14 12 48 18 24 14 10 3 3 3 1 1.55 5 5 5 3 
801 1 1 1 1 1 1 1 0 1 0 1 0 0 1 1 0 1 0 0 0 1 53 4 10 9 0 39 5 6 6 0 1 1 1 0 3.9 1 1 1 1 
547 0 0 5 5 5 2 19 1 18 0 1 0 1 3 3 3 3 0 0 0 3 198 15 81 34 44 103 46 59 31 28 9 9 9 3 1.27 15 15 15 6 
717 1 1 2 2 2 1 6 0 6 0 1 0 2 7 7 2 7 0 0 0 7 145 14 63 27 28 68 30 42 24 18 4 4 4 3 1.08 13 13 13 7 
816 1 1 1 1 1 1 4 0 4 0 1 0 0 4 4 2 4 0 0 0 4 77 9 27 14 7 41 14 20 14 6 2 2 2 1 1.52 5 5 5 4 
795 0 0 2 2 2 1 7 0 7 0 1 2 0 3 1 0 3 0 2 0 1 72 5 27 10 11 40 11 17 8 9 2 2 2 1 1.48 5 5 5 3 
271 0 0 3 3 3 2 16 0 11 4 1 2 1 3 1 0 3 0 1 0 2 76 7 39 11 24 30 18 27 10 17 4 4 4 2 0.77 8 8 8 5 
275 2 5 9 7 10 2 46 1 39 5 2 1 1 19 18 11 19 0 4 0 15 1098 64 814 219 579 229 462 593 217 376 62 41 69 5 0.28 163 137 181 36 
814 2 1 1 1 1 1 4 0 4 0 1 0 0 5 5 3 5 0 1 0 4 99 12 30 15 10 57 16 23 15 8 2 2 2 1 1.9 6 6 6 5 
803 0 0 3 3 3 3 14 0 14 0 1 0 0 1 1 0 1 0 0 0 1 50 4 23 11 8 23 8 12 7 5 3 3 3 2 1 3 3 3 3 
274 0 0 1 1 1 1 3 0 3 0 1 0 0 4 4 1 4 1 0 1 2 72 8 22 11 5 42 10 16 11 5 2 2 2 1 1.91 5 5 5 4 
257 0 0 2 2 2 1 9 0 8 0 1 0 0 8 8 5 8 1 1 0 6 180 19 87 33 44 74 47 63 32 31 5 5 7 4 0.85 13 13 15 8 
268 0 0 1 1 1 1 3 0 3 0 1 0 0 7 7 5 7 1 0 1 5 117 15 42 21 13 65 25 33 21 12 1 1 1 0 1.55 7 7 7 7 
599 2 2 2 2 2 1 9 0 8 0 3 1 10 39 38 13 39 2 6 1 30 915 95 384 157 223 449 229 308 165 143 9 9 10 4 1.17 78 78 85 54 
808 0 0 1 1 1 1 1 0 1 0 1 0 0 2 2 0 2 2 0 0 0 44 5 7 6 0 32 5 6 6 0 1 1 1 0 4.57 2 2 2 2 
237 4 3 2 2 2 1 12 0 10 1 12 9 25 82 73 31 82 44 15 0 23 2021 197 970 286 592 854 523 724 284 440 13 13 13 4 0.88 186 186 189 99 
543 0 0 1 1 1 1 1 0 1 0 1 0 0 3 3 0 3 3 0 0 0 56 6 9 8 0 41 7 8 8 0 1 1 1 0 4.56 3 3 3 3 
555 0 0 2 2 2 2 9 0 8 1 1 0 0 7 7 4 7 1 1 0 5 153 16 69 22 39 72 33 50 22 28 5 5 6 3 1.04 16 16 17 14 
456 1 3 2 2 2 1 7 0 7 0 1 0 0 4 4 2 4 1 0 0 3 96 11 41 17 17 44 18 26 15 11 2 2 2 1 1.07 7 7 7 4 
593 0 0 1 1 1 1 4 0 4 0 2 1 3 5 4 1 5 0 1 0 4 114 14 47 31 14 53 30 38 31 7 2 2 2 1 1.13 6 6 6 5 
815 3 2 1 1 1 1 7 0 6 0 1 0 0 5 5 3 5 0 0 0 5 111 11 51 25 19 49 27 35 23 12 3 3 3 2 0.96 7 7 7 7 
812 3 2 3 3 3 1 10 0 10 0 1 0 0 8 8 5 8 0 5 0 3 193 17 104 36 54 72 54 72 31 41 5 5 6 2 0.69 22 22 25 8 
239 1 3 1 1 1 1 1 0 1 0 1 0 0 1 1 0 1 1 0 0 0 39 4 7 6 0 28 5 6 6 0 1 1 1 0 4 1 1 1 1 
258 6 3 3 3 3 1 13 0 12 0 1 0 2 34 34 9 34 0 4 25 5 894 61 466 147 283 367 201 284 124 160 22 14 24 3 0.79 95 87 99 42 
263 1 1 2 2 2 1 6 0 5 0 1 0 1 12 12 6 12 1 0 1 10 212 22 87 31 40 103 42 62 29 33 4 4 4 2 1.18 19 19 20 12 
807 0 0 2 2 2 1 8 0 7 0 2 0 0 8 8 4 8 1 1 0 6 174 16 80 32 35 78 37 56 30 26 7 7 7 4 0.97 17 17 17 8 
267 0 0 1 1 2 1 4 0 4 0 3 0 0 18 18 6 18 3 0 1 14 243 30 106 38 43 107 46 74 38 36 6 6 8 2 1.01 26 26 29 18 
455 0 0 2 2 2 2 7 0 7 0 1 0 0 8 8 3 8 2 0 0 6 146 14 63 22 35 69 34 51 24 27 4 4 4 2 1.1 16 16 16 13 
458 1 1 2 2 2 1 6 0 6 0 4 0 1 20 20 12 20 1 2 2 15 356 42 154 63 67 160 79 113 61 52 7 7 7 4 1.04 31 31 31 20 
549 0 0 1 1 1 1 4 0 4 0 2 1 1 8 7 3 8 4 2 0 2 136 15 44 19 17 77 20 32 19 13 2 2 3 1 1.75 10 10 11 8 
249 1 2 1 1 2 1 8 0 7 0 1 0 0 9 9 2 9 9 0 0 0 191 14 86 38 42 91 47 63 35 28 3 3 3 4 1.06 13 13 14 9 
545 0 0 2 2 2 1 10 0 10 0 2 0 1 5 5 3 5 0 0 0 5 132 13 63 28 29 56 36 44 24 20 3 3 3 2 0.89 8 8 8 5 
597 0 0 3 3 3 1 14 0 14 0 1 2 3 5 3 4 5 0 3 0 2 186 16 91 33 54 79 54 70 32 38 4 4 4 2 0.87 14 14 14 5 
811 0 0 1 1 1 1 3 0 3 0 1 1 0 4 3 1 4 0 0 0 4 64 6 16 7 4 42 6 11 7 4 1 1 1 0 2.63 4 4 4 4 
251 0 0 1 1 1 1 1 0 1 0 1 0 0 1 1 0 1 1 0 0 0 34 3 5 4 0 26 3 4 4 0 1 1 1 0 5.2 1 1 1 1 
820 0 0 1 1 1 1 4 0 4 0 1 0 0 6 6 2 6 0 0 0 6 89 11 31 13 11 47 14 22 13 9 2 2 2 1 1.52 7 7 7 6 
797 0 0 1 1 1 1 5 0 5 0 3 0 0 18 18 5 18 0 0 2 16 259 31 119 54 44 109 55 83 50 33 3 3 3 4 0.92 24 24 24 20 
250 2 5 2 2 2 1 14 1 12 0 2 0 2 7 7 1 7 0 0 1 6 203 20 111 54 53 72 65 82 51 31 7 7 8 2 0.65 16 16 17 7 
796 2 1 2 2 2 1 10 0 9 0 2 0 0 6 6 1 6 0 1 0 5 144 13 72 36 34 59 43 53 34 19 3 3 3 1 0.82 10 10 10 6 
281 4 4 3 3 3 1 12 0 11 0 2 0 1 23 23 21 23 0 7 1 15 585 58 304 96 165 223 147 208 82 126 8 8 9 4 0.73 60 60 65 34 
279 2 3 2 2 3 2 10 0 9 0 3 0 1 23 23 11 23 2 3 2 16 514 53 256 84 148 205 140 190 82 108 16 16 24 9 0.8 56 56 67 35 
452 0 0 1 1 1 1 4 0 4 0 1 0 0 4 4 2 4 1 0 2 1 60 9 26 13 9 25 14 20 13 7 2 2 2 1 0.96 5 5 5 4 
254 1 2 1 1 1 1 4 0 4 0 3 0 0 24 24 3 24 3 0 3 18 321 36 117 44 44 168 52 85 42 43 3 3 3 2 1.44 30 30 33 24 
269 0 0 7 6 8 4 31 2 24 5 1 1 1 3 2 3 3 1 2 0 0 175 16 88 25 56 71 53 72 30 42 19 16 20 3 0.81 22 19 23 13 
243 0 0 2 2 2 1 6 0 6 0 4 0 1 12 12 4 12 8 2 0 2 217 20 99 39 45 98 50 72 40 32 5 5 5 3 0.99 20 20 20 12 
809 0 0 1 1 1 1 3 0 3 0 1 0 0 5 5 1 5 2 0 1 2 71 11 26 13 7 34 10 17 11 6 2 2 2 1 1.31 6 6 6 5 
817 0 0 1 1 1 1 1 0 1 0 1 0 0 1 1 0 1 0 0 0 1 35 3 5 4 0 27 3 4 4 0 1 1 1 0 5.4 1 1 1 1 
272 2 3 2 2 2 2 10 0 9 0 2 0 5 27 27 12 27 2 10 0 15 695 50 311 110 171 334 154 220 101 119 12 12 12 5 1.07 64 64 66 44 
450 1 1 1 1 1 1 3 0 3 0 1 0 0 3 3 2 3 1 0 0 2 61 7 16 8 4 38 8 12 8 4 1 1 1 0 2.38 3 3 3 3 
264 1 1 1 1 1 1 1 0 1 0 1 0 0 3 3 0 3 3 0 0 0 60 7 8 7 0 45 6 7 7 0 1 1 1 0 5.63 3 3 3 3 
240 8 4 2 2 2 1 9 0 8 0 7 0 13 102 102 41 102 0 2 15 85 1883 176 980 332 573 731 468 666 312 354 13 13 15 6 0.75 195 195 199 126 
270 4 3 3 3 3 1 13 0 12 0 3 0 2 11 11 8 11 3 3 0 5 294 30 166 58 90 99 82 118 52 66 12 12 13 5 0.6 32 32 36 15 
261 4 3 2 2 2 2 17 1 14 1 2 0 1 9 9 2 9 0 2 1 6 211 24 98 34 62 89 56 77 40 37 5 5 6 3 0.91 20 20 21 15 
253 2 2 1 1 1 1 3 0 3 0 1 0 0 5 5 0 5 1 0 0 4 90 8 25 14 5 57 13 19 14 5 1 1 1 0 2.28 5 5 5 5 
596 0 0 2 2 2 1 9 0 9 0 1 0 0 3 3 2 3 0 0 0 3 80 8 39 17 18 33 23 30 17 13 3 3 3 2 0.85 5 5 5 3 
553 0 0 4 4 5 1 18 0 17 0 1 0 0 2 2 1 2 0 0 0 2 90 6 51 26 24 33 32 41 26 15 7 7 8 4 0.65 8 8 9 2 
280 0 0 1 1 1 1 3 0 3 0 1 0 0 9 9 2 9 1 0 0 8 112 14 43 18 16 55 21 32 18 14 2 2 3 1 1.28 10 10 11 9 
818 2 1 1 1 1 1 6 0 6 0 1 0 0 2 2 1 2 0 0 0 2 58 5 19 8 7 34 10 14 8 6 1 1 1 1 1.79 2 2 2 2 
571 0 0 1 1 1 1 1 0 1 0 1 0 0 3 3 0 3 3 0 0 0 59 7 9 8 0 43 7 8 8 0 1 1 1 0 4.78 3 3 3 3 
570 0 0 2 2 2 1 5 0 5 0 1 0 0 2 2 2 2 1 0 0 1 65 7 18 8 6 40 9 13 8 5 2 2 2 1 2.22 3 3 3 2 
585 0 0 1 1 1 1 1 0 1 0 1 0 0 2 2 0 2 2 0 0 0 52 6 7 6 0 39 5 6 6 0 1 1 1 0 5.57 2 2 2 2 
550 0 0 3 3 3 2 13 0 12 0 1 0 0 3 3 1 3 0 0 0 3 120 11 51 25 24 58 30 39 24 15 4 4 4 3 1.14 8 8 8 7 
551 0 0 3 3 3 1 16 0 14 1 3 0 2 8 8 4 8 1 1 0 6 236 21 123 41 68 92 64 87 40 47 6 6 6 2 0.75 22 22 22 11 
554 0 0 3 3 4 2 15 0 11 2 1 0 1 4 4 5 4 1 0 0 3 149 16 61 17 32 72 29 43 17 26 5 5 5 3 1.18 13 13 14 6 
556 0 0 2 2 2 1 8 0 8 0 2 0 0 5 5 2 5 0 0 0 5 127 11 57 28 26 59 34 43 27 16 4 4 4 2 1.04 8 8 8 7 
266 0 0 1 1 1 1 3 0 3 0 1 0 0 1 1 0 1 0 0 0 1 36 4 7 4 1 25 3 5 4 1 1 1 1 0 3.57 1 1 1 1 
453 0 0 0 0 0 0 0 0 0 0 1 0 0 0 0 3 0 0 0 0 0 39 5 6 5 3 28 4 5 5 0 0 0 0 0 4.67 0 0 0 0 
572 0 0 1 1 1 1 1 0 1 0 1 0 0 1 1 0 1 1 0 0 0 36 3 4 3 0 29 2 3 3 0 1 1 1 0 7.25 1 1 1 1 
548 2 2 3 3 3 2 9 0 9 0 1 5 1 5 0 0 5 0 0 0 5 129 9 60 23 29 60 32 45 25 20 5 5 5 3 1 14 14 14 8 
241 0 0 2 2 2 1 6 0 6 0 1 0 1 8 8 3 8 5 1 2 0 166 15 67 27 32 84 37 51 26 25 4 4 4 2 1.25 13 13 13 8 
822 0 0 1 1 1 1 8 0 8 0 1 0 0 1 1 0 1 0 0 1 0 52 4 13 8 3 35 4 6 5 1 1 1 1 0 2.69 1 1 1 1 
805 0 0 3 3 3 2 15 0 14 0 3 4 1 14 10 5 14 0 2 3 9 356 27 230 84 124 101 114 160 65 95 17 17 19 4 0.44 43 43 46 29 
806 0 0 1 1 1 1 8 0 8 0 1 0 0 1 1 0 1 0 0 1 0 54 4 13 9 2 37 4 6 5 1 1 1 1 0 2.85 1 1 1 1 
278 0 0 1 1 1 1 5 0 5 0 4 0 1 22 22 11 22 1 1 3 17 372 40 160 64 71 172 85 120 64 56 5 5 5 4 1.08 30 30 30 25 
259 1 2 4 4 4 1 18 1 16 1 2 0 0 11 11 9 11 0 2 2 7 356 37 205 61 125 114 103 142 56 86 14 14 17 6 0.56 41 40 47 13 
223 0 0 1 1 1 1 3 0 3 0 1 0 0 13 13 3 13 0 0 0 13 144 18 53 20 18 73 23 39 21 18 2 2 2 1 1.38 15 15 15 13 
579 0 0 2 2 2 1 8 0 7 0 1 0 2 6 6 4 6 1 0 0 5 124 17 57 21 29 50 29 42 21 21 7 7 8 5 0.88 12 12 13 6 
574 0 0 2 2 2 1 7 0 7 0 1 0 1 6 6 3 6 0 1 0 5 96 9 54 15 29 33 28 41 16 25 3 3 3 2 0.61 12 12 12 8 
577 0 0 1 1 1 1 4 0 4 0 1 0 0 4 4 2 4 0 0 0 4 58 6 22 10 8 30 12 17 10 7 1 1 1 0 1.36 4 4 4 4 
575 0 0 1 1 1 1 1 0 1 0 1 0 0 3 3 0 3 3 0 0 0 46 6 7 6 0 33 5 6 6 0 1 1 1 0 4.71 3 3 3 3 
576 0 0 2 2 3 1 8 0 8 0 1 0 0 4 4 4 4 0 0 0 4 80 10 42 12 25 28 21 30 12 18 5 5 7 2 0.67 9 9 11 4 
578 0 0 2 2 2 1 5 0 5 0 1 0 0 4 4 1 4 0 0 0 4 62 8 26 9 10 28 10 17 9 8 2 2 2 1 1.08 6 6 6 4 
838 1 1 1 1 1 1 5 0 4 0 1 0 1 7 7 1 7 0 0 0 7 83 12 46 32 8 25 21 29 22 7 1 1 1 0 0.54 7 7 7 7 
173 1 3 1 1 1 1 4 0 4 0 1 0 0 8 8 7 8 0 0 0 8 159 19 54 31 14 86 30 39 25 14 1 1 1 0 1.59 8 8 8 8 
753 3 2 1 1 1 1 4 0 3 0 1 0 1 11 11 0 11 0 0 4 7 168 23 56 28 22 89 40 48 27 21 1 1 1 0 1.59 11 11 11 11 
737 0 0 1 1 1 1 3 0 3 0 1 0 1 4 4 0 4 0 0 0 4 80 8 25 17 5 47 14 19 15 4 1 1 1 0 1.88 4 4 4 4 
172 2 1 1 1 1 1 1 0 1 0 1 0 0 9 9 3 9 9 0 0 0 194 15 26 25 3 153 21 22 22 0 1 1 1 0 5.88 9 9 9 9 
180 0 0 1 1 1 1 4 0 4 0 1 0 1 5 5 0 5 0 0 0 5 60 8 26 10 9 26 10 18 10 8 3 3 3 1 1 7 7 7 7 
171 0 0 2 2 2 1 8 0 7 0 3 0 0 5 5 4 5 0 0 0 5 132 12 58 22 25 62 28 40 22 18 4 4 4 2 1.07 9 9 9 5 
181 0 0 0 0 0 0 0 0 0 0 1 0 0 0 0 0 0 0 0 0 0 26 2 3 2 0 21 1 2 2 0 0 0 0 0 7 0 0 0 0 
179 0 0 1 1 1 1 3 0 3 0 1 0 0 1 1 0 1 0 0 0 1 31 3 7 4 1 21 3 5 4 1 1 1 1 0 3 1 1 1 1 
720 3 2 2 2 2 1 8 0 7 0 3 1 2 30 29 13 30 0 5 4 21 487 54 290 91 152 143 154 214 91 123 7 7 8 3 0.49 61 61 66 34 
752 2 1 1 1 1 1 1 0 1 0 1 0 0 1 1 0 1 1 0 0 0 48 5 10 10 0 33 9 10 10 0 1 1 1 0 3.3 1 1 1 1 
751 0 0 1 1 1 1 1 0 1 0 1 0 0 8 8 0 8 0 0 0 8 103 11 20 19 0 72 18 19 19 0 1 1 1 0 3.6 8 8 8 8 
174 0 0 0 0 0 0 0 0 0 0 1 0 0 0 0 5 0 0 0 0 0 53 6 8 7 5 39 6 7 7 0 0 0 0 0 4.88 0 0 0 0 
177 0 0 0 0 0 0 0 0 0 0 1 0 0 0 0 0 0 0 0 0 0 26 2 3 2 0 21 1 2 2 0 0 0 0 0 7 0 0 0 0 
538 1 2 1 1 2 1 6 0 5 0 1 0 1 10 10 2 10 0 1 0 9 134 19 80 44 32 35 43 59 41 18 4 4 7 3 0.44 14 14 22 10 
178 0 0 0 0 0 0 0 0 0 0 1 0 0 0 0 0 0 0 0 0 0 25 1 3 2 0 21 1 2 2 0 0 0 0 0 7 0 0 0 0 
176 0 0 1 1 1 1 4 0 4 0 1 0 1 5 5 0 5 0 0 0 5 60 8 26 10 9 26 10 18 10 8 3 3 3 1 1 7 7 7 7 
175 0 0 2 2 2 1 5 0 5 0 1 0 0 5 5 1 5 0 0 0 5 68 8 31 11 12 29 13 22 11 11 3 3 3 1 0.94 8 8 8 7 
730 2 1 3 3 3 1 12 0 10 0 1 0 3 23 23 10 23 0 0 12 11 697 46 299 95 172 353 157 220 89 131 12 12 12 4 1.18 70 70 75 32 
722 0 0 1 1 1 1 1 0 1 0 1 0 0 3 3 0 3 0 0 0 3 60 5 9 8 0 46 7 8 8 0 1 1 1 0 5.11 3 3 3 3 
733 1 1 3 3 3 2 12 0 11 0 1 0 0 6 6 4 6 0 1 0 5 170 16 86 39 39 68 45 62 34 28 5 5 5 4 0.79 16 16 18 10 
723 1 1 1 1 1 1 1 0 1 0 1 0 0 2 2 0 2 2 0 0 0 59 5 7 6 0 47 5 6 6 0 1 1 1 0 6.71 2 2 2 2 
727 0 0 6 6 7 1 28 1 24 2 1 0 1 2 2 5 2 0 0 0 2 123 10 70 31 37 43 46 59 30 29 9 9 11 3 0.61 12 12 14 2 
729 0 0 1 1 1 1 3 0 3 0 1 0 0 2 2 1 2 0 0 0 2 47 5 13 8 2 29 7 10 8 2 1 1 1 0 2.23 2 2 2 2 
731 0 0 2 2 3 1 9 0 8 0 1 2 0 10 8 4 10 0 2 0 8 165 19 100 37 52 46 55 76 35 41 5 5 6 2 0.46 20 20 26 13 
721 2 1 3 3 4 2 12 0 12 0 1 0 1 4 4 2 4 0 0 4 0 143 10 71 34 32 62 41 54 33 21 3 3 4 2 0.87 12 12 14 8 
726 1 1 2 2 2 1 4 0 4 0 1 0 0 2 2 1 2 0 0 0 2 55 5 14 7 3 36 6 10 7 3 2 2 2 1 2.57 3 3 3 2 
725 0 0 2 2 2 1 7 0 6 0 1 0 0 4 4 1 4 0 0 1 3 70 8 33 14 14 29 15 22 13 9 3 3 3 2 0.88 6 6 6 4 
728 0 0 3 3 3 1 9 0 9 0 1 0 1 4 4 4 4 0 0 1 3 97 12 56 25 25 29 32 41 22 19 5 5 6 2 0.52 10 10 11 4 
724 0 0 1 1 1 1 3 0 3 0 1 0 0 8 8 4 8 0 0 0 8 66 12 34 17 8 20 16 25 17 8 1 1 1 0 0.59 8 8 8 8 
732 1 1 4 4 4 2 11 0 11 0 1 0 1 3 3 1 3 1 0 0 2 113 8 48 16 25 57 24 34 16 18 5 5 6 2 1.19 11 11 13 6 
773 1 1 1 1 2 1 6 0 6 0 3 1 2 16 15 4 16 0 0 4 12 177 15 95 31 44 67 46 69 40 29 3 3 4 2 0.71 23 23 24 18 
780 1 1 1 1 1 1 5 0 5 0 2 0 1 14 14 6 14 0 0 3 11 167 23 87 34 41 57 45 65 34 31 3 3 6 1 0.66 17 17 20 16 
770 1 1 0 0 0 0 0 0 0 0 1 0 0 0 0 11 0 0 0 0 0 79 8 16 16 11 55 15 16 16 0 0 0 0 0 3.44 0 0 0 0 
765 3 1 1 1 1 1 1 0 1 0 1 0 0 5 5 0 5 5 0 0 0 119 8 14 13 0 97 12 13 13 0 1 1 1 0 6.93 5 5 5 5 
772 4 1 2 2 2 1 7 0 7 0 1 0 1 11 11 6 11 0 0 3 8 216 22 100 40 47 94 56 74 38 36 5 5 6 3 0.94 19 19 22 13 
764 0 0 2 2 2 1 6 0 6 0 1 0 1 6 6 3 6 0 1 0 5 87 11 56 24 25 20 33 45 25 20 5 5 6 3 0.36 12 12 13 8 
785 2 1 1 1 1 1 1 0 1 0 1 0 0 6 6 0 6 6 0 0 0 121 9 16 15 0 96 14 15 15 0 1 1 1 0 6 6 6 6 6 
776 1 1 1 1 1 1 1 0 1 0 1 0 0 3 3 0 3 3 0 0 0 74 6 9 8 0 59 7 8 8 0 1 1 1 0 6.56 3 3 3 3 
778 0 0 2 2 3 1 11 0 10 1 1 0 1 3 3 2 3 0 0 0 3 96 9 48 25 21 40 31 38 24 14 3 3 5 2 0.83 6 6 8 3 
768 1 1 1 1 1 1 1 0 1 0 1 0 0 4 4 0 4 4 0 0 0 71 8 10 10 0 53 9 10 10 0 1 1 1 0 5.3 4 4 4 4 
790 1 1 1 1 1 1 1 0 1 0 1 0 0 4 4 0 4 4 0 0 0 74 7 9 8 0 58 7 8 8 0 1 1 1 0 6.44 4 4 4 4 
777 2 1 1 1 1 1 1 0 1 0 1 0 0 4 4 0 4 4 0 0 0 58 7 9 8 0 42 7 8 8 0 1 1 1 0 4.67 4 4 4 4 
769 1 1 1 1 1 1 1 0 1 0 1 0 0 5 5 0 5 5 0 0 0 101 8 16 15 0 77 13 14 14 0 1 1 1 0 4.81 5 5 5 5 
775 0 0 2 2 2 1 4 0 4 0 1 0 0 2 2 1 2 0 0 0 2 41 6 14 7 4 21 7 11 7 4 2 2 2 1 1.5 3 3 3 2 
774 1 1 6 6 7 1 25 0 21 4 1 2 7 2 0 0 2 0 0 0 2 117 10 52 13 36 55 22 34 12 22 10 10 12 3 1.06 11 11 13 2 
771 4 1 3 3 3 1 10 0 9 0 3 3 23 20 17 10 20 1 5 0 14 387 37 261 96 156 89 148 199 99 100 11 11 11 3 0.34 50 50 51 24 
779 1 1 1 1 1 1 3 0 3 0 1 0 0 5 5 1 5 0 0 0 5 81 9 29 19 5 43 14 20 15 5 1 1 1 0 1.48 5 5 5 5 
789 1 1 1 1 1 1 1 0 1 0 1 0 0 3 3 0 3 3 0 0 0 55 5 9 8 0 41 7 8 8 0 1 1 1 0 4.56 3 3 3 3 
787 6 1 2 2 2 1 10 0 9 0 1 3 2 14 11 3 14 2 6 1 5 310 27 162 69 86 121 99 130 71 59 5 5 5 2 0.75 32 32 33 14 
786 4 1 3 3 4 1 19 0 15 3 3 2 1 21 19 7 21 1 9 1 10 655 54 384 143 232 218 230 297 147 150 17 13 21 7 0.57 72 68 83 28 
788 3 1 2 2 3 1 11 0 10 1 2 1 0 18 17 4 18 4 4 0 10 382 36 216 92 120 131 118 161 87 74 9 9 9 4 0.61 42 42 46 25 
767 1 1 3 3 3 2 11 0 10 1 1 0 1 6 6 1 6 1 0 0 5 132 12 75 26 38 45 47 64 30 34 3 3 3 2 0.6 16 16 16 10 
766 0 0 2 2 3 1 10 0 9 1 2 0 1 12 12 2 12 0 1 1 10 239 22 142 54 70 75 91 119 60 59 4 4 4 2 0.53 28 28 30 16 
782 6 2 3 3 3 1 14 0 12 1 1 1 2 16 15 2 16 3 7 1 5 372 30 228 82 132 114 132 179 85 94 7 7 7 3 0.5 47 47 50 19 
781 4 2 3 3 4 1 17 1 15 1 3 0 1 15 15 6 15 0 5 1 9 444 41 294 116 171 109 176 222 114 108 9 8 10 3 0.37 51 47 56 21 
783 4 1 2 2 2 1 8 0 7 0 2 0 4 18 18 7 18 6 2 0 10 316 36 182 86 81 99 103 137 79 58 6 6 7 4 0.54 33 33 38 20 
784 0 0 2 2 2 2 7 0 6 0 1 2 3 9 7 1 9 3 3 0 3 126 20 72 22 36 34 33 53 23 30 4 4 5 2 0.47 19 19 21 17 
745 1 1 1 1 1 1 3 0 3 0 1 0 1 9 9 3 9 2 0 0 7 88 14 45 21 16 29 24 35 21 14 2 2 2 1 0.64 11 11 11 9 
748 1 1 2 2 2 1 5 0 4 0 1 0 1 8 8 2 8 0 0 5 3 129 16 47 18 20 66 23 35 18 17 3 3 3 2 1.4 12 12 12 8 
742 0 0 1 1 2 1 3 0 3 0 1 0 0 4 4 1 4 0 0 0 4 46 6 19 7 6 21 7 13 7 6 2 2 2 1 1.11 5 5 6 4 
743 1 1 3 2 3 2 15 0 12 2 2 0 1 14 14 7 14 0 4 2 8 370 33 206 66 118 132 104 143 64 79 5 5 7 4 0.64 35 33 38 24 
739 0 0 1 1 1 1 2 0 2 0 1 1 2 9 8 0 9 0 1 0 8 67 13 32 15 10 22 13 23 15 8 1 1 2 0 0.69 9 9 10 9 
746 0 0 1 1 1 1 1 0 1 0 1 0 0 1 1 0 1 1 0 0 0 37 3 6 5 0 28 4 5 5 0 1 1 1 0 4.67 1 1 1 1 
741 0 0 0 0 0 0 0 0 0 0 1 0 0 0 0 0 0 0 0 0 0 27 3 4 3 0 20 2 3 3 0 0 0 0 0 5 0 0 0 0 
747 1 1 2 2 2 1 5 0 4 0 1 0 1 5 5 1 5 0 0 0 5 87 11 31 11 12 45 13 22 11 11 3 3 3 1 1.45 8 8 8 7 
749 0 0 1 1 1 1 3 0 3 0 1 0 1 3 3 0 3 0 0 0 3 67 8 20 14 4 39 12 16 13 3 1 1 1 0 1.95 3 3 3 3 
738 1 1 2 2 2 1 6 0 6 0 6 0 0 27 27 8 27 0 8 1 18 339 38 200 72 98 101 104 155 79 76 4 4 5 3 0.51 46 46 49 34 
740 0 0 1 1 1 1 1 0 1 0 1 0 0 8 8 0 8 8 0 0 0 127 11 17 16 0 99 15 16 16 0 1 1 1 0 5.82 8 8 8 8 
744 1 1 1 1 1 1 1 0 1 0 1 0 0 4 4 0 4 4 0 0 0 64 6 9 8 0 49 7 8 8 0 1 1 1 0 5.44 4 4 4 4 
750 1 1 2 2 2 2 9 0 8 0 1 0 1 6 6 2 6 0 1 0 5 132 14 67 26 35 51 33 46 25 21 6 6 6 1 0.76 12 12 12 11 
736 1 1 2 2 2 2 8 0 7 0 1 0 1 18 18 8 18 0 1 4 13 288 37 165 55 78 86 85 124 52 72 5 5 6 3 0.52 38 38 42 29 
735 1 1 2 2 2 1 6 0 6 0 2 0 1 6 6 0 6 0 0 4 2 90 8 49 24 20 33 28 38 26 12 2 2 3 1 0.67 9 9 10 6 
734 0 0 3 2 3 1 11 0 9 0 2 0 1 18 18 8 18 0 2 0 16 353 37 233 90 117 83 136 180 91 89 11 11 11 3 0.36 46 44 50 26 
761 3 1 2 2 3 1 10 0 9 0 2 0 1 24 24 2 24 6 4 1 13 438 34 273 90 159 131 151 205 93 112 5 5 7 3 0.48 54 54 62 31 
755 1 1 2 2 2 1 7 0 7 0 3 1 1 24 23 4 24 1 8 0 15 353 38 204 72 102 111 101 150 75 75 5 5 6 3 0.54 49 49 57 33 
758 0 0 4 4 5 2 19 1 17 0 1 0 1 7 7 2 7 1 2 0 4 208 22 147 55 86 39 92 118 60 58 6 6 8 4 0.27 28 28 32 13 
762 0 0 2 2 2 1 11 0 10 0 1 0 0 6 6 1 6 1 2 0 3 148 11 80 35 43 59 51 63 31 32 7 7 7 3 0.74 14 14 14 6 
757 1 1 1 1 1 1 3 0 3 0 1 0 1 8 8 2 8 4 0 0 4 137 15 46 27 13 76 27 35 24 11 3 3 3 1 1.65 10 10 10 8 
759 1 1 4 4 4 2 15 0 14 1 1 2 1 9 7 0 9 1 5 0 3 252 15 154 59 84 86 70 103 52 51 10 10 12 8 0.56 34 34 39 16 
756 2 1 4 4 4 2 17 0 13 3 2 2 1 19 17 8 19 0 5 2 12 510 36 303 99 176 175 160 225 100 125 22 21 27 6 0.58 71 68 80 38 
763 0 0 0 0 0 0 0 0 0 0 1 0 0 0 0 17 0 0 0 0 0 67 11 22 22 17 34 21 22 22 0 0 0 0 0 1.55 0 0 0 0 
760 0 0 2 2 2 1 6 0 6 0 2 2 0 12 10 3 12 2 1 0 9 171 18 94 36 42 59 45 67 36 31 3 3 4 2 0.63 22 22 23 16 
754 4 1 3 3 3 1 12 0 11 0 2 1 1 28 27 7 28 7 9 0 12 575 50 367 122 215 158 199 276 120 156 8 8 8 4 0.43 79 77 86 38 
54 0 0 0 0 0 0 0 0 0 0 1 0 0 0 0 0 0 0 0 0 0 27 1 5 4 0 21 1 2 2 0 0 0 0 0 4.2 0 0 0 0 
460 0 0 1 1 1 1 1 0 1 0 1 0 0 6 6 0 6 6 0 0 0 61 9 9 8 0 43 7 8 8 0 1 1 1 0 4.78 6 6 6 6 
461 0 0 1 1 1 1 1 0 1 0 1 0 0 2 2 1 2 2 0 0 0 40 5 6 5 1 29 4 5 5 0 1 1 1 0 4.83 2 2 2 2 
459 0 0 2 2 2 1 8 0 7 1 2 0 6 20 20 11 20 7 1 0 12 301 43 170 61 96 88 96 136 66 70 14 14 15 3 0.52 35 35 36 22 
46 0 0 2 2 2 1 9 0 9 0 1 0 0 20 20 4 20 0 0 0 20 383 31 192 46 120 160 95 141 46 95 7 7 7 3 0.83 45 45 49 20 
848 0 0 2 2 2 1 7 0 7 0 2 0 0 48 48 4 48 10 2 1 35 552 73 359 101 197 120 164 259 103 156 9 9 9 3 0.33 94 94 98 64 
849 0 0 2 2 2 1 7 0 6 0 1 0 0 7 7 4 7 1 0 0 6 94 13 57 17 29 25 28 42 17 25 4 4 5 1 0.44 13 13 15 9 
707 3 4 1 1 1 1 6 0 5 0 4 0 0 8 8 3 8 1 1 1 5 116 19 50 21 18 47 23 34 21 13 1 1 2 0 0.94 8 8 9 8 
708 0 0 3 3 3 2 15 0 13 1 4 2 1 16 14 11 16 2 4 0 10 396 39 255 66 151 102 127 177 66 111 6 6 6 4 0.4 48 48 51 35 
706 0 0 1 1 1 1 1 0 1 0 3 0 0 5 5 0 5 5 0 0 0 91 12 13 10 0 66 7 10 10 0 1 1 1 0 5.08 5 5 5 5 
25 0 0 2 2 2 1 5 0 5 0 1 0 8 30 30 5 30 4 0 10 16 424 41 181 54 99 202 76 118 54 64 8 3 8 2 1.12 56 46 58 30 
45 0 0 1 1 1 1 1 0 1 0 1 0 0 9 9 0 9 9 0 0 0 97 10 13 12 0 74 11 12 12 0 1 1 1 0 5.69 9 9 9 9 
462 0 0 1 1 1 1 1 0 1 0 1 0 0 1 1 0 1 1 0 0 0 30 2 4 3 0 24 2 3 3 0 1 1 1 0 6 1 1 1 1 
33 1 1 1 1 1 1 3 0 3 0 1 0 0 2 2 0 2 0 0 0 2 49 5 10 5 2 34 4 7 5 2 1 1 1 0 3.4 2 2 2 2 
26 0 0 1 1 1 1 1 0 1 0 1 0 0 4 4 0 4 4 0 0 0 57 5 7 6 0 45 5 6 6 0 1 1 1 0 6.43 4 4 4 4 
27 0 0 1 1 1 1 1 0 1 0 1 0 0 4 4 0 4 4 0 0 0 64 6 10 9 0 48 6 7 7 0 1 1 1 0 4.8 4 4 4 4 
30 0 0 2 1 2 1 5 0 5 0 1 0 1 13 13 1 13 0 1 1 11 171 18 90 32 46 63 49 66 32 34 9 3 9 1 0.7 23 17 23 13 
44 1 3 1 1 1 1 5 0 4 1 1 0 1 12 12 2 12 0 0 0 12 179 19 59 23 24 101 31 45 23 22 2 2 2 1 1.71 13 13 13 12 
29 0 0 1 1 1 1 3 0 3 0 1 0 0 1 1 0 1 0 0 0 1 37 3 7 4 1 27 3 5 4 1 1 1 1 0 3.86 1 1 1 1 
31 0 0 1 1 1 1 1 0 1 0 1 0 0 9 9 0 9 9 0 0 0 105 11 15 14 0 79 13 14 14 0 1 1 1 0 5.27 9 9 9 9 
39 0 0 2 2 2 1 10 0 8 1 1 0 0 28 28 6 28 0 0 4 24 539 59 256 69 141 224 112 175 56 119 6 6 6 3 0.88 61 61 64 31 
63 0 0 1 1 2 1 6 0 6 0 2 0 2 21 21 8 21 0 3 0 18 294 36 159 48 79 99 66 112 48 64 3 3 4 2 0.62 31 31 32 21 
463 0 0 1 1 1 1 4 0 4 0 1 0 0 2 2 1 2 0 0 0 2 48 5 13 6 5 30 7 10 6 4 1 1 1 0 2.31 2 2 2 2 
850 1 1 1 1 2 1 6 0 5 0 3 0 3 25 25 4 25 4 1 0 20 352 38 156 44 90 158 73 110 48 62 4 4 7 2 1.01 35 35 39 27 
32 0 0 1 1 1 1 3 0 3 0 1 0 0 2 2 0 2 0 0 0 2 47 4 9 4 2 34 3 6 4 2 1 1 1 0 3.78 2 2 2 2 
35 0 0 1 1 1 1 3 0 3 0 1 0 1 9 9 2 9 0 0 0 9 126 15 39 20 11 72 19 29 20 9 1 1 1 0 1.85 9 9 9 9 
34 0 0 2 2 2 1 4 0 4 0 1 1 1 7 6 1 7 0 0 0 7 120 12 41 14 16 67 17 29 14 15 3 3 3 1 1.63 11 11 11 9 
28 1 6 2 2 2 1 7 0 6 0 1 0 0 51 51 10 51 0 0 4 47 874 82 356 104 185 436 163 255 102 153 15 15 17 6 1.22 92 92 95 62 
48 0 0 1 1 1 1 1 0 1 0 1 0 0 1 1 0 1 1 0 0 0 35 4 6 5 0 25 4 5 5 0 1 1 1 0 4.17 1 1 1 1 
36 0 0 1 1 1 1 1 0 1 0 1 0 0 4 4 0 4 4 0 0 0 67 6 10 9 0 51 7 8 8 0 1 1 1 0 5.1 4 4 4 4 
464 0 0 7 7 7 5 40 4 25 10 2 1 0 4 3 0 4 4 0 0 0 214 24 113 35 66 77 60 79 37 42 23 23 26 6 0.68 26 26 29 18 
47 0 0 1 1 1 1 4 0 4 0 1 0 0 1 1 0 1 0 0 0 1 38 4 13 10 1 21 8 10 9 1 1 1 1 0 1.62 1 1 1 1 
41 0 0 0 0 0 0 0 0 0 0 1 0 0 0 0 0 0 0 0 0 0 26 1 4 3 0 21 1 2 2 0 0 0 0 0 5.25 0 0 0 0 
24 0 0 1 1 1 1 4 0 3 0 1 0 0 17 17 5 17 0 0 1 16 240 26 82 33 30 132 41 61 32 29 2 2 2 1 1.61 18 18 18 17 
37 0 0 2 2 2 1 11 0 8 1 3 0 1 53 53 7 53 1 0 0 52 992 105 479 159 262 408 226 336 138 198 11 11 11 3 0.85 105 105 111 72 
40 6 7 3 3 4 2 19 1 15 2 3 0 1 48 48 18 48 0 15 2 31 1428 147 789 214 485 492 411 572 208 364 20 20 21 5 0.62 166 166 177 83 
43 0 0 1 1 1 1 3 0 3 0 1 0 0 2 2 0 2 0 0 0 2 48 4 9 4 2 35 3 6 4 2 1 1 1 0 3.89 2 2 2 2 
42 1 3 3 3 3 1 9 0 9 0 1 0 0 11 11 2 11 0 1 0 10 212 18 119 49 67 75 54 87 49 38 4 4 4 2 0.63 32 32 32 13 
38 0 0 1 1 1 1 1 0 1 0 1 0 0 9 9 0 9 9 0 0 0 123 12 19 18 0 92 13 14 14 0 1 1 1 0 4.84 9 9 9 9 
64 2 5 4 4 5 2 16 0 15 0 2 0 2 23 23 5 23 0 5 2 16 597 42 368 115 212 187 183 268 116 152 18 18 19 6 0.51 91 91 105 51 
50 0 0 0 0 0 0 0 0 0 0 1 0 0 0 0 0 0 0 0 0 0 29 2 6 5 0 21 2 3 3 0 0 0 0 0 3.5 0 0 0 0 
51 0 0 0 0 0 0 0 0 0 0 1 0 0 0 0 0 0 0 0 0 0 29 2 6 5 0 21 2 3 3 0 0 0 0 0 3.5 0 0 0 0 
53 0 0 0 0 0 0 0 0 0 0 1 0 0 0 0 0 0 0 0 0 0 29 2 6 5 0 21 2 3 3 0 0 0 0 0 3.5 0 0 0 0 
52 0 0 0 0 0 0 0 0 0 0 1 0 0 0 0 0 0 0 0 0 0 29 2 6 5 0 21 2 3 3 0 0 0 0 0 3.5 0 0 0 0 
49 0 0 0 0 0 0 0 0 0 0 1 0 0 0 0 0 0 0 0 0 0 29 2 6 5 0 21 2 3 3 0 0 0 0 0 3.5 0 0 0 0 
59 0 0 0 0 0 0 0 0 0 0 1 0 0 0 0 0 0 0 0 0 0 29 2 6 5 0 21 2 3 3 0 0 0 0 0 3.5 0 0 0 0 
61 0 0 0 0 0 0 0 0 0 0 1 0 0 0 0 0 0 0 0 0 0 29 2 6 5 0 21 2 3 3 0 0 0 0 0 3.5 0 0 0 0 
55 0 0 0 0 0 0 0 0 0 0 1 0 0 0 0 0 0 0 0 0 0 26 1 4 3 0 21 1 2 2 0 0 0 0 0 5.25 0 0 0 0 
57 0 0 1 1 1 1 3 0 3 0 1 0 0 1 1 0 1 0 0 0 1 32 4 7 4 1 21 3 5 4 1 1 1 1 0 3 1 1 1 1 
56 0 0 0 0 0 0 0 0 0 0 1 0 0 0 0 0 0 0 0 0 0 26 1 4 3 0 21 1 2 2 0 0 0 0 0 5.25 0 0 0 0 
58 0 0 1 1 1 1 5 0 4 1 1 6 0 6 0 0 6 0 0 0 6 91 10 36 23 6 45 12 19 13 6 1 1 1 0 1.25 6 6 6 6 
60 0 0 0 0 0 0 0 0 0 0 1 0 0 0 0 0 0 0 0 0 0 29 2 6 5 0 21 2 3 3 0 0 0 0 0 3.5 0 0 0 0 
129 0 0 1 1 1 1 5 0 5 0 1 0 2 8 8 2 8 0 0 0 8 160 17 65 34 28 78 40 50 32 18 3 3 3 1 1.2 10 10 10 8 
128 0 0 3 3 3 2 11 0 10 0 1 0 1 8 8 2 8 0 0 0 8 223 19 103 38 55 101 56 78 40 38 6 6 7 2 0.98 22 22 24 12 
127 0 0 1 1 1 1 1 0 1 0 1 0 0 1 1 0 1 1 0 0 0 35 2 5 4 0 28 3 4 4 0 1 1 1 0 5.6 1 1 1 1 
846 0 0 1 1 1 1 3 0 3 0 1 0 2 11 11 0 11 0 2 0 9 125 18 43 20 13 64 19 31 20 11 1 1 1 0 1.49 11 11 11 11 
130 0 0 1 1 1 1 3 0 3 0 1 0 0 6 6 2 6 0 0 0 6 97 9 27 14 8 61 13 20 14 6 1 1 1 0 2.26 6 6 6 6 
558 1 3 4 4 4 1 21 0 18 2 1 0 2 5 5 5 5 0 2 0 3 223 21 110 25 67 92 45 66 24 42 6 6 6 2 0.84 19 19 19 5 
847 0 0 1 1 1 1 1 0 1 0 1 0 0 2 2 0 2 2 0 0 0 46 4 5 4 0 37 3 4 4 0 1 1 1 0 7.4 2 2 2 2 
68 2 3 1 1 1 1 1 0 1 0 1 0 0 10 10 0 10 0 0 0 10 122 15 25 18 5 82 18 21 18 3 1 1 1 1 3.28 10 10 10 10 
711 1 2 1 1 1 1 4 0 4 0 1 3 2 14 11 2 14 3 2 0 9 143 23 74 34 31 46 39 56 34 22 2 2 4 1 0.62 16 16 18 14 
712 0 0 2 2 2 1 6 0 5 0 1 3 4 13 10 1 13 3 1 0 9 201 22 89 34 46 90 49 70 36 34 4 4 4 2 1.01 20 20 20 15 
709 2 3 2 2 2 1 5 0 5 0 1 1 2 11 10 2 11 1 1 0 9 169 21 72 25 32 76 30 48 25 23 3 3 4 2 1.06 17 17 18 13 
710 1 3 2 2 2 1 5 0 5 0 1 2 1 13 11 3 13 2 2 0 9 187 20 91 32 42 76 45 66 32 34 4 4 6 2 0.84 20 20 23 15 
713 1 1 3 3 4 2 15 0 12 2 1 0 3 13 13 4 13 4 0 0 9 377 26 189 48 117 162 90 133 47 86 6 6 7 3 0.86 43 43 46 25 
67 2 5 2 2 2 2 7 0 7 0 1 22 5 48 26 2 48 0 11 0 37 684 60 408 104 235 216 190 277 102 175 15 7 15 3 0.53 109 85 119 91 
156 3 4 2 2 2 2 10 0 9 0 2 0 1 25 25 6 25 1 3 14 7 574 46 265 104 150 263 126 179 89 90 7 7 7 3 0.99 53 53 55 40 
166 0 0 2 2 2 1 6 0 6 0 1 1 0 9 8 2 9 0 0 0 9 180 14 68 27 36 98 37 52 26 26 5 5 6 2 1.44 15 15 17 11 
146 0 0 1 1 1 1 1 0 1 0 1 0 0 1 1 0 1 1 0 0 0 34 4 5 4 0 25 3 4 4 0 1 1 1 0 5 1 1 1 1 
154 0 0 1 1 1 1 3 0 3 0 1 0 0 2 2 1 2 0 0 1 1 48 5 12 6 3 31 5 8 5 3 1 1 1 0 2.58 2 2 2 2 
145 0 0 1 1 1 1 1 0 1 0 1 0 0 6 6 0 6 6 0 0 0 77 10 13 12 0 54 11 12 12 0 1 1 1 0 4.15 6 6 6 6 
168 1 4 4 4 4 1 18 0 15 2 1 2 3 11 9 5 11 0 1 1 9 355 32 199 73 115 124 101 144 67 77 14 14 17 4 0.62 42 42 46 14 
163 0 0 1 1 1 1 4 0 4 0 1 0 0 7 7 0 7 0 0 0 7 95 11 42 19 14 42 16 26 15 11 2 2 2 1 1 9 9 9 7 
164 0 0 1 1 1 1 1 0 1 0 1 0 0 4 4 0 4 4 0 0 0 63 7 10 9 0 46 7 8 8 0 1 1 1 0 4.6 4 4 4 4 
152 1 4 1 1 1 1 1 0 1 0 1 0 0 11 11 0 11 11 0 0 0 113 14 17 16 0 82 15 16 16 0 1 1 1 0 4.82 11 11 11 11 
153 1 4 1 1 1 1 1 0 1 0 1 0 0 9 9 0 9 9 0 0 0 98 12 16 15 0 70 14 15 15 0 1 1 1 0 4.38 9 9 9 9 
158 1 5 3 3 3 1 16 1 13 1 1 2 2 21 19 8 21 8 1 0 12 577 72 314 110 199 191 188 249 108 141 11 11 12 4 0.61 60 60 61 29 
159 2 4 2 2 2 1 7 0 6 0 1 0 0 29 29 5 29 9 4 0 16 428 42 218 76 111 168 113 167 79 88 3 3 4 3 0.77 52 52 53 33 
147 0 0 1 1 1 1 1 0 1 0 1 0 0 2 2 0 2 2 0 0 0 43 5 6 5 0 32 4 5 5 0 1 1 1 0 5.33 2 2 2 2 
155 0 0 1 1 1 1 2 0 2 0 1 0 0 4 4 2 4 0 0 2 2 68 8 15 9 3 45 9 12 9 3 1 1 1 0 3 4 4 4 4 
167 0 0 1 1 1 1 4 0 4 0 1 1 0 6 5 1 6 0 0 0 6 113 9 37 16 15 67 18 26 14 12 2 2 2 1 1.81 7 7 7 6 
157 0 0 2 2 2 1 11 0 10 0 1 0 0 28 28 4 28 0 5 0 23 600 51 320 123 186 229 175 237 117 120 6 6 6 3 0.72 64 64 64 36 
151 2 4 2 2 2 1 7 0 7 0 1 0 1 19 19 0 19 0 1 1 17 302 27 171 68 84 104 78 114 58 56 3 3 3 2 0.61 35 35 35 21 
839 0 0 1 1 1 1 3 0 3 0 1 0 0 3 3 2 3 0 0 0 3 65 8 16 8 4 41 8 12 8 4 1 1 1 0 2.56 3 3 3 3 
149 2 4 1 1 1 1 5 0 5 0 1 0 1 13 13 0 13 0 0 1 12 202 21 87 41 36 94 50 69 41 28 3 3 3 2 1.08 18 18 18 15 
559 1 2 3 3 3 1 15 0 12 2 1 0 1 5 5 1 5 0 0 1 4 139 14 84 40 36 41 42 58 34 24 6 6 6 4 0.49 16 16 17 7 
161 0 0 1 1 1 1 4 0 3 0 1 0 0 16 16 3 16 0 0 0 16 188 25 82 45 21 81 38 56 37 19 2 2 2 1 0.99 17 17 18 16 
165 1 2 2 2 2 1 6 0 5 0 1 0 0 9 9 4 9 0 1 0 8 158 19 69 29 31 70 38 54 30 24 4 4 4 3 1.01 15 15 15 9 
150 1 3 1 1 1 1 1 0 1 0 1 0 0 8 8 0 8 8 0 0 0 124 11 25 24 0 88 18 19 19 0 1 1 1 0 3.52 8 8 8 8 
160 3 6 1 1 1 1 9 0 8 0 7 0 2 32 32 9 32 1 0 6 25 577 60 325 138 162 192 158 215 116 99 5 5 5 5 0.59 47 47 47 35 
148 2 3 1 1 1 1 1 0 1 0 1 0 0 1 1 0 1 1 0 0 0 64 4 7 6 0 53 5 6 6 0 1 1 1 0 7.57 1 1 1 1 
162 2 4 2 2 2 1 7 0 6 0 3 0 2 51 51 5 51 1 3 9 38 632 78 352 135 166 202 155 237 123 114 4 4 4 2 0.57 81 81 83 55 
21 1 3 2 2 2 1 8 0 8 0 1 0 1 28 28 5 28 0 0 11 17 495 48 267 96 128 180 129 192 89 103 6 6 6 3 0.67 60 60 62 33 
22 0 0 1 1 1 1 1 0 1 0 1 0 0 7 7 0 7 7 0 0 0 101 12 23 22 0 66 16 17 17 0 1 1 1 0 2.87 7 7 7 7 
23 0 0 2 2 2 1 7 0 6 0 1 0 0 11 11 3 11 0 0 1 10 215 19 92 42 40 104 47 65 34 31 3 3 3 2 1.13 17 17 18 11 
19 0 0 2 2 2 1 4 0 4 0 1 0 0 4 4 1 4 0 0 0 4 70 7 24 12 7 39 12 18 12 6 3 3 3 1 1.63 6 6 6 4 
20 0 0 1 1 1 1 1 0 1 0 1 0 0 1 1 0 1 1 0 0 0 35 4 6 5 0 25 4 5 5 0 1 1 1 0 4.17 1 1 1 1 
377 1 4 3 3 3 2 14 0 12 1 2 0 3 15 15 12 15 0 3 1 11 390 32 240 81 139 118 130 176 77 99 5 5 6 4 0.49 41 41 42 27 
826 0 0 3 3 3 2 15 1 13 0 1 2 0 7 5 2 7 0 3 0 4 167 24 110 29 66 33 52 77 29 48 7 7 7 4 0.3 24 24 24 17 
378 0 0 4 4 4 2 22 1 17 4 1 0 1 9 9 2 9 1 4 0 4 332 26 180 66 108 126 96 128 57 71 10 10 10 5 0.7 32 32 33 20 
379 0 0 1 1 1 1 7 0 6 0 1 0 1 10 10 5 10 0 0 0 10 194 25 82 34 35 87 40 55 30 25 3 3 3 2 1.06 14 14 14 10 
370 0 0 1 1 1 1 1 0 1 0 1 0 0 4 4 0 4 4 0 0 0 74 8 10 9 0 56 7 8 8 0 1 1 1 0 5.6 4 4 4 4 
372 0 0 2 2 2 2 9 0 9 0 1 0 0 4 4 3 4 0 0 0 4 122 12 47 20 23 63 27 37 20 17 3 3 3 2 1.34 9 9 9 8 
371 0 0 1 1 1 1 3 0 3 0 1 0 0 5 5 4 5 0 0 0 5 105 12 28 14 8 65 15 21 13 8 1 1 1 0 2.32 5 5 5 5 
383 0 0 4 4 5 2 23 1 17 4 1 0 1 6 6 3 6 0 2 0 4 227 24 131 48 71 72 74 98 45 53 8 8 12 2 0.55 24 24 29 11 
369 1 4 5 5 6 3 30 1 24 5 1 0 1 7 7 5 7 0 0 2 5 305 25 202 76 119 81 112 148 67 81 13 13 17 4 0.4 36 36 40 20 
373 0 0 2 2 2 2 11 0 8 3 1 0 0 4 4 2 4 0 0 1 3 99 12 48 24 18 39 24 32 21 11 3 3 3 2 0.81 7 7 8 6 
375 1 3 7 7 7 1 31 1 26 4 2 1 0 7 6 11 7 1 2 0 4 350 26 218 65 141 106 104 146 58 88 17 17 17 4 0.49 47 47 48 7 
376 0 0 1 1 1 1 5 0 5 0 1 0 0 5 5 3 5 0 0 1 4 105 13 37 16 13 55 19 27 16 11 2 2 2 1 1.49 7 7 7 5 
374 0 0 1 1 1 1 1 0 1 0 1 0 0 3 3 0 3 3 0 0 0 45 7 13 12 0 25 9 10 10 0 1 1 1 0 1.92 3 3 3 3 
380 2 6 6 6 7 3 61 4 42 14 1 0 1 8 8 11 8 0 1 2 5 637 51 393 129 268 198 216 269 109 160 16 16 20 5 0.5 50 50 55 27 
