840 1 3 1 1 1 1 3 0 3 0 1 0 0 9 9 1 9 0 0 3 6 119 13 39 14 13 67 15 27 14 13 2 2 2 1 1.72 11 11 11 9 
385 15 7 5 5 5 2 34 3 26 5 1 0 4 37 37 2 37 0 6 5 26 1980 158 1019 374 642 803 460 635 252 383 29 27 32 6 0.79 178 176 186 59 
356 3 7 3 3 3 2 15 0 14 1 5 0 2 42 42 12 42 2 8 3 29 983 85 590 169 361 308 277 422 163 259 9 9 9 4 0.52 138 138 145 82 
718 7 3 4 4 4 2 19 1 16 2 2 1 1 14 13 12 14 0 3 0 11 507 45 292 113 160 170 176 229 111 118 13 13 14 4 0.58 51 51 53 26 
182 1 4 1 1 1 1 1 0 1 0 1 0 0 11 11 0 11 11 0 0 0 205 15 23 22 0 167 16 17 17 0 1 1 1 0 7.26 11 11 11 11 
357 3 6 4 4 4 3 17 0 16 0 1 0 5 23 23 2 23 0 0 10 13 649 48 409 151 267 192 215 288 123 165 10 10 12 3 0.47 81 81 85 59 
362 0 0 1 1 1 1 1 0 1 0 1 0 0 6 6 0 6 6 0 0 0 70 8 9 8 0 53 7 8 8 0 1 1 1 0 5.89 6 6 6 6 
841 1 2 1 1 1 1 3 0 3 0 1 0 0 12 12 4 12 0 0 5 7 151 18 49 20 16 84 23 36 20 16 1 1 1 0 1.71 12 12 12 12 
66 1 1 1 1 1 1 1 0 1 0 1 0 1 1 1 0 1 0 0 0 1 42 6 6 5 1 30 4 5 5 0 1 1 1 0 5 1 1 1 1 
140 8 7 4 4 5 2 27 1 19 6 1 0 5 37 37 6 37 2 9 7 19 1350 117 784 256 520 450 393 526 235 291 32 32 36 10 0.57 161 147 174 72 
143 1 2 1 1 1 1 1 0 1 0 1 0 0 3 3 0 3 3 0 0 0 59 4 6 5 0 49 4 5 5 0 1 1 1 0 8.17 3 3 3 3 
142 6 6 2 2 3 1 13 0 10 1 2 1 1 51 50 8 51 9 17 1 24 1164 90 595 196 342 479 280 411 171 240 8 5 9 4 0.81 126 122 136 70 
386 3 3 4 4 4 2 14 0 14 0 1 0 10 19 19 6 19 0 6 0 13 560 41 318 122 173 201 151 220 101 119 18 18 19 2 0.63 72 72 77 35 
925 9 4 2 2 2 1 20 1 18 0 1 2 3 11 9 2 11 0 9 0 2 349 40 234 82 152 75 135 166 69 97 6 6 6 5 0.32 25 25 25 11 
391 3 5 2 2 2 1 9 0 8 1 1 0 1 11 11 5 11 0 1 0 10 242 21 111 35 57 110 61 84 35 49 8 8 8 3 0.99 24 24 25 11 
214 1 7 3 3 3 1 18 1 14 2 1 0 5 16 16 7 16 0 5 1 10 477 53 290 92 185 134 155 207 80 127 11 11 13 4 0.46 47 47 49 18 
845 0 0 1 1 1 1 3 0 3 0 1 0 0 1 1 0 1 1 0 0 0 38 3 8 5 1 27 4 6 5 1 1 1 1 0 3.38 1 1 1 1 
852 1 2 1 1 1 1 3 0 3 0 1 0 0 5 5 1 5 0 0 3 2 80 10 23 10 7 47 11 17 10 7 1 1 1 0 2.04 5 5 5 5 
110 1 1 2 2 2 1 4 0 4 0 1 1 1 7 6 2 7 0 0 0 7 119 12 41 13 17 66 17 29 13 16 3 3 3 1 1.61 11 11 11 9 
360 1 1 1 1 1 1 1 0 1 0 1 0 0 1 1 0 1 1 0 0 0 36 4 6 5 0 26 4 5 5 0 1 1 1 0 4.33 1 1 1 1 
139 40 9 4 4 4 2 25 1 19 4 1 0 2 149 149 1 149 5 12 32 100 4964 447 2958 933 1940 1559 1429 1977 726 1251 40 40 45 6 0.53 556 556 608 249 
851 0 0 1 1 1 1 3 0 3 0 1 0 0 3 3 0 3 1 0 0 2 54 5 14 7 3 35 6 10 7 3 1 1 1 0 2.5 3 3 3 3 
65 2 2 2 2 2 1 6 0 6 0 1 1 1 8 7 3 8 0 0 0 8 152 16 61 21 31 75 30 45 21 24 3 3 4 1 1.23 14 14 15 10 
144 15 7 2 2 3 1 12 0 10 1 1 0 1 43 43 1 43 1 1 7 34 769 86 482 154 283 202 230 330 135 195 12 12 12 4 0.42 106 98 108 45 
913 5 3 2 2 3 1 10 0 9 0 1 0 1 10 10 1 10 0 3 7 0 165 19 113 47 60 33 64 87 48 39 5 5 5 2 0.29 24 24 27 12 
915 6 2 2 2 2 1 11 0 10 0 1 5 1 11 6 2 11 0 4 0 7 277 25 136 59 74 116 75 99 54 45 4 4 4 2 0.85 21 21 21 11 
932 5 4 4 4 4 1 17 0 17 0 1 0 3 2 2 0 2 0 1 0 1 99 9 49 22 25 41 24 33 18 15 4 4 4 3 0.84 7 7 8 2 
169 16 9 2 2 2 1 14 1 11 1 4 2 8 90 88 41 90 15 5 43 27 2339 249 1215 373 697 875 581 818 320 498 18 18 18 4 0.72 213 213 219 105 
215 6 5 3 3 3 1 16 0 13 1 3 0 8 20 20 13 20 0 4 1 15 557 53 302 115 167 205 159 212 105 107 17 17 18 4 0.68 56 56 59 22 
141 17 8 2 2 2 1 11 0 10 1 1 0 6 77 77 21 77 0 1 18 58 1614 158 892 319 487 564 466 630 278 352 19 19 21 3 0.63 175 175 178 91 
170 0 0 1 1 1 1 1 0 1 0 1 0 0 2 2 0 2 2 0 0 0 43 3 5 4 0 35 3 4 4 0 1 1 1 0 7 2 2 2 2 
216 4 4 1 1 1 1 4 0 3 0 2 1 0 22 21 1 22 2 1 6 13 279 27 113 65 25 139 46 72 51 21 3 3 3 1 1.23 24 24 24 22 
363 1 6 2 2 2 1 10 0 8 0 1 2 9 16 14 6 16 0 4 0 12 355 40 169 49 101 146 98 135 54 81 7 7 7 3 0.86 37 37 38 18 
359 0 0 1 1 1 1 3 0 3 0 1 0 0 2 2 0 2 0 0 0 2 44 3 9 4 2 32 3 6 4 2 1 1 1 0 3.56 2 2 2 2 
387 7 5 1 1 1 1 6 0 6 0 4 0 5 24 24 4 24 1 2 0 21 439 45 175 66 86 219 84 119 60 59 3 3 3 2 1.25 33 33 35 26 
183 11 8 3 3 3 1 18 1 14 1 2 0 1 33 33 11 33 2 2 2 27 1020 105 544 206 297 371 272 366 155 211 12 12 12 5 0.68 86 86 86 38 
390 1 2 0 0 0 0 0 0 0 0 1 0 0 0 0 0 0 0 0 0 0 23 1 3 2 0 19 1 2 2 0 0 0 0 0 6.33 0 0 0 0 
389 3 7 2 2 2 1 9 0 7 0 1 1 4 22 21 4 22 0 4 4 14 430 42 208 75 107 180 103 149 67 82 9 9 9 3 0.87 46 46 47 22 
388 1 2 1 1 1 1 4 0 4 0 1 0 0 2 2 0 2 0 0 2 0 50 5 15 10 2 30 7 10 8 2 1 1 1 0 2 2 2 2 2 
361 2 3 2 2 2 2 10 0 8 2 1 0 0 6 6 1 6 0 0 5 1 137 10 63 29 24 64 26 40 21 19 3 3 4 2 1.02 13 13 14 10 
831 5 4 2 2 2 1 11 0 11 0 1 0 8 23 23 6 23 1 13 3 6 545 54 293 107 188 198 170 215 101 114 8 8 8 3 0.68 56 45 57 23 
472 0 0 1 1 1 1 1 0 1 0 1 0 0 5 5 0 5 5 0 0 0 70 10 12 11 0 48 10 11 11 0 1 1 1 0 4 5 5 5 5 
474 0 0 1 1 1 1 3 0 3 0 1 0 0 2 2 0 2 0 0 0 2 46 3 9 4 2 34 3 6 4 2 1 1 1 0 3.78 2 2 2 2 
469 5 8 3 3 3 1 14 0 14 0 3 0 8 42 42 21 42 0 2 2 38 1053 105 668 195 451 280 350 472 186 286 8 8 8 3 0.42 138 136 145 61 
561 0 0 1 1 1 1 1 0 1 0 1 0 0 1 1 0 1 1 0 0 0 34 3 4 3 0 27 2 3 3 0 1 1 1 0 6.75 1 1 1 1 
833 0 0 1 1 1 1 3 0 3 0 1 0 1 12 12 2 12 0 0 5 7 160 20 46 21 17 94 24 35 21 14 2 2 2 1 2.04 13 13 13 12 
832 0 0 3 1 3 1 13 0 12 0 2 0 0 4 4 0 4 0 0 2 2 81 4 48 8 36 29 25 31 11 20 10 2 10 0 0.6 13 5 13 4 
837 1 3 1 1 1 1 1 0 1 0 1 0 0 5 5 0 5 0 0 0 5 62 7 8 7 0 47 6 7 7 0 1 1 1 0 5.88 5 5 5 5 
489 3 4 1 1 1 1 3 0 3 0 1 0 0 35 35 1 35 1 0 0 34 308 44 129 54 38 135 48 86 50 36 2 2 2 1 1.05 37 37 37 35 
834 0 0 1 1 1 1 4 0 3 0 1 0 0 3 3 2 3 0 0 0 3 62 7 16 8 4 39 7 11 7 4 1 1 1 0 2.44 3 3 3 3 
475 1 2 1 1 1 1 1 0 1 0 1 0 0 3 3 0 3 3 0 0 0 56 6 7 6 0 43 5 6 6 0 1 1 1 0 6.14 3 3 3 3 
476 1 2 1 1 1 1 1 0 1 0 1 0 0 2 2 0 2 2 0 0 0 47 6 7 6 0 34 5 6 6 0 1 1 1 0 4.86 2 2 2 2 
827 1 3 1 1 1 1 4 0 4 0 1 0 1 11 11 4 11 1 0 2 8 178 20 62 22 27 96 33 47 21 26 2 2 2 1 1.55 13 13 13 11 
471 0 0 1 1 1 1 1 0 1 0 1 0 0 2 2 0 2 2 0 0 0 40 4 5 4 0 31 3 4 4 0 1 1 1 0 6.2 2 2 2 2 
467 0 0 1 1 1 1 1 0 1 0 1 0 0 1 1 0 1 1 0 0 0 37 4 6 5 0 27 3 4 4 0 1 1 1 0 4.5 1 1 1 1 
835 0 0 1 1 1 1 4 0 4 0 1 0 1 8 8 3 8 1 0 2 5 126 15 42 17 17 69 23 32 16 16 1 1 1 0 1.64 8 8 8 8 
466 1 3 1 1 1 1 1 0 1 0 1 0 0 4 4 0 4 4 0 0 0 56 8 9 8 0 39 7 8 8 0 1 1 1 0 4.33 4 4 4 4 
465 1 3 1 1 1 1 1 0 1 0 1 0 0 3 3 0 3 3 0 0 0 62 7 14 13 0 41 9 10 10 0 1 1 1 0 2.93 3 3 3 3 
830 0 0 2 2 2 1 9 0 8 0 1 0 8 9 9 2 9 1 1 2 5 222 27 99 35 61 96 63 79 37 42 6 4 6 2 0.97 20 16 20 9 
539 1 4 1 1 1 1 1 0 1 0 1 0 0 6 6 0 6 6 0 0 0 73 9 11 10 0 53 9 10 10 0 1 1 1 0 4.82 6 6 6 6 
470 0 0 1 1 1 1 1 0 1 0 1 0 0 5 5 0 5 5 0 0 0 60 7 8 7 0 45 6 7 7 0 1 1 1 0 5.63 5 5 5 5 
468 1 3 1 1 1 1 1 0 1 0 1 0 0 1 1 0 1 1 0 0 0 40 4 8 7 0 28 5 6 6 0 1 1 1 0 3.5 1 1 1 1 
828 0 0 1 1 1 1 1 0 1 0 1 0 0 2 2 0 2 2 0 0 0 30 5 6 5 0 19 4 5 5 0 1 1 1 0 3.17 2 2 2 2 
836 1 2 1 1 1 1 1 0 1 0 1 0 0 1 1 0 1 0 0 0 1 38 5 7 6 0 26 4 5 5 0 1 1 1 0 3.71 1 1 1 1 
829 1 2 2 2 2 1 6 0 5 0 3 0 2 16 16 4 16 8 0 4 4 200 37 108 35 54 55 57 80 34 46 3 3 3 1 0.51 24 24 24 16 
211 0 0 1 1 1 1 3 0 3 0 1 0 0 1 1 0 1 0 0 0 1 40 3 6 3 1 31 2 4 3 1 1 1 1 0 5.17 1 1 1 1 
204 0 0 2 2 2 1 7 0 7 0 1 2 2 10 8 4 10 0 0 1 9 236 23 86 35 47 127 38 55 32 23 9 9 10 4 1.48 18 18 19 13 
445 0 0 1 1 1 1 3 0 3 0 1 0 0 4 4 3 4 0 0 0 4 79 8 20 9 6 51 10 15 9 6 1 1 1 0 2.55 4 4 4 4 
213 1 4 3 3 3 3 31 3 25 7 1 0 1 2 2 2 2 0 1 0 1 147 16 65 19 44 76 29 36 17 19 5 5 5 2 1.17 6 6 6 6 
844 0 0 1 1 1 1 3 0 3 0 1 0 1 4 4 0 4 0 1 0 3 63 8 22 12 6 33 12 17 12 5 1 1 1 0 1.5 4 4 4 4 
207 0 0 1 1 1 1 3 0 3 0 1 0 0 2 2 0 2 0 0 0 2 45 5 10 5 2 30 4 7 5 2 1 1 1 0 3 2 2 2 2 
210 0 0 2 2 3 1 11 0 10 0 1 0 4 12 12 1 12 0 0 10 2 351 28 148 60 85 175 71 97 54 43 6 6 7 3 1.18 28 28 31 16 
446 0 0 1 1 1 1 3 0 3 0 1 0 0 1 1 0 1 0 0 0 1 37 3 6 3 1 28 2 4 3 1 1 1 1 0 4.67 1 1 1 1 
212 0 0 2 2 2 1 6 0 6 0 1 0 3 2 2 0 2 0 0 0 2 71 7 20 9 11 45 10 14 9 5 2 2 2 1 2.25 3 3 3 2 
203 0 0 1 1 1 1 3 0 3 0 1 0 0 1 1 0 1 0 0 0 1 40 3 6 3 1 31 2 4 3 1 1 1 1 0 5.17 1 1 1 1 
201 2 4 2 2 2 1 12 0 11 0 1 8 3 32 24 15 32 0 4 0 28 922 78 424 162 233 420 202 273 132 141 16 16 16 6 0.99 68 68 68 34 
209 3 5 2 2 2 2 17 1 14 1 5 0 32 22 22 0 22 0 0 10 12 832 99 313 175 204 421 176 219 150 69 4 4 5 3 1.35 43 43 47 34 
206 0 0 2 2 2 1 6 0 6 0 1 0 0 2 2 1 2 0 0 0 2 71 8 20 10 6 43 10 14 9 5 2 2 2 1 2.15 3 3 3 2 
208 0 0 1 1 1 1 4 0 4 0 1 0 0 5 5 4 5 0 0 0 5 101 11 28 14 8 62 13 19 11 8 1 1 1 0 2.21 5 5 5 5 
842 1 1 1 1 1 1 4 0 4 0 1 0 0 3 3 2 3 0 0 0 3 64 5 17 8 5 42 8 12 7 5 1 1 1 0 2.47 3 3 3 3 
202 0 0 1 1 1 1 4 0 4 0 1 0 0 5 5 4 5 0 0 0 5 116 14 34 20 8 68 19 25 17 8 1 1 1 0 2 5 5 5 5 
200 0 0 1 1 1 1 4 0 4 0 1 0 0 9 9 8 9 0 0 0 9 176 19 53 27 16 104 30 40 24 16 1 1 1 0 1.96 9 9 9 9 
843 0 0 1 1 1 1 3 0 3 0 1 0 0 2 2 1 2 0 0 0 2 41 4 10 5 2 27 4 7 5 2 1 1 1 0 2.7 2 2 2 2 
700 0 0 1 1 1 1 3 0 3 0 1 0 0 5 5 1 5 0 0 0 5 82 9 20 8 6 53 7 13 8 5 1 1 2 0 2.65 5 5 6 5 
696 0 0 1 1 1 1 4 0 4 0 1 0 2 5 5 1 5 0 0 0 5 100 12 28 12 12 60 15 22 13 9 2 2 2 1 2.14 6 6 7 5 
697 0 0 1 1 1 1 1 0 1 0 1 0 0 4 4 0 4 4 0 0 0 55 6 8 7 0 41 6 7 7 0 1 1 1 0 5.13 4 4 4 4 
694 1 2 1 1 1 1 1 0 1 0 1 0 0 10 10 0 10 10 0 0 0 140 14 16 15 0 110 14 15 15 0 1 1 1 0 6.88 10 10 10 10 
698 0 0 1 1 1 1 3 0 3 0 1 0 0 3 3 0 3 0 0 0 3 56 6 13 6 3 37 5 9 6 3 1 1 1 0 2.85 3 3 3 3 
793 0 0 1 1 1 1 1 0 1 0 1 0 0 1 1 0 1 1 0 0 0 42 4 5 4 0 33 3 4 4 0 1 1 1 0 6.6 1 1 1 1 
702 1 2 1 1 1 1 4 0 4 0 1 0 0 4 4 1 4 0 0 0 4 69 7 25 10 9 37 12 18 10 8 2 2 2 1 1.48 5 5 5 4 
701 1 3 2 2 3 1 10 0 9 0 1 0 4 19 19 5 19 0 5 0 14 403 33 208 71 119 162 107 156 73 83 10 10 10 3 0.78 44 44 49 19 
695 9 3 2 2 3 1 10 0 8 1 3 0 0 23 23 14 23 2 6 1 14 449 45 251 93 119 153 132 188 98 90 10 10 10 6 0.61 57 57 58 23 
855 2 1 1 1 1 1 5 0 5 0 1 0 0 13 13 3 13 0 0 1 12 167 21 85 25 40 61 41 61 24 37 3 3 3 2 0.72 19 19 19 13 
699 0 0 1 1 1 1 1 0 1 0 1 0 0 3 3 0 3 3 0 0 0 43 6 9 8 0 28 7 8 8 0 1 1 1 0 3.11 3 3 3 3 
791 0 0 3 3 3 1 9 0 9 0 1 3 1 3 0 0 3 0 0 0 3 72 7 37 12 16 28 14 24 12 12 3 3 3 2 0.76 9 9 9 3 
691 0 0 1 1 1 1 4 0 4 0 1 0 0 4 4 3 4 0 0 0 4 70 8 27 13 9 35 17 22 13 9 1 1 1 0 1.3 4 4 4 4 
692 4 3 2 2 2 1 10 0 10 0 1 0 8 43 43 27 43 2 2 7 32 988 84 521 192 336 383 298 388 180 208 15 15 15 4 0.74 90 90 91 57 
792 0 0 2 2 2 1 8 0 8 0 1 0 1 13 13 5 13 2 0 2 9 230 21 131 33 70 78 63 95 33 62 5 5 5 3 0.6 31 31 31 15 
854 2 2 5 5 5 1 42 7 24 11 1 0 1 1 1 0 1 0 0 0 1 81 12 35 14 19 34 21 27 14 13 5 5 5 2 0.97 5 5 5 1 
693 1 2 2 2 2 1 6 0 6 0 1 0 0 4 4 4 4 0 0 4 0 87 8 35 14 15 44 17 26 14 12 4 4 4 2 1.26 7 7 7 4 
690 0 0 1 1 1 1 4 0 4 0 1 1 0 12 11 2 12 0 1 0 11 123 17 72 27 28 34 36 54 27 27 2 2 2 1 0.47 17 17 17 12 
126 1 1 1 1 1 1 4 0 4 0 1 0 0 22 22 2 22 0 0 1 21 215 28 99 29 39 88 34 65 28 37 6 6 6 2 0.89 30 30 30 24 
112 1 2 1 1 1 1 1 0 1 0 1 0 0 20 20 2 20 20 0 0 0 249 25 28 27 2 196 25 26 26 0 1 1 1 0 7 20 20 20 20 
113 0 0 1 1 1 1 3 0 3 0 1 0 0 2 2 0 2 0 0 0 2 49 4 9 4 2 36 3 6 4 2 1 1 1 0 4 2 2 2 2 
825 0 0 1 1 1 1 1 0 1 0 1 0 0 1 1 0 1 1 0 0 0 39 4 5 4 0 30 3 4 4 0 1 1 1 0 6 1 1 1 1 
125 0 0 2 2 3 1 9 0 8 0 1 8 4 9 1 1 9 0 2 0 7 228 21 107 29 63 100 62 88 31 57 7 7 8 3 0.93 22 22 24 9 
111 1 2 1 1 2 1 4 0 4 0 1 0 0 20 20 2 20 0 0 0 20 247 28 105 34 45 114 40 69 32 37 5 5 6 2 1.09 29 29 32 22 
114 1 1 1 1 1 1 1 0 1 0 1 0 0 1 1 0 1 0 0 0 1 37 3 6 5 0 28 4 5 5 0 1 1 1 0 4.67 1 1 1 1 
119 1 1 1 1 1 1 13 1 11 0 1 0 0 2 2 0 2 0 0 1 1 86 5 26 4 19 55 6 9 4 5 1 1 1 0 2.12 2 2 2 2 
115 4 5 3 3 3 1 21 2 18 0 5 1 4 63 62 27 63 3 1 17 42 1596 199 1103 265 784 295 506 710 256 454 10 10 10 6 0.27 180 180 186 80 
117 1 2 2 2 2 1 4 0 4 0 1 0 0 11 11 4 11 0 0 1 10 210 22 57 22 21 131 23 38 22 16 8 8 12 2 2.3 18 18 22 14 
118 0 0 2 2 2 1 12 0 8 3 1 0 1 4 4 1 4 0 0 1 3 135 13 45 15 23 77 25 34 15 19 5 5 5 2 1.71 8 8 8 4 
120 0 0 1 1 1 1 3 0 3 0 1 0 0 3 3 1 3 0 0 1 2 84 9 20 13 5 55 12 16 13 3 1 1 1 0 2.75 3 3 3 3 
917 2 2 1 1 2 1 4 0 4 0 1 0 1 4 4 1 4 0 0 1 3 92 8 23 9 11 61 10 16 9 7 2 2 3 1 2.65 5 5 6 4 
116 2 3 3 3 3 1 30 2 26 1 3 0 2 18 18 5 18 0 0 4 14 600 65 393 90 293 143 174 228 93 135 8 8 10 5 0.36 45 45 47 18 
124 0 0 5 5 5 1 16 0 15 1 1 2 0 3 1 0 3 0 1 0 2 99 7 51 11 27 41 23 38 13 25 9 9 9 2 0.8 14 14 14 3 
122 1 1 1 1 1 1 5 0 5 0 3 0 1 14 14 4 14 0 9 0 5 222 26 95 43 43 101 48 71 43 28 3 3 3 2 1.06 20 20 20 14 
121 2 1 2 2 2 1 9 0 9 0 3 0 1 32 32 2 32 0 1 0 31 466 40 309 107 187 117 151 221 100 121 6 6 6 2 0.38 70 70 73 37 
123 1 1 1 1 1 1 4 0 4 0 1 0 1 9 9 5 9 0 0 0 9 147 18 54 20 25 75 31 42 20 22 2 2 2 1 1.39 10 10 10 9 
442 0 0 1 1 1 1 3 0 3 0 1 0 0 3 3 1 3 0 0 2 1 35 6 13 6 4 16 5 9 6 3 1 1 1 0 1.23 3 3 3 3 
441 1 4 2 2 2 1 7 0 7 0 2 0 0 29 29 1 29 0 7 0 22 290 39 234 77 129 17 119 172 80 92 8 8 8 3 0.07 55 55 58 29 
443 1 1 1 1 1 1 2 0 2 0 1 0 0 4 4 1 4 0 0 0 4 37 7 14 7 3 16 6 10 7 3 1 1 1 0 1.14 4 4 4 4 
444 0 0 1 1 1 1 3 0 3 0 1 0 0 1 1 0 1 0 0 0 1 25 3 6 3 1 16 2 4 3 1 1 1 1 0 2.67 1 1 1 1 
366 3 4 1 1 1 1 4 0 4 0 2 0 3 15 15 3 15 0 2 2 11 249 27 91 44 35 131 46 64 40 24 2 2 2 1 1.44 17 17 17 15 
368 0 0 2 2 3 1 12 0 12 0 1 0 1 1 1 0 1 0 0 0 1 58 6 24 15 7 28 14 18 13 5 2 2 3 1 1.17 2 2 3 1 
367 0 0 1 1 1 1 10 0 9 1 1 2 0 3 1 0 3 0 1 0 2 98 8 38 21 16 53 16 21 14 7 2 2 2 1 1.39 4 4 4 3 
914 1 2 4 4 4 4 20 2 16 2 1 0 1 1 1 0 1 0 0 0 1 62 8 27 14 12 27 15 20 13 7 4 4 4 1 1 4 4 4 4 
364 0 0 1 1 1 1 4 0 4 0 4 0 2 43 43 3 43 4 0 2 37 412 52 228 86 97 132 98 159 85 74 3 3 3 2 0.58 57 57 58 47 
365 0 0 3 3 3 1 16 2 14 0 1 0 1 1 1 0 1 0 0 0 1 54 6 23 11 10 25 13 18 11 7 3 3 3 1 1.09 3 3 3 1 
527 2 7 2 2 2 1 7 0 7 0 1 0 1 22 22 8 22 0 1 6 15 387 41 179 63 94 167 82 125 61 64 7 7 7 5 0.93 36 36 36 26 
531 7 6 2 2 2 2 10 0 10 0 1 0 2 14 14 3 14 0 1 0 13 277 24 174 70 105 79 98 128 69 59 4 4 4 2 0.45 33 33 33 25 
534 0 0 2 2 2 1 8 0 8 0 1 0 5 26 26 8 26 0 5 0 21 420 57 239 71 139 124 115 167 71 96 6 6 7 3 0.52 49 49 50 28 
537 4 6 2 2 2 1 11 0 10 0 3 8 6 58 50 37 58 0 13 12 33 1265 149 676 173 423 441 351 486 166 320 6 6 8 4 0.65 128 128 131 60 
529 0 0 2 2 3 1 10 0 10 0 1 1 1 6 5 6 6 0 2 0 4 163 18 79 32 41 66 45 60 32 28 3 3 4 2 0.84 14 14 15 6 
533 0 0 1 1 1 1 7 0 6 0 1 0 0 3 3 2 3 0 0 1 2 72 8 25 8 12 39 12 18 8 10 2 2 2 1 1.56 4 4 4 3 
536 0 0 2 2 2 1 8 0 7 0 1 0 6 16 16 6 16 0 1 4 11 295 41 147 59 83 107 80 112 57 55 7 7 8 3 0.73 31 31 32 16 
535 0 0 3 3 3 1 13 0 13 0 1 0 0 5 5 7 5 0 1 0 4 164 20 80 26 43 64 44 61 26 35 9 9 9 2 0.8 16 16 16 7 
532 0 0 2 2 2 1 9 0 9 0 2 4 5 20 16 8 20 0 7 0 13 459 50 214 81 124 195 118 161 79 82 4 4 5 2 0.91 38 38 40 22 
523 0 0 3 3 3 1 11 0 11 0 1 0 1 4 4 3 4 0 0 0 4 122 11 59 16 32 52 29 42 16 26 4 4 4 2 0.88 12 12 12 4 
823 1 2 1 1 1 1 1 0 1 0 1 0 0 3 3 0 3 0 0 0 3 44 4 6 5 0 34 4 5 5 0 1 1 1 0 5.67 3 3 3 3 
704 0 0 1 1 1 1 5 0 5 0 1 0 0 4 4 1 4 0 0 2 2 97 11 29 16 11 57 15 21 15 6 2 2 2 1 1.97 5 5 5 4 
522 1 6 1 1 1 1 1 0 1 0 1 0 0 9 9 0 9 6 0 0 3 101 11 14 13 0 76 11 12 12 0 1 1 1 0 5.43 9 9 9 9 
520 0 0 1 1 1 1 3 0 3 0 1 0 0 2 2 0 2 0 0 0 2 46 3 9 4 2 34 3 6 4 2 1 1 1 0 3.78 2 2 2 2 
526 1 4 4 4 4 1 16 1 15 0 1 0 1 5 5 4 5 0 0 0 5 171 19 93 24 57 59 45 64 24 40 6 6 7 3 0.63 19 19 21 5 
705 1 2 1 1 2 1 4 0 4 0 1 0 0 4 4 1 4 0 0 1 3 69 8 23 8 10 38 9 15 8 7 2 2 3 1 1.65 5 5 6 4 
703 0 0 2 2 2 1 9 0 8 0 1 0 1 4 4 1 4 0 0 2 2 95 11 44 16 22 40 21 31 15 16 3 3 3 1 0.91 8 8 9 4 
530 0 0 2 2 2 1 6 0 6 0 1 0 0 24 24 6 24 0 2 0 22 285 42 158 52 81 85 70 108 49 59 4 4 4 2 0.54 37 37 37 28 
524 1 4 1 1 1 1 1 0 1 0 1 0 0 31 31 0 31 31 0 0 0 273 34 39 38 0 200 37 38 38 0 1 1 1 0 5.13 31 31 31 31 
521 0 0 1 1 1 1 1 0 1 0 1 0 0 4 4 0 4 4 0 0 0 53 6 7 6 0 40 5 6 6 0 1 1 1 0 5.71 4 4 4 4 
528 0 0 1 1 1 1 1 0 1 0 1 0 0 3 3 0 3 3 0 0 0 50 6 7 6 0 37 5 6 6 0 1 1 1 0 5.29 3 3 3 3 
525 0 0 1 1 1 1 1 0 1 0 1 0 0 1 1 0 1 1 0 0 0 34 3 4 3 0 27 2 3 3 0 1 1 1 0 6.75 1 1 1 1 
716 1 2 2 2 2 1 9 0 9 0 3 1 2 9 8 4 9 0 2 0 7 186 20 93 36 54 73 48 66 36 30 7 7 7 2 0.78 17 17 17 9 
134 3 4 1 1 1 1 5 0 5 0 1 0 2 12 12 6 12 0 0 0 12 209 22 74 28 32 113 37 54 26 28 4 4 4 1 1.53 17 17 17 12 
136 3 4 2 2 2 1 5 0 4 0 1 0 0 10 10 2 10 0 0 0 10 146 18 60 21 24 68 26 42 21 21 3 3 3 1 1.13 15 15 15 12 
131 3 4 1 1 1 1 1 0 1 0 1 0 0 12 12 0 12 12 0 0 0 175 15 26 25 0 134 20 21 21 0 1 1 1 0 5.15 12 12 12 12 
132 9 6 3 3 3 1 15 1 14 0 8 1 2 55 54 12 55 4 11 2 38 1292 144 829 248 538 319 428 590 238 352 10 10 13 5 0.38 155 155 166 75 
133 1 1 3 3 4 1 11 0 11 0 1 2 0 5 3 1 5 0 1 0 4 114 11 61 20 39 42 34 49 20 29 8 8 13 2 0.69 14 14 20 7 
926 4 4 2 2 2 1 9 0 8 0 1 1 1 12 11 3 12 2 1 0 9 225 21 128 49 63 76 59 88 43 45 4 4 4 2 0.59 23 23 25 14 
138 5 5 3 3 3 1 12 0 11 0 2 1 7 23 22 8 23 1 0 0 22 533 57 291 93 178 185 152 213 88 125 7 7 8 4 0.64 61 61 66 31 
135 1 2 2 2 2 2 6 0 6 0 1 0 0 2 2 1 2 0 0 0 2 58 7 19 8 6 32 9 14 8 6 3 3 3 2 1.68 4 4 4 4 
137 3 5 2 2 2 1 7 0 7 0 1 0 1 21 21 2 21 0 1 0 20 307 32 173 57 86 102 77 118 54 64 3 3 4 2 0.59 40 40 44 21 
686 1 3 1 1 1 1 3 0 3 0 1 0 0 13 13 5 13 2 0 0 11 143 17 52 22 16 74 24 38 22 16 1 1 1 0 1.42 13 13 13 13 
519 0 0 3 3 3 2 10 0 9 0 2 0 2 25 25 7 25 1 7 0 17 491 43 263 88 161 185 151 210 92 118 8 8 8 4 0.7 64 64 65 42 
76 5 4 5 5 6 3 23 0 20 2 1 3 1 39 36 5 39 3 4 1 31 1163 63 805 215 523 295 376 577 212 365 27 27 31 7 0.37 201 201 229 99 
79 0 0 1 1 1 1 1 0 1 0 2 0 0 11 11 0 11 11 0 0 0 124 15 18 16 0 91 14 16 16 0 1 1 1 0 5.06 11 11 11 11 
518 0 0 2 2 2 2 7 0 6 0 2 0 0 22 22 4 22 5 1 0 16 368 40 170 65 90 158 95 136 69 67 5 5 5 3 0.93 40 40 40 36 
73 1 2 1 1 1 1 3 0 3 0 1 0 0 2 2 0 2 0 0 0 2 47 4 9 4 2 34 3 6 4 2 1 1 1 0 3.78 2 2 2 2 
81 0 0 1 1 1 1 3 0 3 0 1 0 0 2 2 0 2 0 0 0 2 47 4 9 4 2 34 3 6 4 2 1 1 1 0 3.78 2 2 2 2 
71 0 0 1 1 1 1 1 0 1 0 1 0 0 8 8 2 8 8 0 0 0 97 12 15 14 2 70 13 14 14 0 1 1 1 0 4.67 8 8 8 8 
96 1 2 1 1 2 1 4 0 4 0 1 0 0 16 16 6 16 0 0 0 16 225 26 78 27 37 121 29 50 27 23 5 5 10 1 1.55 22 22 27 18 
85 1 3 2 2 2 2 5 0 5 0 1 0 2 11 11 3 11 1 0 0 10 180 20 76 27 33 84 35 53 26 27 3 3 3 2 1.11 17 17 17 17 
75 0 0 1 1 1 1 1 0 1 0 1 0 0 4 4 1 4 4 0 0 0 59 7 9 8 1 43 7 8 8 0 1 1 1 0 4.78 4 4 4 4 
77 0 0 2 2 2 1 9 0 8 0 1 1 1 6 5 1 6 1 1 0 4 138 14 58 16 32 66 31 45 17 28 5 5 5 2 1.14 13 13 13 8 
97 1 4 1 1 2 1 5 0 5 0 1 0 0 17 17 4 17 0 0 0 17 244 25 98 28 48 121 46 69 28 41 4 4 7 1 1.23 23 23 26 19 
86 0 0 3 3 3 2 11 0 10 1 1 0 1 7 7 0 7 1 0 0 6 188 13 87 26 48 88 44 64 27 37 5 5 6 3 1.01 19 19 21 17 
689 3 4 1 1 1 1 4 0 3 0 1 0 0 10 10 4 10 2 0 0 8 126 16 53 23 17 57 28 40 22 18 3 3 3 1 1.08 12 12 12 10 
82 0 0 1 1 1 1 3 0 3 0 1 0 0 2 2 0 2 0 0 0 2 47 4 9 4 2 34 3 6 4 2 1 1 1 0 3.78 2 2 2 2 
80 4 5 2 2 2 1 7 0 6 0 1 0 0 22 22 9 22 0 1 0 21 351 30 174 52 92 148 93 131 56 75 11 11 13 6 0.85 41 41 52 24 
102 2 3 3 3 3 1 14 0 10 2 4 1 4 30 29 8 30 3 6 3 18 616 71 348 105 221 197 182 262 111 151 11 11 15 5 0.57 83 80 97 30 
78 4 2 1 1 1 1 4 0 4 0 1 0 0 10 10 1 10 0 0 0 10 145 14 67 38 20 64 35 49 34 15 3 3 3 2 0.96 13 13 13 10 
824 6 4 2 2 2 1 7 0 7 0 1 0 1 9 9 2 9 0 0 0 9 164 14 77 29 39 73 45 62 32 30 3 3 3 2 0.95 16 16 16 11 
87 11 5 3 3 3 2 12 0 11 1 1 0 1 30 30 6 30 1 0 0 29 651 39 368 105 222 244 202 280 115 165 15 15 16 3 0.66 85 85 88 63 
88 11 5 4 4 4 1 19 1 17 1 1 0 1 28 28 8 28 0 2 0 26 959 70 537 178 326 352 296 395 168 227 34 34 34 5 0.66 105 105 106 32 
74 7 5 4 4 5 1 27 1 20 4 1 8 3 47 39 12 47 4 14 6 23 1832 139 1038 331 685 655 582 763 281 482 52 52 66 6 0.63 198 198 218 60 
83 0 0 1 1 1 1 1 0 1 0 1 0 0 3 3 0 3 3 0 0 0 50 5 7 6 0 38 5 6 6 0 1 1 1 0 5.43 3 3 3 3 
688 4 4 1 1 1 1 5 0 5 0 1 0 0 18 18 8 18 2 0 0 16 209 22 110 41 46 77 54 81 43 38 5 5 5 2 0.7 26 26 26 18 
70 2 3 1 1 1 1 1 0 1 0 1 0 0 5 5 1 5 5 0 0 0 66 8 10 9 1 48 8 9 9 0 1 1 1 0 4.8 5 5 5 5 
69 0 0 2 2 2 1 7 0 7 0 1 1 1 6 5 1 6 1 1 0 4 128 12 49 13 27 67 24 36 13 23 4 4 4 1 1.37 12 12 12 8 
95 4 3 1 1 1 1 5 0 4 0 1 0 0 19 19 5 19 0 0 0 19 261 28 100 31 50 133 44 69 31 38 3 3 7 1 1.33 24 24 28 21 
84 5 4 2 2 2 2 7 0 7 0 1 0 1 6 6 0 6 1 0 0 5 117 11 55 23 26 51 30 42 23 19 5 5 5 2 0.93 12 12 13 9 
687 4 3 1 1 1 1 3 0 3 0 1 0 0 10 10 4 10 2 0 0 8 114 14 47 22 14 53 23 34 20 14 1 1 1 0 1.13 10 10 10 10 
72 5 5 4 4 4 1 19 0 17 1 8 1 2 29 28 15 29 20 0 1 8 715 69 555 138 374 92 225 332 111 221 11 10 13 4 0.17 114 104 122 34 
93 7 5 4 4 4 1 15 0 15 0 1 0 0 25 25 5 25 0 20 0 5 731 43 416 87 286 272 233 331 85 246 15 15 15 4 0.65 104 104 106 29 
94 5 5 3 3 3 1 12 0 12 0 1 1 1 19 18 5 19 0 14 0 5 436 34 263 66 161 139 156 214 72 142 8 8 9 3 0.53 59 59 66 22 
91 1 2 2 2 2 2 11 1 10 0 1 0 40 5 5 2 5 0 0 0 5 161 22 110 54 90 29 78 88 53 35 5 5 7 2 0.26 9 9 11 9 
92 1 1 2 2 2 1 8 0 8 0 1 0 0 6 6 3 6 0 0 0 6 128 12 58 13 36 59 36 47 13 34 5 5 6 1 1.02 10 10 11 6 
89 1 3 2 2 2 1 13 0 12 0 1 0 2 8 8 7 8 0 2 0 6 264 23 146 58 81 95 72 92 53 39 4 4 4 2 0.65 18 18 18 8 
90 3 3 2 2 2 1 14 0 12 1 1 1 0 12 11 1 12 0 4 3 5 301 22 180 75 107 99 108 135 65 70 4 4 5 1 0.55 27 27 28 14 
100 0 0 2 2 2 1 7 0 7 0 1 0 0 5 5 2 5 0 1 0 4 102 11 48 21 24 43 25 35 21 14 2 2 2 1 0.9 9 9 9 5 
101 1 1 0 0 0 0 0 0 0 0 1 0 0 0 0 24 0 0 0 0 0 96 26 27 26 24 43 25 26 26 0 0 0 0 0 1.59 0 0 0 0 
99 3 4 4 4 4 1 29 1 25 2 1 1 0 7 6 3 7 0 3 0 4 329 27 211 67 139 91 106 133 61 72 9 9 9 3 0.43 27 27 29 9 
98 4 5 4 4 4 1 29 2 24 1 1 1 0 6 5 2 6 0 5 0 1 285 28 170 47 114 87 99 121 49 72 6 6 7 2 0.51 22 22 24 6 
193 3 3 1 1 1 1 5 0 5 0 3 0 0 13 13 4 13 1 2 0 10 254 22 100 50 33 132 48 69 45 24 3 3 3 2 1.32 19 19 19 17 
186 0 0 1 1 1 1 6 0 6 0 1 0 1 7 7 1 7 3 0 0 4 133 13 54 23 21 66 24 37 21 16 3 3 3 2 1.22 9 9 9 7 
191 1 1 1 1 1 1 3 0 3 0 1 0 0 3 3 2 3 3 0 0 0 66 7 16 8 4 43 8 12 8 4 1 1 1 0 2.69 3 3 3 3 
192 3 4 4 4 4 2 15 0 13 1 1 0 1 9 9 6 9 6 1 0 2 299 23 154 55 83 122 77 111 55 56 8 8 10 4 0.79 35 35 40 14 
187 0 0 1 1 1 1 1 0 1 0 1 0 0 3 3 0 3 3 0 0 0 50 5 7 6 0 38 5 6 6 0 1 1 1 0 5.43 3 3 3 3 
194 2 4 3 3 4 2 14 1 12 1 2 0 1 6 6 8 6 6 0 0 0 235 28 95 42 43 112 54 72 38 34 12 12 17 3 1.18 17 17 22 13 
196 6 5 2 2 2 1 6 0 6 0 1 1 1 17 16 5 17 1 1 0 15 302 29 139 52 71 134 75 103 52 51 3 3 6 2 0.96 28 28 31 21 
924 6 4 2 2 2 1 9 0 8 0 3 0 3 21 21 11 21 0 6 0 15 420 51 222 91 105 147 110 158 85 73 8 8 9 5 0.66 40 40 42 29 
197 1 1 2 2 2 1 6 0 6 0 1 0 0 9 9 4 9 1 1 0 7 163 16 70 26 30 77 35 52 25 27 4 4 4 2 1.1 16 16 17 9 
195 4 5 2 2 2 1 9 0 8 0 1 15 5 35 20 14 35 5 2 0 28 862 70 358 179 150 434 139 196 92 104 7 7 7 3 1.21 56 56 60 43 
190 4 5 3 3 3 2 21 0 17 3 1 0 1 24 24 6 24 1 9 0 14 796 58 447 166 300 291 224 288 156 132 23 23 25 8 0.65 71 71 73 38 
184 0 0 1 1 1 1 1 0 1 0 1 0 0 1 1 0 1 1 0 0 0 34 4 5 4 0 25 3 4 4 0 1 1 1 0 5 1 1 1 1 
198 5 4 2 2 2 1 6 0 5 0 1 0 1 10 10 7 10 0 1 0 9 190 22 79 35 31 89 40 56 30 26 5 5 7 3 1.13 16 16 18 10 
188 1 2 2 2 2 1 11 0 10 1 1 0 2 10 10 7 10 7 0 0 3 252 25 128 42 71 99 72 96 43 53 4 4 4 3 0.77 23 23 23 10 
189 4 3 2 2 2 1 11 0 10 0 1 0 1 9 9 4 9 1 0 0 8 236 25 122 57 53 89 58 78 40 38 7 7 7 2 0.73 19 19 19 9 
185 0 0 0 0 0 0 0 0 0 0 1 0 0 0 0 0 0 0 0 0 0 30 2 4 3 0 24 2 3 3 0 0 0 0 0 6 0 0 0 0 
434 4 2 2 2 2 1 5 0 5 0 1 0 0 10 10 0 10 0 0 6 4 156 13 67 27 31 76 34 48 26 22 10 10 10 3 1.13 19 19 19 10 
567 1 2 1 1 1 1 1 0 1 0 1 0 0 1 1 0 1 1 0 0 0 48 5 9 8 0 34 6 7 7 0 1 1 1 0 3.78 1 1 1 1 
432 1 2 1 1 1 1 4 0 4 0 1 0 0 7 7 6 7 0 0 0 7 139 17 46 26 12 76 25 33 21 12 1 1 1 0 1.65 7 7 7 7 
928 8 1 4 4 4 1 23 1 21 1 1 0 0 4 4 4 4 0 1 0 3 199 19 110 45 64 70 70 87 44 43 10 10 10 5 0.64 16 16 16 4 
431 2 2 1 1 1 1 1 0 1 0 1 0 0 12 12 0 12 12 0 0 0 201 15 27 26 0 159 22 23 23 0 1 1 1 0 5.89 12 12 12 12 
509 7 8 3 3 3 1 12 0 11 0 1 0 5 33 33 9 33 0 4 13 16 765 59 431 136 259 275 232 316 123 193 27 27 32 5 0.64 90 90 97 41 
512 9 7 2 2 2 1 12 0 10 0 6 0 5 83 83 37 83 2 1 24 56 1665 176 970 302 599 520 512 702 291 411 22 22 23 5 0.54 187 187 198 101 
508 4 6 2 2 2 1 9 0 9 0 4 0 1 34 34 11 34 2 1 9 22 605 59 378 130 219 168 209 285 127 158 7 7 10 3 0.44 74 74 80 44 
510 0 0 1 1 1 1 1 0 1 0 1 0 0 1 1 0 1 1 0 0 0 35 4 5 4 0 26 3 4 4 0 1 1 1 0 5.2 1 1 1 1 
513 1 4 2 2 2 1 7 0 6 0 1 0 2 14 14 5 14 0 0 1 13 334 33 107 33 60 194 48 72 33 39 5 5 5 2 1.81 22 22 22 14 
515 1 3 2 2 2 1 6 0 6 0 1 0 0 5 5 1 5 0 0 1 4 107 12 40 13 18 55 17 28 13 15 5 5 5 1 1.38 9 9 9 5 
514 1 3 1 1 2 1 4 0 4 0 1 0 0 4 4 1 4 0 0 1 3 76 8 23 8 10 45 9 15 8 7 2 2 3 1 1.96 5 5 6 4 
511 1 3 3 3 3 1 10 0 9 1 1 0 0 1 1 0 1 0 0 0 1 54 4 13 4 5 37 5 9 4 5 3 3 3 1 2.85 3 3 3 1 
516 3 3 2 2 2 1 16 1 12 2 2 0 1 9 9 3 9 0 0 4 5 257 25 142 65 81 90 79 102 60 42 6 6 6 2 0.63 22 22 22 9 
517 1 3 2 2 2 1 9 0 8 0 1 0 2 8 8 1 8 0 0 4 4 178 16 85 29 45 77 42 61 29 32 7 7 7 2 0.91 18 18 19 8 
566 3 2 2 2 2 2 11 0 11 0 1 0 1 4 4 0 4 0 0 2 2 121 9 63 30 30 49 35 46 28 18 3 3 3 4 0.78 8 8 8 6 
499 8 7 11 9 12 7 74 3 64 7 1 0 3 8 8 0 8 0 1 0 7 732 45 548 120 426 146 328 405 114 291 27 22 27 6 0.27 90 75 95 55 
502 2 3 2 2 2 1 7 0 7 0 2 0 1 9 9 7 9 0 0 0 9 202 21 81 30 46 100 45 61 30 31 5 5 6 1 1.23 16 16 17 9 
564 1 3 5 5 6 5 20 0 17 3 1 1 0 2 1 0 2 0 1 0 1 95 6 44 16 23 45 19 27 14 13 9 9 11 4 1.02 10 10 12 9 
563 1 2 3 3 3 1 14 0 13 0 2 0 3 15 15 11 15 0 7 0 8 482 42 230 62 143 210 120 165 57 108 7 7 8 3 0.91 46 46 52 21 
496 1 4 3 3 3 1 14 0 14 0 1 0 0 8 8 6 8 0 0 4 4 220 16 127 46 81 77 61 85 37 48 4 4 4 3 0.61 21 21 21 10 
498 1 3 2 2 2 1 5 0 5 0 1 0 2 4 4 1 4 0 0 0 4 84 10 31 14 13 43 15 23 14 9 3 3 3 2 1.39 7 7 7 4 
505 1 4 3 3 3 1 15 0 15 0 1 0 0 5 5 5 5 0 2 0 3 178 14 92 35 59 72 58 73 34 39 5 5 5 2 0.78 14 14 14 5 
500 7 7 2 2 2 1 10 0 9 1 1 0 3 21 21 6 21 0 0 0 21 464 37 229 87 129 214 148 186 89 97 8 8 8 2 0.93 42 42 42 21 
503 2 3 2 2 2 1 6 0 6 0 1 0 1 4 4 4 4 0 0 0 4 105 12 39 16 20 54 20 29 16 13 3 3 4 2 1.38 8 8 9 4 
507 0 0 1 1 1 1 7 0 7 0 1 0 0 3 3 0 3 0 0 2 1 71 6 25 10 12 40 11 16 7 9 2 2 2 1 1.6 4 4 4 3 
501 3 6 1 1 1 1 4 0 4 0 3 0 1 55 55 22 55 0 1 0 54 738 87 300 114 134 351 152 225 115 110 5 5 6 4 1.17 70 70 75 55 
565 1 3 2 2 2 2 10 0 9 0 1 0 0 4 4 1 4 0 0 3 1 95 8 45 14 25 42 21 30 12 18 3 3 3 3 0.93 7 7 7 6 
506 0 0 1 1 1 1 4 0 4 0 1 0 0 11 11 3 11 0 0 0 11 139 17 59 22 25 63 27 43 22 21 2 2 2 1 1.07 15 15 15 11 
428 5 4 3 3 3 1 17 1 14 1 4 0 4 52 52 32 52 3 0 15 34 1294 142 816 231 525 336 425 575 218 357 11 11 11 6 0.41 143 143 145 60 
429 0 0 2 2 2 1 12 0 8 3 1 0 1 4 4 1 4 0 0 1 3 143 13 45 15 23 85 25 34 15 19 5 5 5 2 1.89 8 8 8 4 
430 0 0 1 1 1 1 3 0 3 0 1 0 0 3 3 1 3 0 0 1 2 80 9 20 13 5 51 12 16 13 3 1 1 1 0 2.55 3 3 3 3 
927 1 1 1 1 2 1 6 0 5 0 1 0 1 4 4 1 4 0 0 1 3 104 8 28 9 15 68 15 21 9 12 2 2 3 1 2.43 5 5 6 4 
426 2 2 4 4 4 1 24 1 18 3 2 0 2 11 11 4 11 0 0 3 8 431 38 239 91 148 154 131 172 83 89 8 8 10 5 0.64 39 39 41 11 
427 1 2 1 1 1 1 3 0 3 0 1 0 0 9 9 4 9 0 0 1 8 186 16 38 19 9 132 18 28 19 9 1 1 1 0 3.47 9 9 9 9 
439 5 4 3 3 3 1 15 1 12 2 1 1 6 27 26 9 27 0 0 7 20 597 72 389 135 238 156 226 301 133 168 6 6 6 4 0.4 69 69 70 29 
433 5 2 3 3 3 1 19 1 17 1 1 4 4 19 15 4 19 0 4 6 9 516 52 370 124 237 94 203 274 120 154 8 8 8 4 0.25 64 64 65 23 
435 2 2 1 1 1 1 1 0 1 0 1 0 0 4 4 0 4 4 0 0 0 72 6 9 8 0 57 7 8 8 0 1 1 1 0 6.33 4 4 4 4 
437 3 3 2 2 2 1 9 0 8 1 1 0 0 6 6 1 6 0 0 0 6 122 10 61 23 32 51 37 49 23 26 4 4 5 2 0.84 10 10 11 8 
438 1 2 1 1 1 1 1 0 1 0 1 0 0 1 1 0 1 1 0 0 0 35 2 5 4 0 28 3 4 4 0 1 1 1 0 5.6 1 1 1 1 
436 6 4 4 4 4 1 38 1 28 12 1 6 2 6 0 0 6 0 0 0 6 359 18 203 85 127 163 144 168 82 86 6 6 6 4 0.8 24 24 24 6 
440 5 4 5 5 5 1 30 2 25 3 1 0 25 24 24 6 24 0 7 6 11 952 90 681 231 478 181 392 507 224 283 12 12 12 8 0.27 108 108 109 30 
285 2 4 1 1 1 1 3 0 3 0 1 0 1 11 11 4 11 0 0 1 10 174 21 54 25 19 99 26 39 24 15 3 3 3 1 1.83 13 13 13 11 
219 1 2 1 1 1 1 1 0 1 0 1 0 0 3 3 0 3 0 0 0 3 83 6 25 24 0 52 11 12 12 0 1 1 1 0 2.08 3 3 3 3 
221 1 2 1 1 1 1 1 0 1 0 1 0 0 2 2 0 2 2 0 0 0 54 5 10 9 0 39 7 8 8 0 1 1 1 0 3.9 2 2 2 2 
715 2 2 1 1 1 1 6 0 6 0 2 1 3 5 4 1 5 0 0 1 4 136 13 61 33 27 62 27 33 25 8 2 2 2 1 1.02 6 6 6 5 
222 1 2 3 3 3 1 12 0 11 0 2 0 2 7 7 5 7 0 2 0 5 182 18 110 45 57 54 66 89 49 40 7 7 7 4 0.49 19 19 20 7 
218 3 3 1 1 1 1 1 0 1 0 1 0 0 9 9 0 9 9 0 0 0 135 14 30 29 0 91 20 21 21 0 1 1 1 0 3.03 9 9 9 9 
220 1 2 1 1 1 1 4 0 4 0 1 0 0 12 12 10 12 0 0 0 12 222 24 76 40 23 122 43 56 33 23 1 1 1 0 1.61 12 12 12 12 
355 5 4 2 2 2 1 8 0 8 0 1 0 3 14 14 9 14 0 0 3 11 316 35 157 79 67 124 86 109 56 53 3 3 3 2 0.79 22 22 22 14 
217 11 4 1 1 1 1 5 0 5 0 2 0 2 8 8 4 8 1 1 1 5 157 19 64 36 20 74 36 46 32 14 2 2 2 1 1.16 9 9 9 8 
794 3 2 1 1 1 1 8 0 7 0 1 0 0 8 8 1 8 0 1 0 7 158 16 79 37 32 64 43 53 23 30 2 2 2 1 0.81 9 9 9 8 
302 1 2 1 1 1 1 1 0 1 0 1 0 0 2 2 0 2 2 0 0 0 65 5 9 8 0 51 6 7 7 0 1 1 1 0 5.67 2 2 2 2 
591 4 2 2 2 2 2 15 0 13 0 2 0 1 15 15 4 15 0 2 2 11 308 24 202 70 122 82 112 150 76 74 9 9 9 5 0.41 36 36 37 23 
242 2 2 3 3 3 1 12 0 11 0 4 0 3 28 28 14 28 10 4 7 7 623 50 347 93 211 226 172 252 90 162 9 9 9 4 0.65 78 78 80 39 
888 1 2 2 2 2 1 7 0 6 1 1 0 0 3 3 1 3 0 0 0 3 72 9 29 14 9 34 13 19 12 7 2 2 2 1 1.17 5 5 5 3 
799 0 0 2 2 2 2 4 0 4 0 1 0 0 3 3 0 3 0 0 0 3 64 5 16 6 4 43 4 10 6 4 3 3 3 2 2.69 5 5 5 5 
586 2 1 1 1 1 1 4 0 4 0 1 0 0 7 7 7 7 0 0 2 5 165 18 52 32 15 95 31 39 28 11 2 2 2 1 1.83 8 8 8 7 
540 0 0 2 2 2 1 8 0 8 0 1 0 0 3 3 1 3 0 0 1 2 87 10 34 17 16 43 24 30 18 12 4 4 4 2 1.26 6 6 6 3 
573 0 0 1 1 1 1 1 0 1 0 1 0 0 3 3 0 3 2 0 0 1 72 6 13 12 0 53 8 9 9 0 1 1 1 0 4.08 3 3 3 3 
598 4 3 3 3 3 2 14 0 13 0 4 1 0 15 14 9 15 7 4 1 3 474 34 250 106 127 190 142 193 102 91 6 6 7 4 0.76 48 48 52 28 
256 2 2 3 3 4 2 19 0 17 1 6 1 2 16 15 13 16 3 3 1 9 536 45 304 92 181 187 140 206 86 120 11 11 12 7 0.62 55 55 58 33 
581 2 3 2 2 3 2 10 0 9 0 2 0 0 12 12 7 12 2 1 1 8 270 28 136 53 73 110 75 106 52 54 6 6 7 4 0.81 27 27 30 22 
457 2 2 2 2 2 1 11 1 9 1 5 0 0 13 13 5 13 4 1 3 5 208 35 130 45 76 43 68 93 51 42 9 9 9 0 0.33 23 23 23 16 
284 5 5 2 2 2 1 9 0 8 0 8 0 2 37 37 18 37 6 3 5 23 726 73 380 146 190 273 187 263 134 129 12 12 16 6 0.72 74 74 82 52 
798 1 1 3 3 3 2 10 0 9 0 1 0 0 4 4 3 4 0 1 0 3 108 10 49 17 24 49 23 34 16 18 4 4 4 2 1 10 10 10 6 
810 0 0 1 1 1 1 1 0 1 0 1 0 0 3 3 0 3 3 0 0 0 47 5 7 6 0 35 5 6 6 0 1 1 1 0 5 3 3 3 3 
252 0 0 1 1 1 1 3 0 3 0 1 0 0 3 3 1 3 2 0 1 0 68 9 19 10 5 40 11 15 10 5 1 1 1 0 2.11 3 3 3 3 
858 1 1 2 2 2 1 3 0 3 0 1 1 2 3 2 1 3 0 1 0 2 43 7 16 9 6 20 8 12 9 3 3 3 3 0 1.25 6 6 6 3 
236 4 2 3 3 3 1 11 0 10 0 5 1 1 18 17 5 18 5 5 0 8 390 34 226 72 130 130 120 170 77 93 13 13 16 4 0.58 47 47 51 23 
235 1 1 1 1 1 1 2 0 2 0 1 0 0 4 4 2 4 3 0 0 1 62 9 16 10 3 37 10 13 10 3 1 1 1 0 2.31 4 4 4 4 
265 0 0 2 2 2 1 7 1 5 0 1 4 4 5 1 2 5 0 1 0 4 121 21 46 18 24 54 23 34 17 17 5 5 5 2 1.17 9 9 9 5 
590 0 0 1 1 1 1 8 0 8 0 1 0 0 1 1 0 1 0 0 1 0 46 4 13 8 3 29 4 6 5 1 1 1 1 0 2.23 1 1 1 1 
546 2 2 4 4 4 2 18 0 16 0 5 2 8 19 17 5 19 0 0 4 15 500 42 361 132 202 98 186 251 96 155 35 35 39 5 0.27 69 69 73 42 
804 0 0 1 1 1 1 4 0 4 0 1 0 0 3 3 2 3 0 0 0 3 67 7 22 10 7 38 11 16 10 6 2 2 2 1 1.73 4 4 4 3 
552 0 0 1 1 1 1 8 0 8 0 1 0 0 1 1 0 1 0 0 1 0 48 4 13 9 2 31 4 6 5 1 1 1 1 0 2.38 1 1 1 1 
277 2 1 2 2 2 1 6 0 5 0 5 0 0 21 21 12 21 1 2 2 16 349 41 152 58 65 156 81 116 62 54 10 10 10 3 1.03 32 32 32 24 
282 1 2 2 2 2 1 10 0 9 0 5 0 1 32 32 14 32 3 5 2 22 618 65 311 93 174 243 157 225 100 125 11 11 13 3 0.78 67 67 74 47 
255 2 2 1 1 1 1 4 0 4 0 5 4 2 25 21 5 25 22 0 0 3 362 40 132 46 59 190 63 97 48 49 5 5 5 2 1.44 33 33 33 25 
246 2 2 4 4 4 1 17 0 16 1 2 1 4 5 4 6 5 4 1 0 0 198 19 99 31 59 80 56 78 33 45 7 7 8 3 0.81 18 18 19 5 
856 1 1 3 3 3 2 24 0 20 3 3 0 1 10 10 4 10 1 1 0 8 274 26 156 46 95 93 89 120 47 73 14 14 15 3 0.6 31 31 32 21 
262 0 0 3 3 3 2 14 0 11 2 1 2 2 3 1 0 3 0 1 0 2 76 7 40 14 26 29 20 29 13 16 4 4 4 2 0.72 8 8 8 5 
580 0 0 3 3 3 2 11 0 10 0 4 0 0 9 9 5 9 1 2 0 6 202 18 107 32 62 77 59 81 35 46 11 11 11 3 0.72 23 23 23 14 
908 0 0 1 1 1 1 2 0 2 0 1 0 1 9 9 0 9 0 1 0 8 64 12 30 15 6 22 10 20 15 5 1 1 1 0 0.73 9 9 9 9 
544 1 3 1 1 1 1 1 0 1 0 1 0 0 2 2 1 2 2 0 0 0 61 7 13 12 2 41 9 10 10 0 1 1 1 0 3.15 2 2 2 2 
260 1 2 1 1 1 1 2 0 2 0 1 3 14 4 1 0 4 0 1 0 3 150 19 28 20 17 103 18 23 20 3 1 1 1 0 3.68 4 4 4 4 
714 0 0 2 2 2 2 6 0 6 0 3 0 2 3 3 0 3 0 1 0 2 66 5 27 9 14 34 10 17 9 8 3 3 3 1 1.26 6 6 6 5 
451 1 3 2 2 2 1 14 0 13 0 1 0 1 5 5 4 5 0 2 0 3 188 17 89 38 50 82 56 71 38 33 4 4 4 3 0.92 12 12 12 5 
857 3 1 2 2 2 1 14 0 13 0 2 0 1 3 3 2 3 0 0 0 3 89 10 40 18 15 39 19 25 15 10 4 4 5 3 0.97 6 6 7 3 
802 0 0 1 1 1 1 3 0 3 0 1 0 0 6 6 1 6 0 0 0 6 79 10 24 11 6 45 10 17 11 6 1 1 1 0 1.88 6 6 6 6 
821 1 1 1 1 1 1 3 0 3 0 1 0 0 5 5 1 5 0 0 0 5 69 8 20 9 5 41 8 14 9 5 1 1 1 0 2.05 5 5 5 5 
587 0 0 1 1 1 1 4 0 4 0 1 0 1 6 6 2 6 6 0 0 0 109 11 37 14 16 61 17 26 14 12 3 3 3 2 1.65 8 8 8 8 
245 0 0 1 1 1 1 1 0 1 0 1 0 0 1 1 0 1 1 0 0 0 44 3 5 4 0 36 3 4 4 0 1 1 1 0 7.2 1 1 1 1 
592 0 0 1 1 1 1 1 0 1 0 1 0 0 1 1 0 1 1 0 0 0 37 4 5 4 0 28 3 4 4 0 1 1 1 0 5.6 1 1 1 1 
582 0 0 1 1 2 1 4 0 4 0 1 1 3 5 4 1 5 0 1 0 4 115 12 32 15 15 71 15 23 14 9 3 3 4 1 2.22 7 7 8 7 
238 1 1 1 1 1 1 6 0 6 0 1 0 0 12 12 5 12 12 0 0 0 214 21 95 37 48 98 57 77 39 38 4 4 4 2 1.03 17 17 17 12 
248 0 0 1 1 1 1 1 0 1 0 1 0 0 1 1 0 1 1 0 0 0 35 4 5 4 0 26 3 4 4 0 1 1 1 0 5.2 1 1 1 1 
247 1 1 3 3 3 1 15 0 12 2 4 0 2 16 16 16 16 9 0 0 7 499 58 245 70 151 196 142 191 75 116 13 13 13 5 0.8 46 46 48 22 
800 1 1 2 2 2 1 11 0 10 0 4 1 1 11 10 0 11 1 0 0 10 211 22 144 52 79 45 70 100 48 52 5 5 5 3 0.31 21 21 21 15 
584 0 0 1 1 1 1 1 0 1 0 1 0 0 8 8 1 8 8 0 0 0 124 12 17 16 1 95 15 16 16 0 1 1 1 0 5.59 8 8 8 8 
594 1 1 3 3 3 3 11 0 11 0 1 0 1 1 1 1 1 0 0 0 1 68 6 36 17 17 29 19 23 15 8 3 3 3 2 0.81 3 3 3 3 
595 2 4 3 3 3 2 16 0 14 0 7 1 6 35 34 22 35 7 9 0 19 991 87 576 210 346 328 303 420 204 216 16 16 18 9 0.57 114 114 118 54 
541 5 2 2 2 2 1 12 0 11 0 1 0 1 8 8 3 8 3 1 0 4 216 18 114 42 67 84 63 85 42 43 6 6 6 3 0.74 19 19 19 8 
542 1 1 2 2 2 1 9 0 8 0 1 0 5 6 6 2 6 1 1 0 4 164 17 72 32 37 75 36 52 31 21 6 6 6 5 1.04 14 14 14 6 
583 0 0 2 2 2 2 5 0 5 0 1 0 0 3 3 2 3 0 0 2 1 77 10 24 12 8 43 12 18 12 6 3 3 3 2 1.79 5 5 5 5 
819 1 2 1 1 1 1 4 0 4 0 1 0 0 7 7 2 7 0 0 1 6 118 15 40 17 13 63 18 28 15 13 3 3 3 1 1.58 9 9 9 7 
813 1 1 2 2 2 1 7 0 7 0 1 0 0 6 6 3 6 0 0 0 6 141 13 59 30 20 69 27 37 21 16 4 4 4 2 1.17 9 9 9 6 
801 0 0 1 1 1 1 1 0 1 0 1 0 0 1 1 0 1 0 0 0 1 54 4 11 10 0 39 6 7 7 0 1 1 1 0 3.55 1 1 1 1 
882 1 1 4 4 4 1 17 0 16 0 1 0 0 7 7 1 7 0 1 4 2 205 12 127 29 79 66 62 92 26 66 10 10 11 3 0.52 29 29 31 7 
887 0 0 1 1 1 1 3 0 3 0 2 0 2 9 9 1 9 0 0 2 7 106 16 46 25 12 44 23 34 24 10 1 1 1 0 0.96 9 9 9 9 
547 1 2 5 5 5 2 19 1 18 0 1 0 1 3 3 3 3 0 0 0 3 198 15 81 34 44 103 46 59 31 28 9 9 9 3 1.27 15 15 15 6 
907 3 2 1 1 1 1 11 0 11 0 1 0 0 2 2 6 2 0 0 0 2 100 11 39 27 11 50 23 26 19 7 1 1 1 0 1.28 2 2 2 2 
717 0 0 2 2 2 1 6 0 6 0 1 0 2 7 7 2 7 0 0 0 7 145 14 63 27 28 68 30 42 24 18 4 4 4 3 1.08 13 13 13 7 
816 0 0 1 1 1 1 4 0 4 0 1 0 0 4 4 2 4 0 0 0 4 76 9 26 13 7 41 13 19 13 6 2 2 2 1 1.58 5 5 5 4 
795 0 0 2 2 2 1 7 0 7 0 1 2 0 3 1 0 3 0 2 0 1 72 5 27 10 11 40 11 17 8 9 2 2 2 1 1.48 5 5 5 3 
271 0 0 3 3 3 2 16 0 11 4 1 2 1 3 1 0 3 0 1 0 2 76 7 39 11 24 30 18 27 10 17 4 4 4 2 0.77 8 8 8 5 
275 9 5 8 7 9 2 44 1 38 5 2 1 1 19 18 11 19 0 4 0 15 1067 64 786 215 557 226 445 570 212 358 62 41 69 5 0.29 157 131 175 36 
912 0 0 1 1 1 1 1 0 1 0 1 0 0 5 5 0 5 0 0 0 5 78 8 15 14 0 55 13 14 14 0 1 1 1 0 3.67 5 5 5 5 
884 4 2 3 3 3 1 17 0 15 1 2 0 0 8 8 8 8 0 0 0 8 255 22 155 75 82 78 93 112 69 43 9 9 10 4 0.5 20 20 21 10 
814 3 2 2 2 2 1 6 0 5 0 1 0 0 5 5 2 5 0 0 0 5 91 10 41 22 13 40 20 29 19 10 3 3 3 2 0.98 8 8 8 7 
803 0 0 3 3 3 3 14 0 14 0 1 0 0 1 1 0 1 0 0 0 1 50 4 23 11 8 23 8 12 7 5 3 3 3 2 1 3 3 3 3 
274 0 0 1 1 1 1 3 0 3 0 1 0 0 4 4 1 4 1 0 1 2 72 8 22 11 5 42 10 16 11 5 2 2 2 1 1.91 5 5 5 4 
257 1 3 2 2 2 1 9 0 8 0 1 0 0 8 8 5 8 1 1 0 6 180 19 87 33 44 74 47 63 32 31 5 5 7 4 0.85 13 13 15 8 
268 0 0 1 1 1 1 3 0 3 0 1 0 0 7 7 5 7 1 0 1 5 117 15 42 21 13 65 25 33 21 12 1 1 1 0 1.55 7 7 7 7 
599 0 0 2 2 2 1 7 0 7 0 3 0 10 42 42 13 42 2 5 1 34 876 93 354 153 195 445 204 279 159 120 8 8 10 4 1.26 74 74 82 57 
885 1 1 1 1 1 1 1 0 1 0 1 0 0 1 1 0 1 0 0 0 1 42 4 9 8 0 29 4 5 5 0 1 1 1 0 3.22 1 1 1 1 
909 1 1 1 1 1 1 4 0 4 0 1 1 0 3 2 2 3 0 1 0 2 72 8 22 14 4 42 11 15 11 4 1 1 1 0 1.91 3 3 3 3 
808 0 0 1 1 1 1 1 0 1 0 1 0 0 2 2 0 2 2 0 0 0 44 5 7 6 0 32 5 6 6 0 1 1 1 0 4.57 2 2 2 2 
883 3 1 1 1 1 1 9 0 8 0 1 0 0 3 3 1 3 0 0 2 1 76 8 37 26 7 31 14 18 13 5 2 2 2 0 0.84 4 4 4 3 
237 12 3 2 2 2 1 12 0 10 1 11 9 23 80 71 32 80 44 13 0 23 2001 196 954 271 582 851 512 711 273 438 13 13 13 4 0.89 186 186 189 94 
543 1 2 1 1 1 1 1 0 1 0 1 0 0 3 3 0 3 3 0 0 0 56 6 9 8 0 41 7 8 8 0 1 1 1 0 4.56 3 3 3 3 
555 0 0 2 2 2 2 9 0 8 1 1 0 0 7 7 4 7 1 1 0 5 153 16 69 22 39 72 33 50 22 28 5 5 6 3 1.04 16 16 17 14 
456 0 0 2 2 2 1 6 0 6 0 1 0 0 3 3 1 3 1 0 0 2 69 8 26 9 12 35 10 16 9 7 2 2 2 1 1.35 5 5 5 3 
593 2 3 1 1 1 1 4 0 4 0 2 1 3 5 4 1 5 0 1 0 4 114 14 47 31 14 53 30 38 31 7 2 2 2 1 1.13 6 6 6 5 
815 0 0 1 1 1 1 7 0 6 0 1 0 0 5 5 3 5 0 0 0 5 108 11 48 22 19 49 24 32 20 12 3 3 3 2 1.02 7 7 7 7 
812 0 0 3 3 3 1 10 0 10 0 1 0 0 8 8 5 8 0 5 0 3 191 17 102 34 54 72 52 70 29 41 5 5 6 2 0.71 22 22 25 8 
239 0 0 1 1 1 1 1 0 1 0 1 0 0 2 2 0 2 2 0 0 0 49 4 9 8 0 36 7 8 8 0 1 1 1 0 4 2 2 2 2 
258 11 5 3 3 3 1 13 0 12 0 1 0 2 35 35 9 35 0 4 26 5 911 62 472 150 285 377 203 287 126 161 22 14 24 3 0.8 97 89 100 41 
263 0 0 2 2 2 1 7 0 6 0 1 0 1 10 10 6 10 1 0 2 7 199 21 87 33 42 91 46 64 31 33 3 3 4 2 1.05 17 17 18 10 
807 1 1 2 2 2 1 8 0 7 0 2 0 0 8 8 4 8 1 1 0 6 174 16 80 32 35 78 37 56 30 26 7 7 7 4 0.97 17 17 17 8 
267 0 0 1 1 2 1 4 0 4 0 3 0 0 18 18 6 18 3 0 1 14 243 30 106 38 43 107 46 74 38 36 6 6 8 2 1.01 26 26 29 18 
455 0 0 2 2 2 2 7 0 7 0 1 0 0 8 8 3 8 2 0 0 6 146 14 63 22 35 69 34 51 24 27 4 4 4 2 1.1 16 16 16 13 
458 2 1 2 2 2 1 7 0 7 0 4 0 1 20 20 13 20 1 2 2 15 367 44 162 63 73 161 84 120 63 57 7 7 7 4 0.99 33 33 33 20 
549 1 1 1 1 1 1 4 0 4 0 2 1 1 8 7 3 8 4 2 0 2 136 15 44 19 17 77 20 32 19 13 2 2 3 1 1.75 10 10 11 8 
249 1 2 2 2 2 1 8 0 8 0 1 0 0 8 8 2 8 8 0 0 0 172 13 78 36 37 81 42 57 32 25 3 3 3 4 1.04 12 12 13 8 
545 1 2 2 2 2 1 10 0 10 0 2 0 1 5 5 3 5 0 0 0 5 132 13 63 28 29 56 36 44 24 20 3 3 3 2 0.89 8 8 8 5 
597 1 2 3 3 3 1 14 0 14 0 1 2 3 5 3 4 5 0 3 0 2 186 16 91 33 54 79 54 70 32 38 4 4 4 2 0.87 14 14 14 5 
811 0 0 1 1 1 1 3 0 3 0 1 1 0 4 3 1 4 0 0 0 4 64 6 16 7 4 42 6 11 7 4 1 1 1 0 2.63 4 4 4 4 
251 0 0 1 1 1 1 1 0 1 0 1 0 0 1 1 0 1 1 0 0 0 34 3 5 4 0 26 3 4 4 0 1 1 1 0 5.2 1 1 1 1 
820 0 0 1 1 1 1 4 0 4 0 1 0 0 6 6 2 6 0 0 0 6 89 11 31 13 11 47 14 22 13 9 2 2 2 1 1.52 7 7 7 6 
797 2 2 1 1 1 1 5 0 5 0 3 0 0 18 18 5 18 0 0 2 16 259 31 119 54 44 109 55 83 50 33 3 3 3 4 0.92 24 24 24 20 
250 2 5 3 3 3 1 16 1 13 1 2 0 2 6 6 1 6 0 0 1 5 198 20 109 54 52 69 65 81 51 30 7 7 8 2 0.63 15 15 16 6 
796 4 2 2 2 2 1 14 1 12 0 2 0 0 5 5 1 5 0 1 0 4 153 15 82 41 41 56 46 57 37 20 5 5 5 2 0.68 10 10 10 5 
281 8 4 3 3 3 2 12 0 11 1 2 0 1 20 20 20 20 0 5 3 12 548 54 272 90 146 222 132 185 75 110 8 8 9 4 0.82 53 53 58 31 
279 1 3 2 2 3 1 10 0 8 0 3 0 0 23 23 10 23 2 3 2 16 488 51 243 78 141 194 131 179 77 102 16 16 24 9 0.8 54 54 65 33 
452 0 0 1 1 1 1 4 0 4 0 1 0 0 4 4 2 4 1 0 2 1 60 9 26 13 9 25 14 20 13 7 2 2 2 1 0.96 5 5 5 4 
254 0 0 1 1 1 1 4 0 4 0 3 0 0 24 24 3 24 3 0 3 18 321 36 117 44 44 168 52 85 42 43 3 3 3 2 1.44 30 30 33 24 
269 3 1 7 6 8 4 31 2 24 5 1 1 1 3 2 3 3 1 2 0 0 175 16 88 25 56 71 53 72 30 42 19 16 20 3 0.81 22 19 23 13 
243 1 1 2 2 2 1 6 0 6 0 4 0 2 12 12 4 12 8 2 0 2 221 21 99 40 45 101 50 72 41 31 6 6 6 3 1.02 20 20 20 12 
809 0 0 1 1 1 1 3 0 3 0 1 0 0 5 5 1 5 2 0 1 2 71 11 26 13 7 34 10 17 11 6 2 2 2 1 1.31 6 6 6 5 
817 0 0 1 1 1 1 1 0 1 0 1 0 0 1 1 0 1 0 0 0 1 35 3 5 4 0 27 3 4 4 0 1 1 1 0 5.4 1 1 1 1 
272 4 3 2 2 2 2 9 0 9 0 2 0 5 28 28 14 28 2 11 0 15 723 53 324 118 175 346 163 231 108 123 12 12 12 5 1.07 66 66 68 45 
450 2 2 2 2 2 1 6 0 6 0 1 0 0 6 6 3 6 0 0 0 6 122 12 52 18 25 58 26 37 18 19 3 3 3 3 1.12 9 9 9 8 
264 0 0 1 1 1 1 1 0 1 0 1 0 0 1 1 0 1 1 0 0 0 34 3 5 4 0 26 3 4 4 0 1 1 1 0 5.2 1 1 1 1 
911 1 2 1 1 1 1 3 0 3 0 1 0 0 2 2 0 2 0 0 0 2 42 5 14 9 2 23 6 9 7 2 1 1 1 0 1.64 2 2 2 2 
240 19 4 2 2 2 1 9 0 8 0 7 0 15 115 115 45 115 0 2 18 95 2159 199 1131 398 668 833 547 769 367 402 14 14 15 8 0.74 218 218 223 141 
270 2 4 3 3 3 1 14 0 13 0 3 0 2 12 12 7 12 3 4 0 5 319 31 190 64 111 98 97 135 59 76 12 12 13 7 0.52 37 34 41 16 
261 4 3 2 2 2 2 10 0 10 0 5 1 0 14 13 9 14 0 1 2 11 342 34 185 87 89 123 100 135 77 58 5 5 6 3 0.66 30 30 31 25 
253 0 0 1 1 1 1 3 0 3 0 1 0 0 5 5 0 5 1 0 0 4 87 8 22 11 5 57 10 16 11 5 1 1 1 0 2.59 5 5 5 5 
596 0 0 2 2 2 1 9 0 9 0 1 0 0 3 3 2 3 0 0 0 3 80 8 39 17 18 33 23 30 17 13 3 3 3 2 0.85 5 5 5 3 
553 2 3 4 4 5 1 18 0 17 0 1 0 0 2 2 1 2 0 0 0 2 90 6 51 26 24 33 32 41 26 15 7 7 8 4 0.65 8 8 9 2 
889 3 2 1 1 1 1 9 0 8 0 1 0 0 3 3 1 3 0 0 2 1 76 8 38 27 7 30 15 19 14 5 2 2 2 0 0.79 4 4 4 3 
280 0 0 1 1 1 1 3 0 3 0 1 0 0 9 9 2 9 1 0 0 8 112 14 43 18 16 55 21 32 18 14 2 2 3 1 1.28 10 10 11 9 
818 0 0 1 1 1 1 6 0 6 0 1 0 0 3 3 2 3 0 0 0 3 79 8 29 11 13 42 19 24 11 13 2 2 2 1 1.45 4 4 4 3 
910 4 2 2 2 2 1 9 0 8 0 1 0 3 5 5 8 5 0 1 0 4 168 20 68 38 31 80 47 56 35 21 3 3 3 1 1.18 8 8 8 5 
571 0 0 1 1 1 1 1 0 1 0 1 0 0 3 3 0 3 3 0 0 0 59 7 9 8 0 43 7 8 8 0 1 1 1 0 4.78 3 3 3 3 
570 0 0 2 2 2 1 5 0 5 0 1 0 0 2 2 2 2 1 0 0 1 65 7 18 8 6 40 9 13 8 5 2 2 2 1 2.22 3 3 3 2 
585 0 0 1 1 1 1 1 0 1 0 1 0 0 2 2 0 2 2 0 0 0 52 6 7 6 0 39 5 6 6 0 1 1 1 0 5.57 2 2 2 2 
886 1 1 3 3 3 1 11 0 9 0 3 0 2 12 12 9 12 0 0 0 12 281 33 150 52 80 98 77 110 52 58 15 15 15 4 0.65 31 31 32 16 
550 1 2 3 3 3 2 13 0 12 0 1 0 0 3 3 1 3 0 0 0 3 120 11 51 25 24 58 30 39 24 15 4 4 4 3 1.14 8 8 8 7 
551 2 2 3 3 3 1 16 0 14 1 3 0 2 8 8 4 8 1 1 0 6 236 21 123 41 68 92 64 87 40 47 6 6 6 2 0.75 22 22 22 11 
554 1 2 3 3 4 2 15 0 11 2 1 0 1 4 4 5 4 1 0 0 3 149 16 61 17 32 72 29 43 17 26 5 5 5 3 1.18 13 13 14 6 
556 1 3 2 2 2 1 8 0 8 0 2 0 0 5 5 2 5 0 0 0 5 127 11 57 28 26 59 34 43 27 16 4 4 4 2 1.04 8 8 8 7 
266 1 2 1 1 1 1 3 0 3 0 1 0 0 1 1 0 1 0 0 0 1 36 4 7 4 1 25 3 5 4 1 1 1 1 0 3.57 1 1 1 1 
453 0 0 0 0 0 0 0 0 0 0 1 0 0 0 0 3 0 0 0 0 0 39 5 6 5 3 28 4 5 5 0 0 0 0 0 4.67 0 0 0 0 
572 0 0 1 1 1 1 1 0 1 0 1 0 0 1 1 0 1 1 0 0 0 36 3 4 3 0 29 2 3 3 0 1 1 1 0 7.25 1 1 1 1 
548 7 4 5 3 5 2 17 0 16 0 1 11 1 11 0 0 11 0 0 0 11 348 16 204 42 141 128 94 129 43 86 10 8 10 5 0.63 59 36 60 20 
241 0 0 2 2 2 1 6 0 6 0 1 0 1 9 9 3 9 6 1 2 0 175 16 70 28 33 89 38 53 27 26 4 4 4 2 1.27 14 14 14 9 
822 0 0 1 1 1 1 8 0 8 0 1 0 0 1 1 0 1 0 0 1 0 52 4 13 8 3 35 4 6 5 1 1 1 1 0 2.69 1 1 1 1 
805 1 2 3 3 3 2 15 0 14 0 3 4 1 14 10 5 14 0 2 3 9 356 27 230 84 124 101 114 160 65 95 17 17 19 4 0.44 43 43 46 29 
806 0 0 1 1 1 1 8 0 8 0 1 0 0 1 1 0 1 0 0 1 0 54 4 13 9 2 37 4 6 5 1 1 1 1 0 2.85 1 1 1 1 
278 1 2 1 1 1 1 5 0 5 0 4 0 1 22 22 11 22 1 1 3 17 372 40 160 64 71 172 85 120 64 56 5 5 5 4 1.08 30 30 30 25 
259 1 2 3 3 4 1 16 1 13 1 2 0 0 10 10 9 10 0 1 2 7 305 36 164 57 94 105 84 115 51 64 14 14 17 6 0.64 32 32 38 12 
880 0 0 1 1 2 1 5 0 5 0 1 0 0 2 2 2 2 0 0 0 2 60 7 19 12 4 34 9 12 9 3 1 1 2 0 1.79 2 2 3 2 
879 1 2 2 2 2 2 10 0 10 0 1 0 0 2 2 0 2 0 0 0 2 67 6 32 19 10 29 17 22 15 7 3 3 3 1 0.91 4 4 4 4 
864 3 2 4 3 4 2 16 0 16 0 1 0 0 3 3 3 3 0 0 1 2 121 10 63 26 31 48 32 41 20 21 7 5 7 3 0.76 13 8 13 7 
862 0 0 1 1 1 1 1 0 1 0 1 0 0 1 1 0 1 0 0 0 1 42 4 9 8 0 29 5 6 6 0 1 1 1 0 3.22 1 1 1 1 
865 8 4 2 1 2 1 6 0 5 0 2 1 0 30 29 4 30 1 1 0 28 342 42 228 111 92 72 107 147 94 53 9 4 9 2 0.32 45 39 45 35 
860 2 2 4 4 4 4 15 0 15 0 1 0 0 2 2 0 2 0 0 0 2 78 6 42 22 17 30 23 29 18 11 6 6 6 3 0.71 7 7 7 7 
874 1 1 1 1 1 1 1 0 1 0 1 0 1 1 1 0 1 0 0 0 1 47 6 9 8 1 32 6 7 7 0 1 1 1 0 3.56 1 1 1 1 
876 0 0 1 1 1 1 1 0 1 0 1 0 0 4 4 0 4 0 0 0 4 57 7 13 12 0 37 11 12 12 0 1 1 1 0 2.85 4 4 4 4 
871 0 0 1 1 1 1 6 0 6 0 1 0 0 1 1 0 1 0 0 0 1 44 4 13 10 1 27 6 8 7 1 1 1 1 0 2.08 1 1 1 1 
859 1 2 2 2 2 2 7 0 7 0 1 0 0 2 2 2 2 0 0 1 1 71 7 24 11 9 40 13 18 11 7 3 3 3 2 1.67 4 4 4 4 
873 3 2 3 3 3 2 11 0 11 0 1 0 0 2 2 1 2 0 0 0 2 72 7 35 18 15 30 22 28 18 10 4 4 4 3 0.86 5 5 5 4 
872 2 2 1 1 1 1 4 0 4 0 1 0 0 2 2 1 2 0 0 1 1 59 7 18 12 3 34 10 13 10 3 1 1 1 0 1.89 2 2 2 2 
877 1 1 2 2 2 1 8 0 8 0 1 0 0 2 2 1 2 0 0 0 2 64 7 27 14 10 30 17 22 14 8 3 3 3 2 1.11 4 4 4 2 
861 1 1 2 2 2 1 11 0 11 0 1 0 0 1 1 0 1 0 0 0 1 54 5 21 13 7 28 12 15 12 3 2 2 2 1 1.33 2 2 2 1 
866 2 1 2 2 2 1 10 0 10 0 1 0 0 1 1 0 1 0 0 0 1 52 5 19 12 6 28 11 14 11 3 2 2 2 1 1.47 2 2 2 1 
863 0 0 1 1 1 1 4 0 4 0 1 0 0 2 2 1 2 0 0 0 2 53 6 16 11 2 31 7 10 8 2 1 1 1 0 1.94 2 2 2 2 
881 0 0 1 1 2 1 5 0 5 0 1 0 0 2 2 2 2 0 0 0 2 60 7 19 12 4 34 9 12 9 3 1 1 2 0 1.79 2 2 3 2 
870 0 0 1 1 1 1 6 0 6 0 1 0 0 1 1 0 1 0 0 0 1 46 4 13 10 1 29 6 8 7 1 1 1 1 0 2.23 1 1 1 1 
867 2 2 3 3 3 2 11 0 11 0 1 0 0 4 4 1 4 0 0 0 4 123 9 66 32 29 48 34 44 27 17 4 4 4 3 0.73 11 11 11 7 
869 1 1 2 2 2 1 11 0 10 0 1 0 0 4 4 3 4 0 2 0 2 133 14 62 34 23 57 36 45 28 17 4 4 4 3 0.92 7 7 8 4 
875 0 0 2 2 2 1 7 0 7 0 1 0 0 2 2 0 2 0 0 0 2 55 5 22 13 6 28 10 14 10 4 2 2 2 1 1.27 3 3 3 2 
868 0 0 1 1 1 1 4 0 4 0 1 0 0 3 3 2 3 0 0 2 1 69 8 21 10 7 40 10 15 10 5 2 2 2 1 1.9 4 4 4 3 
878 1 1 2 2 2 1 8 0 8 0 1 0 0 2 2 1 2 0 0 0 2 64 7 27 14 10 30 17 22 14 8 3 3 3 2 1.11 4 4 4 2 
894 0 0 1 1 1 1 1 0 1 0 1 0 0 7 7 0 7 7 0 0 0 96 10 13 12 0 73 11 12 12 0 1 1 1 0 5.62 7 7 7 7 
890 3 1 2 2 2 2 7 0 7 0 2 0 0 8 8 1 8 0 0 0 8 125 11 67 26 32 47 34 50 27 23 5 5 5 3 0.7 15 15 15 12 
893 0 0 2 2 2 1 6 0 6 0 1 0 0 4 4 3 4 0 0 0 4 90 10 33 14 14 47 18 25 14 11 2 2 2 1 1.42 6 6 6 4 
891 0 0 1 1 1 1 3 0 3 0 1 0 0 5 5 1 5 0 0 0 5 82 9 25 13 7 48 12 18 12 6 1 1 1 0 1.92 5 5 5 5 
892 1 1 1 1 1 1 6 0 6 0 1 0 0 7 7 1 7 0 0 0 7 109 11 54 18 23 44 21 37 18 19 3 3 3 1 0.81 10 10 10 9 
579 0 0 2 2 2 1 8 0 7 0 1 0 2 6 6 4 6 1 0 0 5 124 17 57 21 29 50 29 42 21 21 7 7 8 5 0.88 12 12 13 6 
574 0 0 2 2 2 1 7 0 7 0 1 0 1 6 6 3 6 0 1 0 5 96 9 54 15 29 33 28 41 16 25 3 3 3 2 0.61 12 12 12 8 
577 0 0 1 1 1 1 4 0 4 0 1 0 0 4 4 2 4 0 0 0 4 58 6 22 10 8 30 12 17 10 7 1 1 1 0 1.36 4 4 4 4 
575 0 0 1 1 1 1 1 0 1 0 1 0 0 3 3 0 3 3 0 0 0 46 6 7 6 0 33 5 6 6 0 1 1 1 0 4.71 3 3 3 3 
576 0 0 2 2 3 1 8 0 8 0 1 0 0 4 4 4 4 0 0 0 4 80 10 42 12 25 28 21 30 12 18 5 5 7 2 0.67 9 9 11 4 
578 0 0 2 2 2 1 5 0 5 0 1 0 0 4 4 1 4 0 0 0 4 62 8 26 9 10 28 10 17 9 8 2 2 2 1 1.08 6 6 6 4 
901 0 0 1 1 1 1 3 0 3 0 1 1 0 4 3 1 4 0 0 1 3 75 8 20 11 4 47 10 15 11 4 1 1 1 0 2.35 4 4 4 4 
895 1 1 3 3 3 1 12 0 12 0 1 0 0 3 3 5 3 0 1 0 2 122 11 53 28 25 58 36 45 26 19 4 4 4 2 1.09 8 8 8 3 
902 0 0 3 3 3 1 15 0 14 1 1 0 0 2 2 3 2 0 0 0 2 97 9 42 24 17 46 24 30 20 10 3 3 3 2 1.1 5 5 5 2 
906 1 1 4 4 4 1 16 0 16 0 1 0 0 2 2 5 2 0 0 0 2 107 10 48 25 21 49 31 39 23 16 5 5 5 3 1.02 7 7 7 2 
903 0 0 1 1 1 1 1 0 1 0 1 0 0 3 3 0 3 0 0 0 3 51 6 10 9 0 35 7 8 8 0 1 1 1 0 3.5 3 3 3 3 
896 1 1 4 4 4 1 16 0 15 0 1 0 0 3 3 6 3 0 1 0 2 135 12 63 29 33 60 42 54 28 26 5 5 5 3 0.95 11 11 11 3 
904 0 0 3 3 3 1 15 0 14 1 1 0 0 2 2 2 2 0 0 0 2 93 8 41 23 17 44 23 29 19 10 3 3 3 2 1.07 5 5 5 2 
897 1 1 2 2 2 1 13 0 13 0 1 0 0 2 2 4 2 0 0 0 2 98 9 41 27 15 48 25 30 21 9 3 3 3 2 1.17 4 4 4 2 
898 4 2 3 3 4 2 24 0 22 1 2 3 0 13 10 10 13 0 1 2 10 359 26 227 75 138 106 124 158 67 91 7 7 8 3 0.47 35 35 50 22 
900 1 1 2 2 2 1 11 0 11 0 1 0 0 2 2 2 2 0 0 0 2 78 7 33 21 11 38 20 25 17 8 3 3 3 2 1.15 4 4 4 2 
905 1 1 2 2 2 1 8 0 8 0 1 0 0 2 2 2 2 0 0 0 2 70 7 26 17 8 37 15 19 14 5 2 2 2 1 1.42 3 3 3 2 
899 1 1 3 3 3 2 14 0 13 1 1 0 0 2 2 1 2 0 0 0 2 93 6 35 14 21 52 21 28 14 14 3 3 3 1 1.49 6 6 6 4 
918 2 2 2 2 2 1 6 0 5 0 1 2 3 9 7 5 9 5 0 0 4 125 18 74 38 35 33 49 63 39 24 3 3 5 1 0.45 14 14 16 11 
838 2 2 3 3 4 1 17 1 14 0 1 0 5 7 7 1 7 0 0 0 7 207 27 134 63 69 46 76 98 55 43 6 6 9 3 0.34 21 21 27 7 
921 2 2 2 2 2 1 6 0 6 0 1 1 0 7 6 4 7 2 1 0 4 111 13 57 25 24 41 33 45 25 20 4 4 5 1 0.72 12 12 13 9 
919 0 0 1 1 1 1 1 0 1 0 1 0 0 2 2 0 2 0 0 0 2 30 5 6 6 0 19 5 6 6 0 1 1 1 0 3.17 2 2 2 2 
920 3 3 4 4 4 1 18 0 15 2 3 0 2 13 13 7 13 0 6 0 7 348 27 238 82 144 85 127 175 86 89 11 8 11 5 0.36 50 46 53 19 
173 3 4 1 1 1 1 4 0 4 0 1 0 0 8 8 7 8 0 0 0 8 160 19 54 31 14 87 30 39 25 14 1 1 1 0 1.61 8 8 8 8 
753 6 3 1 1 1 1 4 0 3 0 1 0 1 11 11 0 11 0 0 4 7 172 24 59 30 23 89 43 51 29 22 1 1 1 0 1.51 11 11 11 11 
737 2 2 1 1 1 1 3 0 3 0 1 0 1 4 4 0 4 0 0 0 4 80 8 25 17 5 47 14 19 15 4 1 1 1 0 1.88 4 4 4 4 
172 1 2 1 1 1 1 1 0 1 0 1 0 0 10 10 3 10 10 0 0 0 195 16 27 26 3 152 22 23 23 0 1 1 1 0 5.63 10 10 10 10 
180 0 0 1 1 1 1 4 0 4 0 1 0 1 5 5 0 5 0 0 0 5 60 8 26 10 9 26 10 18 10 8 3 3 3 1 1 7 7 7 7 
171 1 1 2 2 2 1 8 0 7 0 3 0 0 5 5 4 5 0 0 0 5 132 12 58 22 25 62 28 40 22 18 4 4 4 2 1.07 9 9 9 5 
181 1 1 0 0 0 0 0 0 0 0 1 0 0 0 0 0 0 0 0 0 0 26 2 3 2 0 21 1 2 2 0 0 0 0 0 7 0 0 0 0 
179 1 1 1 1 1 1 3 0 3 0 1 0 0 1 1 0 1 0 0 0 1 31 3 7 4 1 21 3 5 4 1 1 1 1 0 3 1 1 1 1 
720 7 3 2 2 2 1 8 0 8 0 3 1 2 30 29 13 30 0 4 4 22 488 54 294 93 154 140 156 217 93 124 7 7 8 3 0.48 62 62 67 34 
752 2 2 1 1 1 1 1 0 1 0 1 0 0 1 1 0 1 1 0 0 0 49 4 10 10 0 35 9 10 10 0 1 1 1 0 3.5 1 1 1 1 
751 2 2 1 1 1 1 1 0 1 0 1 0 0 8 8 0 8 0 0 0 8 103 11 20 19 0 72 18 19 19 0 1 1 1 0 3.6 8 8 8 8 
174 0 0 0 0 0 0 0 0 0 0 1 0 0 0 0 5 0 0 0 0 0 53 6 8 7 5 39 6 7 7 0 0 0 0 0 4.88 0 0 0 0 
177 1 2 0 0 0 0 0 0 0 0 1 0 0 0 0 0 0 0 0 0 0 26 2 3 2 0 21 1 2 2 0 0 0 0 0 7 0 0 0 0 
538 2 3 1 1 2 1 6 0 5 0 1 0 1 11 11 2 11 0 1 0 10 140 20 85 45 34 35 44 62 42 20 4 4 7 3 0.41 16 16 24 11 
178 1 2 0 0 0 0 0 0 0 0 1 0 0 0 0 0 0 0 0 0 0 25 1 3 2 0 21 1 2 2 0 0 0 0 0 7 0 0 0 0 
176 0 0 1 1 1 1 4 0 4 0 1 0 1 5 5 0 5 0 0 0 5 60 8 26 10 9 26 10 18 10 8 3 3 3 1 1 7 7 7 7 
175 0 0 2 2 2 1 5 0 5 0 1 0 0 5 5 1 5 0 0 0 5 68 8 31 11 12 29 13 22 11 11 3 3 3 1 0.94 8 8 8 7 
730 6 4 3 3 3 1 12 0 10 0 1 0 3 23 23 10 23 0 0 12 11 699 46 299 95 172 355 157 220 89 131 12 12 12 4 1.19 70 70 75 32 
722 1 2 1 1 1 1 1 0 1 0 1 0 0 3 3 0 3 0 0 0 3 60 5 9 8 0 46 7 8 8 0 1 1 1 0 5.11 3 3 3 3 
733 3 2 3 3 3 2 12 0 11 0 1 0 0 6 6 4 6 0 1 0 5 172 16 86 39 39 70 45 62 34 28 5 5 5 4 0.81 16 16 18 10 
723 0 0 1 1 1 1 1 0 1 0 1 0 0 2 2 0 2 2 0 0 0 59 5 7 6 0 47 5 6 6 0 1 1 1 0 6.71 2 2 2 2 
727 0 0 6 6 7 1 28 1 24 2 1 0 1 2 2 5 2 0 0 0 2 123 10 70 31 37 43 46 59 30 29 9 9 11 3 0.61 12 12 14 2 
729 0 0 1 1 1 1 3 0 3 0 1 0 0 2 2 1 2 0 0 0 2 47 5 13 8 2 29 7 10 8 2 1 1 1 0 2.23 2 2 2 2 
731 2 2 2 2 3 1 9 0 8 0 1 2 0 10 8 4 10 0 2 0 8 165 19 100 37 52 46 55 76 35 41 5 5 6 2 0.46 20 20 26 13 
721 3 3 3 3 4 2 12 0 12 0 1 0 1 4 4 2 4 0 0 4 0 142 10 70 33 32 62 40 53 32 21 3 3 4 2 0.89 12 12 14 8 
726 0 0 2 2 2 1 4 0 4 0 1 0 0 2 2 1 2 0 0 0 2 58 5 14 7 3 39 6 10 7 3 2 2 2 1 2.79 3 3 3 2 
725 0 0 2 2 2 1 7 0 6 0 1 0 0 4 4 1 4 0 0 1 3 70 8 33 14 14 29 15 22 13 9 3 3 3 2 0.88 6 6 6 4 
728 3 3 3 3 3 1 9 0 9 0 1 0 1 4 4 4 4 0 0 1 3 97 12 56 25 25 29 32 41 22 19 5 5 6 2 0.52 10 10 11 4 
724 0 0 1 1 1 1 3 0 3 0 1 0 0 8 8 4 8 0 0 0 8 66 12 34 17 8 20 16 25 17 8 1 1 1 0 0.59 8 8 8 8 
732 0 0 4 4 4 2 11 0 11 0 1 0 1 3 3 1 3 1 0 0 2 113 8 48 16 25 57 24 34 16 18 5 5 6 2 1.19 11 11 13 6 
773 4 3 1 1 2 1 7 0 6 0 3 0 2 16 16 6 16 0 0 4 12 185 18 100 34 46 67 51 74 43 31 3 3 4 2 0.67 23 23 24 18 
780 1 1 1 1 1 1 5 0 5 0 2 0 1 14 14 6 14 0 0 3 11 168 23 87 34 41 58 45 65 34 31 3 3 6 1 0.67 17 17 20 16 
770 0 0 0 0 0 0 0 0 0 0 1 0 0 0 0 12 0 0 0 0 0 86 10 17 17 12 59 16 17 17 0 0 0 0 0 3.47 0 0 0 0 
765 3 2 1 1 1 1 1 0 1 0 1 0 0 5 5 0 5 5 0 0 0 126 8 14 13 0 104 12 13 13 0 1 1 1 0 7.43 5 5 5 5 
772 2 2 2 2 2 1 8 0 7 0 1 0 0 11 11 7 11 0 0 3 8 228 23 105 39 50 100 58 79 38 41 7 7 7 3 0.95 21 21 24 13 
764 2 3 2 2 2 1 6 0 6 0 1 0 1 6 6 3 6 0 1 0 5 87 11 56 24 25 20 33 45 25 20 5 5 6 3 0.36 12 12 13 8 
785 4 3 1 1 1 1 1 0 1 0 1 0 0 6 6 0 6 6 0 0 0 125 9 16 15 0 100 14 15 15 0 1 1 1 0 6.25 6 6 6 6 
776 0 0 1 1 1 1 1 0 1 0 1 0 0 3 3 0 3 3 0 0 0 75 6 9 8 0 60 7 8 8 0 1 1 1 0 6.67 3 3 3 3 
778 1 2 2 2 3 1 11 0 10 1 1 0 1 3 3 2 3 0 0 0 3 96 9 48 25 21 40 31 38 24 14 3 3 5 2 0.83 6 6 8 3 
768 1 2 1 1 1 1 1 0 1 0 1 0 0 4 4 0 4 4 0 0 0 73 8 10 10 0 55 9 10 10 0 1 1 1 0 5.5 4 4 4 4 
790 0 0 1 1 1 1 1 0 1 0 1 0 0 4 4 0 4 4 0 0 0 75 7 9 8 0 59 7 8 8 0 1 1 1 0 6.56 4 4 4 4 
777 2 2 1 1 1 1 1 0 1 0 1 0 0 3 3 0 3 3 0 0 0 53 6 8 7 0 39 6 7 7 0 1 1 1 0 4.88 3 3 3 3 
769 2 2 1 1 1 1 1 0 1 0 1 0 0 6 6 0 6 6 0 0 0 113 9 17 16 0 87 14 15 15 0 1 1 1 0 5.12 6 6 6 6 
853 2 2 1 1 1 1 1 0 1 0 1 0 0 1 1 0 1 1 0 0 0 33 3 4 4 0 26 3 4 4 0 1 1 1 0 6.5 1 1 1 1 
775 1 2 2 2 2 1 4 0 4 0 1 0 0 2 2 1 2 0 0 0 2 41 6 14 7 4 21 7 11 7 4 2 2 2 1 1.5 3 3 3 2 
774 0 0 1 1 1 1 3 0 3 0 1 1 14 1 0 0 1 0 0 0 1 67 16 19 17 15 32 16 18 17 1 1 1 1 0 1.68 1 1 1 1 
771 1 2 3 3 4 1 13 0 13 0 3 4 36 21 17 10 21 1 5 0 15 531 48 362 112 233 121 190 264 114 150 17 17 19 3 0.33 73 73 76 25 
779 1 2 1 1 1 1 3 0 3 0 1 0 0 5 5 1 5 0 0 0 5 84 9 29 19 5 46 14 20 15 5 1 1 1 0 1.59 5 5 5 5 
789 0 0 1 1 1 1 1 0 1 0 1 0 0 3 3 0 3 3 0 0 0 57 5 9 8 0 43 7 8 8 0 1 1 1 0 4.78 3 3 3 3 
787 5 3 2 2 2 1 10 0 9 0 1 3 2 15 12 3 15 2 7 1 5 332 28 173 76 91 132 106 139 78 61 5 5 5 2 0.76 35 35 37 15 
786 7 3 3 3 4 1 19 0 15 3 3 2 1 21 19 7 21 1 9 1 10 653 54 381 142 230 219 227 294 146 148 17 13 21 7 0.57 72 68 83 28 
788 4 2 3 3 3 1 12 0 10 1 2 1 1 20 19 5 20 4 4 0 12 449 40 258 103 143 152 137 189 97 92 9 9 9 4 0.59 51 51 55 27 
767 3 2 3 3 3 2 11 0 10 1 1 0 1 6 6 1 6 1 0 0 5 133 12 76 27 38 45 48 65 31 34 3 3 3 2 0.59 16 16 16 10 
766 1 2 2 2 3 1 10 0 9 1 2 0 1 12 12 2 12 0 1 1 10 239 22 142 54 70 75 91 119 60 59 4 4 4 2 0.53 28 28 30 16 
782 7 3 3 3 3 1 14 0 12 1 1 3 2 17 14 2 17 3 8 1 5 392 32 245 92 142 116 144 194 95 99 7 7 7 3 0.47 51 51 55 21 
781 6 3 3 3 4 1 18 1 15 1 3 0 1 15 15 6 15 0 5 1 9 451 41 292 116 169 118 174 220 114 106 9 8 10 3 0.4 51 47 56 21 
783 8 3 2 2 2 1 9 0 8 0 2 0 3 20 20 8 20 6 2 0 12 350 39 205 89 97 107 113 153 81 72 6 6 8 4 0.52 39 39 45 24 
784 0 0 2 2 2 2 7 0 6 0 1 2 3 9 7 1 9 3 3 0 3 126 20 72 22 36 34 33 53 23 30 4 4 5 2 0.47 19 19 21 17 
745 0 0 1 1 1 1 3 0 3 0 1 0 1 9 9 3 9 2 0 0 7 92 14 45 21 16 33 24 35 21 14 2 2 2 1 0.73 11 11 11 9 
748 0 0 2 2 2 1 5 0 4 0 1 0 1 8 8 2 8 0 0 5 3 131 16 47 18 20 68 23 35 18 17 3 3 3 2 1.45 12 12 12 8 
742 1 1 1 1 2 1 3 0 3 0 1 0 0 4 4 1 4 0 0 0 4 46 6 19 7 6 21 7 13 7 6 2 2 2 1 1.11 5 5 6 4 
743 0 0 3 2 3 2 15 0 12 2 2 0 1 14 14 7 14 0 4 2 8 380 33 206 66 118 142 104 143 64 79 5 5 7 4 0.69 35 33 38 24 
739 1 2 1 1 1 1 2 0 2 0 1 1 2 9 8 0 9 0 1 0 8 67 13 32 15 10 22 13 23 15 8 1 1 2 0 0.69 9 9 10 9 
746 3 2 1 1 1 1 1 0 1 0 1 0 0 1 1 0 1 1 0 0 0 37 3 6 5 0 28 4 5 5 0 1 1 1 0 4.67 1 1 1 1 
741 1 1 0 0 0 0 0 0 0 0 1 0 0 0 0 0 0 0 0 0 0 27 3 4 3 0 20 2 3 3 0 0 0 0 0 5 0 0 0 0 
747 1 1 2 2 2 1 5 0 4 0 1 0 1 5 5 1 5 0 0 0 5 87 11 31 11 12 45 13 22 11 11 3 3 3 1 1.45 8 8 9 7 
749 0 0 1 1 1 1 3 0 3 0 1 0 1 3 3 0 3 0 0 0 3 67 8 20 14 4 39 12 16 13 3 1 1 1 0 1.95 3 3 3 3 
738 1 1 2 2 2 1 6 0 6 0 6 0 0 27 27 8 27 0 8 1 18 342 38 200 72 98 104 104 155 79 76 4 4 5 3 0.52 46 46 49 34 
740 2 2 1 1 1 1 1 0 1 0 1 0 0 8 8 0 8 8 0 0 0 127 11 17 16 0 99 15 16 16 0 1 1 1 0 5.82 8 8 8 8 
744 0 0 1 1 1 1 1 0 1 0 1 0 0 4 4 0 4 4 0 0 0 64 6 9 8 0 49 7 8 8 0 1 1 1 0 5.44 4 4 4 4 
750 1 2 2 2 2 2 9 0 8 0 1 0 1 6 6 2 6 0 1 0 5 134 14 67 26 35 53 33 46 25 21 6 6 6 1 0.79 12 12 12 11 
736 2 2 2 2 2 1 8 0 7 0 1 0 1 19 19 8 19 0 1 4 14 298 38 171 56 80 89 87 128 53 75 5 5 7 3 0.52 40 40 45 28 
735 2 2 2 2 2 1 6 0 6 0 2 0 1 6 6 0 6 0 0 4 2 99 8 49 24 20 42 28 38 26 12 2 2 3 1 0.86 9 9 10 6 
734 3 2 3 2 3 1 11 0 9 0 2 0 1 18 18 8 18 0 2 0 16 353 37 233 90 117 83 136 180 91 89 11 11 11 3 0.36 46 44 50 26 
761 4 1 2 2 3 1 10 0 10 0 2 1 1 25 24 2 25 6 5 1 13 479 35 291 97 168 153 159 218 100 118 5 5 6 3 0.53 59 59 68 33 
755 4 2 2 2 2 1 7 0 7 0 3 1 1 24 23 4 24 1 8 0 15 356 38 204 72 102 114 101 150 75 75 5 5 6 3 0.56 49 49 57 33 
758 0 0 4 4 5 2 19 1 17 0 1 0 1 7 7 2 7 1 2 0 4 208 22 147 55 86 39 92 118 60 58 6 6 8 4 0.27 28 28 32 13 
762 2 2 2 2 2 1 11 0 10 0 1 0 0 6 6 1 6 1 2 0 3 148 11 80 35 43 59 51 63 31 32 7 7 7 3 0.74 14 14 14 6 
757 0 0 1 1 1 1 3 0 3 0 1 0 1 8 8 2 8 4 0 0 4 149 15 46 27 13 88 27 35 24 11 3 3 3 1 1.91 10 10 10 8 
759 1 1 4 4 4 2 15 0 14 1 1 2 1 9 7 0 9 1 5 0 3 254 15 154 59 84 88 70 103 52 51 10 10 12 8 0.57 34 34 39 16 
756 4 3 4 4 4 2 17 0 14 3 2 2 1 20 18 8 20 0 6 2 12 544 39 330 104 193 179 170 242 105 137 27 26 32 7 0.54 78 75 87 40 
763 0 0 0 0 0 0 0 0 0 0 1 0 0 0 0 17 0 0 0 0 0 67 11 22 22 17 34 21 22 22 0 0 0 0 0 1.55 0 0 0 0 
760 4 3 2 2 2 1 6 0 6 0 2 2 0 12 10 3 12 2 1 0 9 171 18 94 36 42 59 45 67 36 31 3 3 4 2 0.63 22 22 23 16 
754 7 2 3 3 3 1 11 0 10 0 2 2 1 31 29 7 31 7 10 0 14 606 52 386 126 224 168 205 289 124 165 8 8 9 4 0.44 85 83 93 41 
54 1 2 0 0 0 0 0 0 0 0 1 0 0 0 0 0 0 0 0 0 0 27 1 5 4 0 21 1 2 2 0 0 0 0 0 4.2 0 0 0 0 
460 0 0 1 1 1 1 1 0 1 0 1 0 0 6 6 0 6 6 0 0 0 61 9 9 8 0 43 7 8 8 0 1 1 1 0 4.78 6 6 6 6 
461 0 0 1 1 1 1 1 0 1 0 1 0 0 2 2 1 2 2 0 0 0 40 5 6 5 1 29 4 5 5 0 1 1 1 0 4.83 2 2 2 2 
459 1 3 2 2 2 1 8 0 7 1 2 0 6 20 20 11 20 7 1 0 12 301 43 170 61 96 88 96 136 66 70 14 14 15 3 0.52 35 35 36 22 
46 5 3 2 2 2 1 9 0 8 0 1 0 0 21 21 4 21 0 0 0 21 395 32 195 47 121 168 96 143 47 96 7 7 7 3 0.86 46 46 50 21 
848 4 4 2 2 2 1 7 0 7 0 2 0 0 50 50 4 50 10 2 1 37 577 75 374 104 206 128 169 268 106 162 9 9 9 3 0.34 98 98 104 68 
849 2 3 2 2 2 1 7 0 6 0 1 0 0 7 7 4 7 1 0 0 6 94 13 57 17 29 25 28 42 17 25 4 4 5 1 0.44 13 13 15 9 
707 1 4 1 1 1 1 6 0 5 0 4 0 0 8 8 3 8 1 1 1 5 116 19 50 21 18 47 23 34 21 13 1 1 2 0 0.94 8 8 9 8 
708 3 2 3 3 3 2 15 0 13 1 4 2 1 16 14 11 16 2 4 0 10 396 39 255 66 151 102 127 177 66 111 6 6 6 4 0.4 48 48 51 35 
706 1 2 1 1 1 1 1 0 1 0 3 0 0 5 5 0 5 5 0 0 0 91 12 13 10 0 66 7 10 10 0 1 1 1 0 5.08 5 5 5 5 
933 0 0 1 1 1 1 1 0 1 0 1 0 0 1 1 0 1 1 0 0 0 39 4 5 4 0 30 3 4 4 0 1 1 1 0 6 1 1 1 1 
25 1 3 2 2 2 1 5 0 5 0 1 0 8 30 30 5 30 4 0 10 16 424 41 181 54 99 202 76 118 54 64 8 3 8 2 1.12 56 46 58 30 
45 1 2 1 1 1 1 1 0 1 0 1 0 0 9 9 0 9 9 0 0 0 97 10 13 12 0 74 11 12 12 0 1 1 1 0 5.69 9 9 9 9 
462 0 0 1 1 1 1 1 0 1 0 1 0 0 1 1 0 1 1 0 0 0 30 2 4 3 0 24 2 3 3 0 1 1 1 0 6 1 1 1 1 
33 0 0 1 1 1 1 3 0 3 0 1 0 0 2 2 0 2 0 0 0 2 47 4 9 4 2 34 3 6 4 2 1 1 1 0 3.78 2 2 2 2 
26 0 0 1 1 1 1 1 0 1 0 1 0 0 4 4 0 4 4 0 0 0 57 5 7 6 0 45 5 6 6 0 1 1 1 0 6.43 4 4 4 4 
27 2 1 1 1 1 1 1 0 1 0 1 0 0 4 4 0 4 4 0 0 0 64 6 10 9 0 48 6 7 7 0 1 1 1 0 4.8 4 4 4 4 
30 2 2 2 1 2 1 5 0 5 0 1 0 1 13 13 1 13 0 1 1 11 171 18 90 32 46 63 49 66 32 34 9 3 9 1 0.7 23 17 23 13 
44 1 4 1 1 1 1 5 0 4 1 1 0 1 12 12 2 12 0 0 0 12 179 19 59 23 24 101 31 45 23 22 2 2 2 1 1.71 13 13 13 12 
29 0 0 1 1 1 1 3 0 3 0 1 0 0 1 1 0 1 0 0 0 1 37 3 7 4 1 27 3 5 4 1 1 1 1 0 3.86 1 1 1 1 
31 2 2 1 1 1 1 1 0 1 0 1 0 0 9 9 0 9 9 0 0 0 105 11 15 14 0 79 13 14 14 0 1 1 1 0 5.27 9 9 9 9 
39 4 6 2 2 2 1 10 0 8 1 1 1 0 29 28 6 29 0 0 5 24 551 59 259 72 142 233 114 177 58 119 5 5 6 3 0.9 61 61 64 32 
63 2 4 1 1 2 1 6 0 6 0 2 0 2 21 21 8 21 0 3 0 18 294 36 159 48 79 99 66 112 48 64 3 3 4 2 0.62 31 31 32 21 
463 0 0 1 1 1 1 4 0 4 0 1 0 0 2 2 1 2 0 0 0 2 48 5 13 6 5 30 7 10 6 4 1 1 1 0 2.31 2 2 2 2 
850 1 2 1 1 2 1 6 0 5 0 3 0 3 27 27 4 27 4 1 0 22 372 41 166 47 95 165 77 117 51 66 4 4 7 2 0.99 38 38 42 29 
32 0 0 1 1 1 1 3 0 3 0 1 0 0 2 2 0 2 0 0 0 2 47 4 9 4 2 34 3 6 4 2 1 1 1 0 3.78 2 2 2 2 
35 3 2 1 1 1 1 3 0 3 0 1 0 1 9 9 2 9 0 0 0 9 126 15 39 20 11 72 19 29 20 9 1 1 1 0 1.85 9 9 9 9 
34 1 1 2 2 2 1 4 0 4 0 1 1 1 7 6 1 7 0 0 0 7 120 12 41 14 16 67 17 29 14 15 3 3 3 1 1.63 11 11 11 9 
28 2 7 2 2 2 1 7 0 6 0 1 0 0 53 53 10 53 0 0 4 49 904 84 374 110 197 446 173 269 108 161 15 15 17 6 1.19 96 96 101 64 
48 2 2 1 1 1 1 1 0 1 0 1 0 0 1 1 0 1 1 0 0 0 35 4 6 5 0 25 4 5 5 0 1 1 1 0 4.17 1 1 1 1 
36 1 2 1 1 1 1 1 0 1 0 1 0 0 4 4 0 4 4 0 0 0 67 6 10 9 0 51 7 8 8 0 1 1 1 0 5.1 4 4 4 4 
464 3 5 5 5 6 3 31 3 20 8 2 1 0 5 4 0 5 5 0 0 0 211 23 112 36 65 76 60 78 38 40 22 22 26 6 0.68 26 26 30 15 
47 1 3 1 1 1 1 4 0 4 0 1 0 0 1 1 0 1 0 0 0 1 38 4 13 10 1 21 8 10 9 1 1 1 1 0 1.62 1 1 1 1 
41 1 2 0 0 0 0 0 0 0 0 1 0 0 0 0 0 0 0 0 0 0 26 1 4 3 0 21 1 2 2 0 0 0 0 0 5.25 0 0 0 0 
24 1 4 1 1 1 1 4 0 3 0 1 0 0 17 17 5 17 0 0 1 16 240 26 82 33 30 132 41 61 32 29 2 2 2 1 1.61 18 18 18 17 
37 7 6 2 2 2 1 11 0 8 1 3 1 1 55 54 7 55 1 0 1 53 1034 106 507 167 282 421 238 352 143 209 11 11 11 4 0.83 109 109 116 73 
40 8 8 3 3 4 2 18 1 15 1 3 0 1 51 51 19 51 0 15 2 34 1451 151 802 218 492 498 417 582 213 369 20 20 21 5 0.62 170 170 181 86 
43 0 0 1 1 1 1 3 0 3 0 1 0 0 2 2 0 2 0 0 0 2 48 4 9 4 2 35 3 6 4 2 1 1 1 0 3.89 2 2 2 2 
42 2 3 3 3 3 1 9 0 9 0 1 0 0 11 11 2 11 0 1 0 10 212 18 119 49 67 75 54 87 49 38 4 4 4 2 0.63 32 32 32 13 
38 2 2 1 1 1 1 1 0 1 0 1 0 0 9 9 0 9 9 0 0 0 123 12 19 18 0 92 13 14 14 0 1 1 1 0 4.84 9 9 9 9 
64 5 6 4 4 5 2 16 0 15 0 2 1 2 23 22 5 23 0 6 2 15 604 41 372 114 217 191 184 270 115 155 18 18 19 6 0.51 92 92 106 51 
50 0 0 0 0 0 0 0 0 0 0 1 0 0 0 0 0 0 0 0 0 0 29 2 6 5 0 21 2 3 3 0 0 0 0 0 3.5 0 0 0 0 
51 0 0 0 0 0 0 0 0 0 0 1 0 0 0 0 0 0 0 0 0 0 29 2 6 5 0 21 2 3 3 0 0 0 0 0 3.5 0 0 0 0 
53 0 0 0 0 0 0 0 0 0 0 1 0 0 0 0 0 0 0 0 0 0 29 2 6 5 0 21 2 3 3 0 0 0 0 0 3.5 0 0 0 0 
52 0 0 0 0 0 0 0 0 0 0 1 0 0 0 0 0 0 0 0 0 0 29 2 6 5 0 21 2 3 3 0 0 0 0 0 3.5 0 0 0 0 
49 0 0 0 0 0 0 0 0 0 0 1 0 0 0 0 0 0 0 0 0 0 29 2 6 5 0 21 2 3 3 0 0 0 0 0 3.5 0 0 0 0 
59 0 0 0 0 0 0 0 0 0 0 1 0 0 0 0 0 0 0 0 0 0 29 2 6 5 0 21 2 3 3 0 0 0 0 0 3.5 0 0 0 0 
61 0 0 0 0 0 0 0 0 0 0 1 0 0 0 0 0 0 0 0 0 0 29 2 6 5 0 21 2 3 3 0 0 0 0 0 3.5 0 0 0 0 
55 0 0 0 0 0 0 0 0 0 0 1 0 0 0 0 0 0 0 0 0 0 26 1 4 3 0 21 1 2 2 0 0 0 0 0 5.25 0 0 0 0 
57 0 0 1 1 1 1 3 0 3 0 1 0 0 1 1 0 1 0 0 0 1 32 4 7 4 1 21 3 5 4 1 1 1 1 0 3 1 1 1 1 
56 0 0 0 0 0 0 0 0 0 0 1 0 0 0 0 0 0 0 0 0 0 26 1 4 3 0 21 1 2 2 0 0 0 0 0 5.25 0 0 0 0 
58 0 0 1 1 1 1 5 0 4 1 1 6 0 6 0 0 6 0 0 0 6 91 10 36 23 6 45 12 19 13 6 1 1 1 0 1.25 6 6 6 6 
60 0 0 0 0 0 0 0 0 0 0 1 0 0 0 0 0 0 0 0 0 0 29 2 6 5 0 21 2 3 3 0 0 0 0 0 3.5 0 0 0 0 
929 1 3 3 3 3 2 13 0 13 0 2 3 7 15 12 5 15 0 10 1 4 304 22 207 54 126 75 103 152 56 96 5 5 6 4 0.36 46 46 47 23 
129 0 0 1 1 1 1 5 0 5 0 1 0 2 8 8 2 8 0 0 0 8 160 17 65 34 28 78 40 50 32 18 3 3 3 1 1.2 10 10 10 8 
128 0 0 3 3 3 2 11 0 10 0 1 0 1 8 8 2 8 0 0 0 8 223 19 103 38 55 101 56 78 40 38 6 6 7 2 0.98 22 22 24 12 
127 0 0 1 1 1 1 1 0 1 0 1 0 0 1 1 0 1 1 0 0 0 35 2 5 4 0 28 3 4 4 0 1 1 1 0 5.6 1 1 1 1 
846 0 0 1 1 1 1 3 0 3 0 1 0 2 11 11 0 11 0 2 0 9 125 18 43 20 13 64 19 31 20 11 1 1 1 0 1.49 11 11 11 11 
130 2 2 1 1 1 1 3 0 3 0 1 0 0 6 6 2 6 0 0 0 6 97 9 27 14 8 61 13 20 14 6 1 1 1 0 2.26 6 6 6 6 
558 0 0 3 3 3 1 16 0 13 1 1 0 2 7 7 5 7 0 2 0 5 240 23 115 27 68 102 46 69 26 43 6 6 6 2 0.89 21 21 21 7 
930 0 0 1 1 1 1 1 0 1 0 1 0 0 3 3 0 3 3 0 0 0 52 5 7 6 0 40 5 6 6 0 1 1 1 0 5.71 3 3 3 3 
931 0 0 1 1 1 1 1 0 1 0 1 0 0 1 1 0 1 1 0 0 0 41 3 5 4 0 33 3 4 4 0 1 1 1 0 6.6 1 1 1 1 
847 1 1 1 1 1 1 1 0 1 0 1 0 0 2 2 0 2 2 0 0 0 46 4 5 4 0 37 3 4 4 0 1 1 1 0 7.4 2 2 2 2 
68 8 5 1 1 1 1 1 0 1 0 1 0 0 11 11 0 11 0 0 0 11 131 16 29 20 6 86 20 24 20 4 1 1 1 1 2.97 11 11 11 11 
711 5 3 1 1 1 1 4 0 4 0 1 4 2 16 12 2 16 4 2 0 10 151 25 80 36 33 46 41 60 36 24 2 2 4 1 0.57 18 18 20 16 
712 7 4 2 2 2 1 6 0 5 0 1 3 4 13 10 1 13 3 1 0 9 201 22 89 34 46 90 49 70 36 34 4 4 4 2 1.01 20 20 20 15 
709 4 4 2 2 2 1 5 0 5 0 1 1 2 11 10 2 11 1 1 0 9 171 21 74 27 34 76 32 50 26 24 3 3 4 2 1.03 17 17 18 13 
710 8 5 2 2 2 1 5 0 5 0 1 2 1 13 11 3 13 2 2 0 9 189 20 91 32 42 78 45 66 32 34 4 4 6 2 0.86 20 20 23 15 
713 6 2 3 3 4 2 15 0 12 2 1 0 3 13 13 4 13 4 0 0 9 379 26 191 50 119 162 92 135 48 87 6 6 7 3 0.85 43 43 46 25 
916 3 1 1 1 1 1 3 0 3 0 1 0 0 4 4 1 4 3 0 0 1 67 8 22 12 6 37 12 17 12 5 2 2 2 0 1.68 5 5 5 4 
67 19 6 2 2 3 2 8 0 7 0 1 22 5 48 26 2 48 0 11 0 37 700 60 422 108 245 218 197 288 106 182 19 11 19 5 0.52 113 89 123 89 
156 13 4 2 2 2 2 10 0 9 0 2 0 1 28 28 6 28 1 3 15 9 639 50 299 122 171 290 143 201 103 98 7 7 7 3 0.97 58 58 61 43 
166 1 2 2 2 2 1 6 0 6 0 1 1 0 9 8 2 9 0 0 0 9 180 14 68 27 36 98 37 52 26 26 5 5 6 2 1.44 15 15 17 11 
922 2 4 2 2 2 1 5 0 5 0 1 0 0 2 2 0 2 0 0 0 2 48 5 18 10 5 25 10 14 10 4 2 2 2 1 1.39 3 3 3 2 
146 0 0 1 1 1 1 1 0 1 0 1 0 0 1 1 0 1 1 0 0 0 34 4 5 4 0 25 3 4 4 0 1 1 1 0 5 1 1 1 1 
154 1 1 1 1 1 1 3 0 3 0 1 0 0 2 2 1 2 0 0 1 1 48 5 12 6 3 31 5 8 5 3 1 1 1 0 2.58 2 2 2 2 
145 4 3 1 1 1 1 1 0 1 0 1 0 0 6 6 0 6 6 0 0 0 77 10 13 12 0 54 11 12 12 0 1 1 1 0 4.15 6 6 6 6 
168 7 5 4 4 4 1 18 0 15 2 1 2 3 11 9 5 11 0 1 1 9 355 32 199 73 115 124 101 144 67 77 14 14 17 4 0.62 42 42 46 14 
163 3 3 1 1 1 1 4 0 4 0 1 0 0 7 7 0 7 0 0 0 7 95 11 42 19 14 42 16 26 15 11 2 2 2 1 1 9 9 9 7 
164 1 1 1 1 1 1 1 0 1 0 1 0 0 4 4 0 4 4 0 0 0 63 7 10 9 0 46 7 8 8 0 1 1 1 0 4.6 4 4 4 4 
152 2 4 1 1 1 1 1 0 1 0 1 0 0 13 13 0 13 13 0 0 0 135 16 20 19 0 99 18 19 19 0 1 1 1 0 4.95 13 13 13 13 
153 2 4 1 1 1 1 1 0 1 0 1 0 0 10 10 0 10 10 0 0 0 110 13 17 16 0 80 15 16 16 0 1 1 1 0 4.71 10 10 10 10 
158 13 5 3 3 3 1 17 1 14 1 1 2 2 22 20 8 22 8 1 0 13 632 73 346 116 221 216 204 272 114 158 11 11 12 4 0.62 67 67 68 30 
159 5 4 2 2 2 1 7 0 6 0 1 0 0 31 31 5 31 9 4 0 18 458 44 227 81 116 188 119 175 84 91 3 3 4 3 0.83 55 55 60 35 
147 1 1 1 1 1 1 1 0 1 0 1 0 0 2 2 0 2 2 0 0 0 43 5 6 5 0 32 4 5 5 0 1 1 1 0 5.33 2 2 2 2 
155 2 3 1 1 1 1 2 0 2 0 1 0 0 4 4 2 4 0 0 2 2 68 8 15 9 3 45 9 12 9 3 1 1 1 0 3 4 4 4 4 
923 9 4 1 1 1 1 4 0 3 0 1 0 1 22 22 1 22 0 0 0 22 234 27 110 63 28 97 47 70 47 23 1 1 1 0 0.88 22 22 22 22 
167 1 1 1 1 1 1 4 0 4 0 1 1 0 6 5 1 6 0 0 0 6 113 9 37 16 15 67 18 26 14 12 2 2 2 1 1.81 7 7 7 6 
157 9 4 2 2 2 1 11 0 10 0 1 0 0 28 28 4 28 0 5 0 23 600 51 320 123 186 229 175 237 117 120 6 6 6 3 0.72 64 64 64 36 
151 7 4 2 2 2 1 7 0 7 0 1 0 1 24 24 0 24 0 2 1 21 356 33 198 80 96 125 94 136 71 65 3 3 3 2 0.63 41 41 41 26 
839 1 1 1 1 1 1 3 0 3 0 1 0 0 3 3 2 3 0 0 0 3 65 8 16 8 4 41 8 12 8 4 1 1 1 0 2.56 3 3 3 3 
149 5 5 1 1 1 1 5 0 5 0 1 0 1 16 16 0 16 0 0 1 15 232 25 104 52 46 103 60 82 51 31 3 3 3 2 0.99 21 21 21 18 
559 3 2 3 3 3 1 15 0 12 2 1 0 1 5 5 1 5 0 0 1 4 139 14 84 40 36 41 42 58 34 24 6 6 6 4 0.49 16 16 17 7 
161 3 5 1 1 1 1 4 0 3 0 1 0 0 16 16 3 16 0 0 0 16 188 25 82 45 21 81 38 56 37 19 2 2 2 1 0.99 17 17 18 16 
165 3 2 2 2 2 1 6 0 6 0 1 0 0 11 11 4 11 0 2 0 9 198 20 87 34 42 92 44 64 34 30 4 4 5 2 1.06 20 20 21 11 
150 7 3 1 1 1 1 1 0 1 0 1 0 0 10 10 0 10 10 0 0 0 148 14 29 28 0 105 21 22 22 0 1 1 1 0 3.62 10 10 10 10 
160 12 7 1 1 1 1 9 0 8 0 7 0 2 33 33 9 33 1 0 7 25 596 61 337 143 166 198 165 224 119 105 5 5 5 5 0.59 48 48 48 36 
148 1 3 1 1 1 1 1 0 1 0 1 0 0 1 1 0 1 1 0 0 0 64 4 7 6 0 53 5 6 6 0 1 1 1 0 7.57 1 1 1 1 
162 11 5 2 2 2 1 7 0 6 0 3 0 2 52 52 5 52 1 3 10 38 656 79 369 139 175 208 164 249 127 122 4 4 4 2 0.56 84 84 86 56 
21 4 3 2 2 2 1 8 0 8 0 1 0 1 28 28 5 28 0 0 11 17 501 48 267 96 128 186 129 192 89 103 6 6 6 3 0.7 60 60 62 33 
22 1 2 1 1 1 1 1 0 1 0 1 0 0 7 7 0 7 7 0 0 0 101 12 23 22 0 66 16 17 17 0 1 1 1 0 2.87 7 7 7 7 
23 2 2 2 2 2 1 7 0 6 0 1 0 0 11 11 3 11 0 0 1 10 215 19 92 42 40 104 47 65 34 31 3 3 3 2 1.13 17 17 18 11 
19 1 1 2 2 2 1 4 0 4 0 1 0 0 4 4 1 4 0 0 0 4 70 7 24 12 7 39 12 18 12 6 3 3 3 1 1.63 6 6 6 4 
20 0 0 1 1 1 1 1 0 1 0 1 0 0 1 1 0 1 1 0 0 0 35 4 6 5 0 25 4 5 5 0 1 1 1 0 4.17 1 1 1 1 
377 2 4 3 3 3 2 14 0 12 1 2 0 3 15 15 12 15 0 3 1 11 390 32 240 81 139 118 130 176 77 99 5 5 6 4 0.49 41 41 42 27 
826 1 2 3 3 3 2 15 1 13 0 1 2 0 7 5 2 7 0 3 0 4 167 24 110 29 66 33 52 77 29 48 7 7 7 4 0.3 24 24 24 17 
378 3 3 4 4 4 2 22 1 17 4 1 0 1 9 9 2 9 1 4 0 4 332 26 180 66 108 126 96 128 57 71 10 10 10 5 0.7 32 32 33 20 
379 1 2 1 1 1 1 7 0 6 0 1 0 1 10 10 5 10 0 0 0 10 194 25 82 34 35 87 40 55 30 25 3 3 3 2 1.06 14 14 14 10 
370 1 1 1 1 1 1 1 0 1 0 1 0 0 4 4 0 4 4 0 0 0 74 8 10 9 0 56 7 8 8 0 1 1 1 0 5.6 4 4 4 4 
372 1 2 2 2 2 2 9 0 9 0 1 0 0 4 4 3 4 0 0 0 4 122 12 47 20 23 63 27 37 20 17 3 3 3 2 1.34 9 9 9 8 
371 1 2 1 1 1 1 3 0 3 0 1 0 0 5 5 4 5 0 0 0 5 105 12 28 14 8 65 15 21 13 8 1 1 1 0 2.32 5 5 5 5 
383 2 3 4 4 5 2 23 1 17 4 1 0 1 6 6 3 6 0 2 0 4 227 24 131 48 71 72 74 98 45 53 8 8 12 2 0.55 24 24 29 11 
369 7 4 5 5 6 3 31 1 24 5 1 0 1 7 7 5 7 0 0 2 5 314 27 207 78 121 83 115 152 69 83 14 14 18 4 0.4 37 37 41 20 
373 1 2 2 2 2 2 11 0 8 3 1 0 0 4 4 2 4 0 0 1 3 99 12 48 24 18 39 24 32 21 11 3 3 3 2 0.81 7 7 8 6 
375 3 3 7 7 7 1 31 1 26 4 2 1 0 7 6 11 7 1 2 0 4 350 26 218 65 141 106 104 146 58 88 17 17 17 4 0.49 47 47 48 7 
376 1 2 1 1 1 1 5 0 5 0 1 0 0 5 5 3 5 0 0 1 4 105 13 37 16 13 55 19 27 16 11 2 2 2 1 1.49 7 7 7 5 
374 0 0 1 1 1 1 1 0 1 0 1 0 0 3 3 0 3 3 0 0 0 45 7 13 12 0 25 9 10 10 0 1 1 1 0 1.92 3 3 3 3 
380 8 6 6 6 7 3 62 4 43 14 1 0 1 8 8 11 8 0 1 2 5 647 51 401 129 275 200 216 270 109 161 16 16 20 5 0.5 51 51 56 27 
392 4 3 2 2 2 1 8 0 8 0 2 3 4 10 7 0 10 0 2 0 8 175 20 78 32 43 77 36 50 33 17 6 6 6 3 0.99 15 15 15 12 
960 1 2 1 1 1 1 5 0 5 0 3 0 3 22 22 10 22 0 1 3 18 353 52 145 63 68 156 70 102 58 44 5 5 5 3 1.08 29 29 29 22 
962 1 3 1 1 1 1 3 0 2 0 1 0 0 3 3 1 3 0 0 0 3 49 5 12 6 2 32 4 8 6 2 1 1 1 0 2.67 3 3 3 3 
