15 0 0 1 1 1 1 3 0 3 0 1 0 0 2 2 0 2 0 0 0 2 49 4 9 4 2 36 3 6 4 2 1 1 1 0 4 2 2 2 2 
425 0 0 0 0 0 0 0 0 0 0 1 0 69 0 0 0 0 0 0 0 0 307 4 73 72 69 230 71 72 72 0 0 0 0 0 3.15 0 0 0 0 
394 1 1 1 1 1 1 1 0 1 0 1 0 0 3 3 2 3 3 0 0 0 85 10 17 16 2 58 13 14 14 0 1 1 1 0 3.41 3 3 3 3 
393 0 0 1 1 1 1 1 0 1 0 1 0 0 1 1 0 1 1 0 0 0 39 4 5 4 0 30 3 4 4 0 1 1 1 0 6 1 1 1 1 
395 1 1 1 1 1 1 1 0 1 0 1 0 0 2 2 0 2 1 0 0 1 58 5 11 10 0 42 7 8 8 0 1 1 1 0 3.82 2 2 2 2 
385 2 2 4 4 4 1 29 2 22 4 1 0 9 37 37 3 37 0 5 5 27 1808 138 885 349 546 785 415 568 236 332 22 20 24 5 0.89 156 154 162 54 
356 4 3 3 3 3 2 11 0 10 0 4 0 2 38 38 11 38 0 13 2 23 775 77 444 128 257 254 194 306 120 186 7 7 7 4 0.57 103 103 106 64 
358 2 2 1 1 1 1 3 0 3 0 1 0 0 13 13 3 13 0 0 0 13 164 21 64 33 17 79 33 47 30 17 1 1 1 0 1.23 13 13 13 13 
182 1 1 1 1 1 1 1 0 1 0 1 0 0 6 6 0 6 6 0 0 0 107 9 17 16 0 81 12 13 13 0 1 1 1 0 4.76 6 6 6 6 
357 2 2 3 3 3 2 16 0 14 1 1 0 2 19 19 3 19 0 0 8 11 514 44 305 111 194 165 158 211 88 123 7 7 7 3 0.54 59 59 59 42 
362 0 0 1 1 1 1 1 0 1 0 1 0 0 6 6 0 6 6 0 0 0 70 8 9 8 0 53 7 8 8 0 1 1 1 0 5.89 6 6 6 6 
66 0 0 1 1 1 1 1 0 1 0 1 0 1 1 1 0 1 0 0 0 1 42 6 6 5 1 30 4 5 5 0 1 1 1 0 5 1 1 1 1 
140 2 2 4 4 4 2 25 1 17 6 1 0 5 43 43 8 43 4 8 9 22 1424 130 809 266 513 486 419 563 240 323 24 24 26 9 0.6 174 156 185 81 
143 0 0 1 1 1 1 1 0 1 0 1 0 0 3 3 0 3 3 0 0 0 61 4 6 5 0 51 4 5 5 0 1 1 1 0 8.5 3 3 3 3 
142 2 2 3 3 3 2 13 0 10 1 1 0 1 34 34 6 34 12 7 3 12 739 71 409 151 231 259 209 290 131 159 6 6 6 2 0.63 85 85 85 51 
386 1 1 3 3 4 1 18 0 16 1 1 0 1 6 6 3 6 0 0 0 6 249 13 126 59 70 110 75 95 53 42 7 7 7 2 0.87 20 20 21 6 
391 0 0 2 2 2 1 9 0 7 1 1 0 1 10 10 4 10 0 1 0 9 215 19 98 32 49 98 54 75 32 43 8 8 8 3 1 21 21 22 10 
199 2 2 4 4 4 2 17 1 12 3 1 0 0 9 9 3 9 4 0 0 5 267 25 127 35 70 115 60 93 34 59 9 9 11 2 0.91 32 32 34 19 
214 5 3 3 3 3 1 17 1 12 3 1 0 4 15 15 4 15 0 2 1 12 407 40 240 72 150 128 132 173 63 110 11 11 13 3 0.53 38 38 41 17 
110 0 0 2 2 2 1 4 0 4 0 1 1 1 7 6 2 7 0 0 0 7 119 12 41 13 17 66 17 29 13 16 3 3 3 1 1.61 11 11 11 9 
360 0 0 1 1 1 1 1 0 1 0 1 0 0 1 1 0 1 1 0 0 0 36 4 6 5 0 26 4 5 5 0 1 1 1 0 4.33 1 1 1 1 
139 5 3 4 4 4 2 25 2 19 4 1 0 2 127 127 2 127 1 14 32 80 4160 395 2508 778 1631 1257 1225 1692 586 1106 38 38 43 5 0.5 476 476 519 197 
65 0 0 2 2 2 1 6 0 6 0 1 1 1 8 7 3 8 0 0 0 8 151 16 60 20 31 75 29 44 20 24 3 3 4 1 1.25 14 14 15 10 
144 1 1 4 3 4 1 23 2 17 3 1 0 1 39 39 1 39 1 0 6 32 1187 142 725 230 461 320 357 490 178 312 11 11 11 4 0.44 137 132 139 50 
169 6 4 2 2 2 1 16 1 12 2 3 2 9 67 65 32 67 27 4 22 14 1880 201 971 285 578 708 456 641 247 394 9 9 9 4 0.73 162 162 163 82 
215 5 3 3 3 3 1 16 1 15 0 6 0 10 20 20 17 20 0 3 1 16 555 61 309 115 179 187 166 218 111 107 16 16 18 3 0.61 54 54 56 25 
141 6 2 3 3 3 1 14 0 11 1 1 0 5 60 60 17 60 0 0 15 45 1395 136 803 289 448 457 425 567 245 322 22 22 23 5 0.57 151 151 155 64 
170 0 0 1 1 1 1 1 0 1 0 1 0 0 2 2 0 2 2 0 0 0 43 3 5 4 0 35 3 4 4 0 1 1 1 0 7 2 2 2 2 
216 1 1 1 1 1 1 5 0 4 1 2 1 1 9 8 0 9 2 1 1 5 157 14 58 40 10 85 24 35 29 6 1 1 1 0 1.47 9 9 9 9 
392 0 0 2 2 2 1 8 0 8 0 2 3 4 10 7 0 10 0 2 0 8 175 20 78 32 43 77 36 50 33 17 6 6 6 3 0.99 15 15 15 12 
363 0 0 3 3 3 1 13 0 11 0 1 0 1 10 10 4 10 0 2 0 8 263 27 133 30 80 103 71 103 35 68 7 7 7 3 0.77 30 30 30 12 
359 0 0 1 1 1 1 3 0 3 0 1 0 0 2 2 0 2 0 0 0 2 46 4 10 5 2 32 4 7 5 2 1 1 1 0 3.2 2 2 2 2 
387 0 0 2 2 2 1 11 0 10 0 4 0 7 18 18 4 18 1 2 0 15 437 41 185 72 99 211 95 128 64 64 6 6 6 5 1.14 29 29 31 20 
183 3 1 3 3 3 1 18 1 14 2 2 0 1 27 27 8 27 1 1 2 23 777 92 445 170 240 241 227 301 133 168 12 12 12 5 0.54 70 70 71 31 
390 0 0 1 1 1 1 1 0 1 0 1 0 0 1 1 0 1 1 0 0 0 44 3 6 5 0 35 4 5 5 0 1 1 1 0 5.83 1 1 1 1 
389 1 1 2 2 2 1 8 0 7 0 1 1 3 21 20 4 21 0 4 4 13 386 40 186 73 90 160 94 134 65 69 8 8 8 2 0.86 40 40 42 21 
388 0 0 1 1 1 1 7 0 6 0 3 0 1 16 16 0 16 0 0 4 12 139 20 72 21 36 47 21 41 27 14 2 2 2 1 0.65 19 19 19 16 
361 1 1 2 2 2 2 10 0 8 2 1 0 0 6 6 1 6 0 0 5 1 138 10 64 30 24 64 26 40 21 19 3 3 4 2 1 13 13 14 10 
211 0 0 1 1 1 1 3 0 3 0 1 0 0 1 1 0 1 0 0 0 1 40 3 6 3 1 31 2 4 3 1 1 1 1 0 5.17 1 1 1 1 
204 0 0 2 2 2 1 6 0 6 0 1 2 1 9 7 3 9 0 0 0 9 190 17 65 26 34 108 28 41 24 17 6 6 6 3 1.66 14 14 14 12 
213 1 1 2 2 3 1 10 0 10 0 1 0 3 1 1 0 1 0 0 0 1 79 8 24 17 8 49 12 15 12 3 2 2 3 1 2.04 2 2 3 1 
207 0 0 1 1 1 1 3 0 3 0 1 0 0 2 2 0 2 2 0 0 0 45 5 10 5 2 30 4 7 5 2 1 1 1 0 3 2 2 2 2 
210 1 1 2 2 3 2 11 0 10 0 1 0 4 10 10 1 10 0 0 8 2 289 24 125 53 70 140 61 83 48 35 5 5 6 3 1.12 23 23 25 16 
205 0 0 2 2 2 2 8 0 8 0 1 0 0 2 2 0 2 0 0 0 2 58 4 22 7 12 32 9 13 7 6 3 3 3 1 1.45 4 4 4 4 
212 0 0 2 2 2 1 6 0 6 0 1 0 0 2 2 0 2 0 0 0 2 51 4 16 6 7 31 6 10 6 4 2 2 2 1 1.94 3 3 3 2 
203 0 0 1 1 1 1 3 0 3 0 1 0 0 1 1 0 1 0 0 0 1 40 3 6 3 1 31 2 4 3 1 1 1 1 0 5.17 1 1 1 1 
201 0 0 2 2 2 1 13 0 11 1 1 4 2 25 21 12 25 0 4 0 21 731 59 343 127 194 329 160 219 106 113 14 14 14 5 0.96 58 58 58 27 
209 1 1 1 1 2 1 15 2 10 2 1 0 18 10 10 0 10 0 0 4 6 457 59 134 93 86 264 78 93 73 20 4 4 5 3 1.97 14 14 15 12 
206 0 0 1 1 1 1 3 0 3 0 1 0 0 3 3 1 3 0 0 0 3 71 6 16 8 4 49 7 11 7 4 1 1 1 0 3.06 3 3 3 3 
208 0 0 1 1 1 1 3 0 3 0 1 0 0 4 4 3 4 0 0 0 4 83 9 21 10 6 53 10 15 9 6 1 1 1 0 2.52 4 4 4 4 
202 0 0 1 1 1 1 3 0 3 0 1 0 0 4 4 3 4 0 0 0 4 89 10 22 11 6 57 11 16 10 6 1 1 1 0 2.59 4 4 4 4 
200 1 1 1 1 1 1 3 0 3 0 1 0 0 6 6 5 6 0 0 0 6 119 13 31 14 10 75 16 23 13 10 1 1 1 0 2.42 6 6 6 6 
126 0 0 1 1 1 1 4 0 4 0 1 0 0 22 22 2 22 0 0 1 21 215 28 99 29 39 88 34 65 28 37 6 6 6 2 0.89 30 30 30 24 
112 0 0 1 1 1 1 1 0 1 0 1 0 0 20 20 2 20 20 0 0 0 247 25 28 27 2 194 25 26 26 0 1 1 1 0 6.93 20 20 20 20 
113 0 0 1 1 1 1 3 0 3 0 1 0 0 2 2 0 2 0 0 0 2 51 5 10 5 2 36 4 7 5 2 1 1 1 0 3.6 2 2 2 2 
125 0 0 2 2 3 1 9 0 8 0 1 8 4 9 1 1 9 0 2 0 7 226 21 105 28 61 100 60 86 30 56 7 7 8 3 0.95 22 22 24 9 
111 0 0 2 2 2 1 5 0 5 0 1 0 0 20 20 2 20 0 0 0 20 252 27 111 35 49 114 41 72 33 39 5 5 6 2 1.03 31 31 34 22 
114 0 0 1 1 1 1 1 0 1 0 1 0 0 1 1 0 1 0 0 0 1 37 3 6 5 0 28 4 5 5 0 1 1 1 0 4.67 1 1 1 1 
119 0 0 1 1 1 1 50 9 41 0 1 0 0 2 2 0 2 0 0 1 1 165 22 88 8 78 55 30 33 8 25 1 1 1 0 0.63 2 2 2 2 
115 2 1 3 3 3 1 24 2 21 0 4 0 3 49 49 24 49 0 0 14 35 1418 172 1001 230 722 246 527 704 233 471 7 7 8 4 0.25 158 158 162 62 
117 0 0 2 2 2 1 4 0 4 0 1 0 0 11 11 4 11 0 0 1 10 190 20 57 21 22 113 23 38 21 17 8 8 12 2 1.98 18 18 22 14 
118 0 0 3 3 3 1 21 2 16 3 1 0 1 2 2 0 2 0 0 0 2 110 10 41 13 24 59 25 32 13 19 5 5 5 1 1.44 6 6 6 2 
120 0 0 1 1 1 1 3 0 3 0 1 0 0 3 3 1 3 0 0 1 2 78 9 20 13 5 49 12 16 13 3 1 1 1 0 2.45 3 3 3 3 
116 0 0 3 3 3 1 35 3 30 1 3 0 1 14 14 4 14 0 0 3 11 519 57 347 79 258 116 176 222 84 138 8 8 8 2 0.33 41 41 41 14 
124 0 0 5 5 5 1 20 1 17 1 1 2 0 3 1 0 3 0 1 0 2 109 8 60 16 34 41 30 46 18 28 10 10 10 2 0.68 15 15 15 3 
122 0 0 1 1 1 1 5 0 5 0 3 0 1 14 14 4 14 0 9 0 5 222 26 95 43 43 101 48 71 43 28 3 3 3 2 1.06 20 20 20 14 
121 0 0 2 2 2 1 9 0 9 0 3 0 1 32 32 2 32 0 1 0 31 466 40 309 107 187 117 151 221 100 121 6 6 6 2 0.38 70 70 73 37 
123 0 0 1 1 1 1 4 0 4 0 1 0 1 9 9 5 9 0 0 0 9 147 18 54 20 25 75 31 42 20 22 2 2 2 1 1.39 10 10 10 9 
366 1 1 1 1 1 1 5 0 5 0 2 1 3 14 13 4 14 2 4 0 8 269 26 95 47 38 149 50 67 41 26 2 2 2 1 1.57 16 16 16 14 
368 0 0 2 2 2 2 9 0 9 0 1 1 1 3 2 0 3 1 0 0 2 87 7 39 23 14 41 19 26 18 8 3 3 3 2 1.05 5 5 5 5 
367 0 0 1 1 1 1 7 0 6 1 1 2 0 3 1 0 3 0 1 0 2 82 5 25 14 7 52 9 14 9 5 2 2 2 1 2.08 4 4 4 3 
364 0 0 1 1 1 1 4 0 4 0 4 0 2 43 43 3 43 4 0 2 37 412 52 228 86 97 132 98 159 85 74 3 3 3 2 0.58 57 57 58 47 
365 0 0 3 3 3 1 16 2 14 0 1 0 1 1 1 0 1 0 0 0 1 54 6 23 11 10 25 13 18 11 7 3 3 3 1 1.09 3 3 3 1 
134 2 2 1 1 1 1 3 0 3 0 1 0 0 9 9 6 9 0 0 0 9 146 18 46 21 14 82 23 34 20 14 2 2 2 1 1.78 10 10 10 9 
136 0 0 1 1 1 1 4 0 4 0 1 0 0 8 8 2 8 0 0 0 8 113 13 43 16 15 57 18 30 16 14 3 3 3 1 1.33 11 11 11 8 
131 0 0 1 1 1 1 1 0 1 0 1 0 0 9 9 0 9 9 0 0 0 126 12 22 21 0 92 17 18 18 0 1 1 1 0 4.18 9 9 9 9 
132 1 1 3 3 3 1 14 1 12 0 5 0 2 39 39 11 39 2 11 0 26 914 105 552 162 345 257 259 369 151 218 7 7 8 4 0.47 113 111 119 57 
133 0 0 3 3 5 2 14 0 13 0 1 2 0 4 2 1 4 0 1 0 3 110 10 58 19 38 42 33 47 19 28 8 8 13 2 0.72 13 13 19 6 
138 1 1 2 2 3 1 11 0 10 0 2 0 1 19 19 9 19 0 0 0 19 418 48 218 62 126 152 110 158 60 98 7 7 8 4 0.7 47 47 51 27 
135 1 1 2 2 2 2 6 0 6 0 1 0 1 2 2 1 2 0 0 0 2 65 8 22 11 7 35 12 17 11 6 3 3 3 2 1.59 4 4 4 4 
137 1 1 2 2 2 1 7 0 7 0 1 0 1 18 18 3 18 0 1 0 17 269 29 143 48 68 97 62 97 46 51 3 3 4 2 0.68 34 34 36 18 
76 0 0 5 5 6 3 24 0 20 2 1 3 1 37 34 5 37 3 4 1 29 1126 61 785 209 514 280 368 560 205 355 27 27 31 7 0.36 192 192 220 98 
79 0 0 2 2 2 1 6 0 5 0 2 0 0 24 24 4 24 18 0 0 6 315 36 158 61 78 121 87 126 64 62 5 5 5 3 0.77 37 37 37 35 
73 0 0 1 1 1 1 3 0 3 0 1 0 0 2 2 0 2 0 0 0 2 49 5 10 5 2 34 4 7 5 2 1 1 1 0 3.4 2 2 2 2 
81 0 0 1 1 1 1 3 0 3 0 1 0 0 2 2 0 2 0 0 0 2 49 5 10 5 2 34 4 7 5 2 1 1 1 0 3.4 2 2 2 2 
71 0 0 1 1 1 1 1 0 1 0 1 0 0 8 8 2 8 8 0 0 0 96 12 14 13 2 70 12 13 13 0 1 1 1 0 5 8 8 8 8 
96 0 0 1 1 2 1 4 0 4 0 1 0 0 16 16 6 16 0 0 0 16 225 26 78 27 37 121 29 50 27 23 5 5 10 1 1.55 22 22 27 18 
85 0 0 1 1 1 1 5 0 5 0 1 0 2 11 11 3 11 1 0 0 10 178 20 74 28 31 84 35 52 27 25 3 3 3 2 1.14 16 16 16 15 
75 0 0 1 1 1 1 1 0 1 0 1 0 0 4 4 1 4 4 0 0 0 59 7 9 8 1 43 7 8 8 0 1 1 1 0 4.78 4 4 4 4 
77 0 0 2 2 2 1 9 0 8 0 1 1 1 6 5 1 6 1 1 0 4 138 14 58 16 32 66 31 45 17 28 5 5 5 2 1.14 13 13 13 8 
97 0 0 1 1 2 1 5 0 5 0 1 0 0 17 17 4 17 0 0 0 17 243 25 97 27 48 121 45 68 27 41 4 4 7 1 1.25 23 23 26 19 
86 0 0 2 2 2 2 8 0 7 0 1 0 1 5 5 0 5 1 0 0 4 110 10 50 19 24 50 26 37 19 18 4 4 5 3 1 10 10 11 9 
82 0 0 1 1 1 1 3 0 3 0 1 0 0 2 2 0 2 0 0 0 2 49 5 10 5 2 34 4 7 5 2 1 1 1 0 3.4 2 2 2 2 
80 0 0 2 2 2 1 7 0 7 0 1 0 0 20 20 8 20 0 1 0 19 326 26 163 48 87 138 87 123 52 71 11 11 13 6 0.85 39 39 49 22 
102 0 0 3 3 3 1 13 0 9 2 4 1 4 27 26 8 27 3 4 3 17 544 57 287 90 172 200 144 216 96 120 11 11 15 5 0.7 68 68 82 27 
78 0 0 1 1 1 1 3 0 3 0 1 0 0 9 9 1 9 0 0 0 9 118 13 50 29 13 55 26 37 26 11 2 2 2 1 1.1 10 10 10 9 
87 1 1 3 3 3 2 13 0 11 1 1 0 1 25 25 4 25 1 0 0 24 546 34 328 96 198 184 183 252 106 146 15 15 16 3 0.56 74 74 78 54 
88 2 2 3 3 3 2 13 0 12 0 1 0 2 18 18 7 18 0 1 0 17 447 39 275 112 149 133 147 202 107 95 7 7 8 3 0.48 53 53 54 29 
74 3 2 5 5 5 1 31 1 24 5 1 8 3 40 32 11 40 4 11 6 19 1737 119 1021 318 690 597 588 765 277 488 52 52 66 6 0.58 199 199 216 56 
83 0 0 1 1 1 1 1 0 1 0 1 0 0 3 3 0 3 3 0 0 0 50 5 7 6 0 38 5 6 6 0 1 1 1 0 5.43 3 3 3 3 
70 0 0 1 1 1 1 1 0 1 0 1 0 0 5 5 1 5 5 0 0 0 66 8 10 9 1 48 8 9 9 0 1 1 1 0 4.8 5 5 5 5 
69 0 0 2 2 2 1 7 0 7 0 1 1 1 6 5 1 6 1 1 0 4 128 12 49 13 27 67 24 36 13 23 4 4 4 1 1.37 12 12 12 8 
95 0 0 1 1 1 1 5 0 4 0 1 0 0 19 19 5 19 0 0 0 19 261 28 100 31 50 133 44 69 31 38 3 3 7 1 1.33 24 24 28 21 
84 0 0 2 2 2 2 7 0 7 0 1 0 1 6 6 0 6 1 0 0 5 117 11 55 23 26 51 30 42 23 19 5 5 5 2 0.93 12 12 13 9 
72 1 1 4 3 4 1 17 0 16 1 8 1 2 32 31 15 32 23 0 1 8 737 72 575 142 382 91 232 345 116 229 11 10 13 4 0.16 119 109 127 37 
93 1 1 4 4 4 1 15 0 14 0 1 0 0 24 24 4 24 0 20 0 4 694 41 391 74 269 262 214 309 72 237 15 15 15 4 0.67 100 100 102 28 
94 0 0 3 3 3 1 12 0 11 0 1 1 1 19 18 4 19 0 14 0 5 413 30 249 59 152 134 146 203 65 138 7 7 9 4 0.54 58 58 66 22 
91 0 0 2 2 2 2 11 1 10 0 1 0 37 5 5 2 5 0 0 0 5 158 22 107 51 87 29 75 85 50 35 5 5 7 2 0.27 9 9 11 9 
92 0 0 2 2 2 1 8 0 8 0 1 0 0 6 6 3 6 0 0 0 6 128 12 58 13 36 59 36 47 13 34 5 5 6 1 1.02 10 10 11 6 
89 0 0 2 2 2 1 13 0 12 0 1 0 2 8 8 7 8 0 2 0 6 260 23 142 56 79 95 70 90 51 39 4 4 4 2 0.67 18 18 18 8 
90 0 0 2 2 2 1 13 0 11 1 1 1 0 12 11 1 12 0 4 3 5 284 21 168 69 97 95 104 130 62 68 4 4 4 1 0.57 26 26 26 14 
100 0 0 2 2 2 1 7 0 7 0 1 0 0 5 5 2 5 0 1 0 4 102 11 48 21 24 43 25 35 21 14 2 2 2 1 0.9 9 9 9 5 
101 0 0 0 0 0 0 0 0 0 0 1 0 0 0 0 24 0 0 0 0 0 96 26 27 26 24 43 25 26 26 0 0 0 0 0 1.59 0 0 0 0 
99 1 1 4 4 4 1 29 1 25 2 1 1 0 7 6 3 7 0 3 0 4 339 27 212 68 138 100 103 130 58 72 9 9 9 3 0.47 27 27 29 9 
98 0 0 4 4 4 1 28 2 24 1 1 1 0 6 5 2 6 0 5 0 1 281 28 166 44 111 87 95 117 46 71 6 6 7 2 0.52 22 22 24 6 
193 1 1 2 2 2 1 6 0 5 0 3 0 0 12 12 4 12 1 2 0 9 244 21 100 49 35 123 47 67 44 23 3 3 3 2 1.23 18 18 18 16 
186 0 0 1 1 1 1 5 0 5 0 1 0 1 7 7 1 7 3 0 0 4 129 13 51 22 19 65 23 36 21 15 3 3 3 2 1.27 9 9 9 7 
191 0 0 1 1 1 1 3 0 3 0 1 0 0 3 3 2 3 3 0 0 0 66 7 16 8 4 43 8 12 8 4 1 1 1 0 2.69 3 3 3 3 
192 0 0 4 4 5 2 15 0 14 1 1 0 1 8 8 5 8 6 0 0 2 273 20 139 47 74 114 67 99 47 52 8 8 10 4 0.82 32 32 37 13 
187 0 0 1 1 1 1 1 0 1 0 1 0 0 3 3 0 3 3 0 0 0 50 5 7 6 0 38 5 6 6 0 1 1 1 0 5.43 3 3 3 3 
194 0 0 3 3 4 2 17 1 13 2 2 0 1 6 6 8 6 6 0 0 0 250 28 106 44 50 116 59 79 40 39 14 14 20 3 1.09 19 19 25 13 
196 3 2 2 2 2 1 7 0 7 0 1 0 1 9 9 3 9 1 0 0 8 186 17 83 30 42 86 45 61 30 31 4 4 4 2 1.04 16 16 17 13 
197 0 0 2 2 2 1 6 0 6 0 1 0 0 9 9 4 9 1 1 0 7 163 16 70 26 30 77 35 52 25 27 4 4 4 2 1.1 16 16 17 9 
195 1 1 2 2 2 1 9 0 9 0 1 6 1 21 15 11 21 2 1 0 18 513 38 236 91 118 239 90 127 58 69 6 6 6 3 1.01 37 37 40 28 
190 1 1 3 3 3 1 24 0 19 4 1 0 1 15 15 4 15 4 5 0 6 575 36 331 119 229 208 163 205 119 86 26 26 27 8 0.63 48 48 49 19 
184 0 0 1 1 1 1 1 0 1 0 1 0 0 1 1 0 1 1 0 0 0 34 4 5 4 0 25 3 4 4 0 1 1 1 0 5 1 1 1 1 
198 0 0 2 2 2 1 5 0 5 0 1 0 1 9 9 5 9 0 1 0 8 168 19 69 30 27 80 35 50 27 23 5 5 7 3 1.16 15 15 17 9 
188 0 0 2 2 2 1 11 0 10 1 1 0 2 10 10 7 10 7 0 0 3 252 25 128 42 71 99 72 96 43 53 4 4 4 3 0.77 23 23 23 10 
189 1 1 3 3 3 1 15 1 13 0 1 0 1 6 6 3 6 0 0 0 6 195 21 107 47 51 67 52 68 36 32 6 6 6 2 0.63 15 15 15 6 
185 0 0 0 0 0 0 0 0 0 0 1 0 0 0 0 0 0 0 0 0 0 30 2 4 3 0 24 2 3 3 0 0 0 0 0 6 0 0 0 0 
285 0 0 2 2 2 1 4 0 4 0 1 0 0 4 4 1 4 0 0 1 3 83 8 26 13 7 49 13 19 12 7 3 3 3 1 1.88 6 6 6 4 
219 0 0 1 1 1 1 1 0 1 0 1 0 0 2 2 0 2 0 0 0 2 65 5 19 18 0 41 9 10 10 0 1 1 1 0 2.16 2 2 2 2 
294 0 0 1 1 1 1 3 0 3 0 1 0 0 5 5 0 5 0 0 0 5 73 6 21 7 7 46 7 14 7 7 2 2 2 1 2.19 6 6 6 5 
353 0 0 1 1 1 1 3 0 3 0 1 0 0 12 12 0 12 0 0 0 12 72 13 39 14 12 20 13 26 14 12 1 1 1 0 0.51 12 12 12 12 
301 0 0 1 1 2 1 3 0 3 0 1 0 0 6 6 1 6 0 0 0 6 86 9 28 11 10 49 11 19 11 8 3 3 4 1 1.75 8 8 9 6 
296 0 0 2 2 2 1 4 0 4 0 1 0 0 6 6 2 6 0 0 0 6 96 10 34 12 14 52 15 24 12 12 4 4 5 1 1.53 10 10 11 6 
221 0 0 1 1 1 1 1 0 1 0 1 0 0 1 1 0 1 1 0 0 0 36 3 6 5 0 27 4 5 5 0 1 1 1 0 4.5 1 1 1 1 
292 0 0 1 1 1 1 4 0 4 0 1 0 4 13 13 3 13 0 0 0 13 198 22 65 24 31 111 29 45 24 21 3 3 6 1 1.71 16 16 19 13 
289 0 0 2 2 2 1 7 0 7 0 1 0 1 8 8 1 8 0 0 0 8 149 13 64 18 33 72 28 46 19 27 4 4 4 2 1.13 18 18 18 8 
297 0 0 1 1 1 1 4 0 3 0 1 0 0 4 4 0 4 0 0 0 4 64 6 19 7 6 39 7 13 7 6 2 2 2 1 2.05 5 5 5 4 
295 0 0 1 1 1 1 4 0 4 0 1 0 0 5 5 0 5 0 0 0 5 70 6 23 7 9 41 7 14 7 7 2 2 2 1 1.78 6 6 6 5 
293 0 0 1 1 1 1 3 0 3 0 1 0 0 5 5 0 5 0 0 0 5 72 6 21 7 7 45 7 14 7 7 2 2 2 1 2.14 6 6 6 5 
290 0 0 1 1 1 1 3 0 3 0 2 0 0 13 13 3 13 0 0 0 13 191 21 60 24 22 110 25 42 24 18 3 3 4 1 1.83 16 16 17 13 
288 0 0 1 1 1 1 4 0 4 0 1 0 1 8 8 1 8 0 0 0 8 113 11 37 13 16 65 14 25 13 12 2 2 3 1 1.76 10 10 11 8 
222 0 0 3 3 3 1 12 0 11 0 2 0 2 7 7 5 7 0 2 0 5 182 18 110 45 57 54 66 89 49 40 7 7 7 4 0.49 19 19 20 7 
300 0 0 0 0 0 0 0 0 0 0 1 0 0 0 0 24 0 0 0 0 0 147 25 27 26 24 95 25 26 26 0 0 0 0 0 3.52 0 0 0 0 
218 0 0 1 1 1 1 1 0 1 0 1 0 0 7 7 0 7 7 0 0 0 109 10 23 22 0 76 17 18 18 0 1 1 1 0 3.3 7 7 7 7 
220 1 1 1 1 1 1 4 0 4 0 1 0 0 9 9 7 9 0 0 0 9 169 18 53 27 16 98 28 38 22 16 1 1 1 0 1.85 9 9 9 9 
355 1 1 2 2 2 1 10 0 10 0 1 0 0 9 9 7 9 0 0 2 7 221 24 122 59 52 75 68 85 42 43 4 4 4 2 0.61 17 17 17 11 
217 0 0 1 1 1 1 5 0 5 0 1 0 2 5 5 3 5 0 1 0 4 116 13 45 28 12 58 26 33 23 10 2 2 2 1 1.29 6 6 6 5 
287 0 0 1 1 1 1 2 0 2 0 1 0 12 6 6 1 6 0 0 0 6 125 20 30 22 17 75 22 26 22 4 1 1 1 0 2.5 6 6 6 6 
291 0 0 1 1 1 1 1 0 1 0 1 0 0 12 12 0 12 12 0 0 0 47 13 15 14 0 19 13 14 14 0 1 1 1 0 1.27 12 12 12 12 
354 0 0 1 1 1 1 6 0 5 0 1 2 0 3 1 0 3 0 1 0 2 85 9 21 15 4 55 7 11 9 2 1 1 1 0 2.62 3 3 3 3 
286 0 0 1 1 2 1 3 0 3 0 1 0 0 10 10 3 10 0 0 0 10 136 16 45 19 16 75 19 31 19 12 4 4 6 1 1.67 13 13 15 10 
318 0 0 1 1 1 1 1 0 1 0 1 0 0 4 4 0 4 4 0 0 0 71 8 11 10 0 52 7 8 8 0 1 1 1 0 4.73 4 4 4 4 
351 0 0 2 2 2 2 6 0 6 0 1 2 3 2 0 3 2 0 0 0 2 96 9 45 25 19 42 28 35 23 12 3 3 3 2 0.93 4 4 4 4 
352 0 0 3 3 3 1 14 0 14 0 1 1 2 15 14 1 15 0 2 0 13 292 22 229 40 179 41 148 199 42 157 24 24 24 2 0.18 50 50 50 15 
299 0 0 1 1 2 1 4 0 4 0 1 0 0 23 23 9 23 0 0 0 23 336 35 115 37 54 186 59 84 37 47 5 5 11 1 1.62 29 29 35 23 
302 1 1 1 1 1 1 1 0 1 0 1 0 0 2 2 0 2 2 0 0 0 62 5 9 8 0 48 6 7 7 0 1 1 1 0 5.33 2 2 2 2 
298 0 0 1 1 2 1 3 0 3 0 1 0 0 8 8 2 8 0 0 0 8 121 12 37 14 14 72 16 26 14 12 4 4 5 1 1.95 11 11 12 8 
242 3 2 2 2 2 1 9 0 8 0 3 0 2 20 20 12 20 11 0 5 4 385 40 200 55 109 145 98 146 54 92 9 9 9 2 0.72 46 46 46 20 
256 0 0 2 2 2 2 9 0 7 1 2 1 3 13 12 3 13 2 1 0 10 251 31 119 32 66 101 52 83 39 44 10 10 11 6 0.85 27 27 29 23 
244 0 0 2 2 3 2 10 0 9 1 2 0 0 8 8 7 8 2 1 1 4 223 24 96 38 51 107 53 75 38 37 6 6 7 4 1.11 19 19 21 16 
284 0 0 2 2 2 1 9 0 8 0 5 0 0 20 20 11 20 2 2 2 14 402 40 195 71 96 167 98 140 74 66 19 19 23 7 0.86 39 39 43 20 
252 0 0 1 1 1 1 3 0 3 0 1 0 0 2 2 0 2 2 0 0 0 47 5 12 7 2 30 6 9 7 2 1 1 1 0 2.5 2 2 2 2 
236 2 1 3 3 3 1 11 0 10 0 5 1 1 18 17 5 18 5 5 0 8 390 34 226 72 130 130 120 170 77 93 13 13 16 4 0.58 47 47 51 23 
235 0 0 1 1 1 1 2 0 2 0 1 0 0 4 4 2 4 3 0 0 1 62 9 16 10 3 37 10 13 10 3 1 1 1 0 2.31 4 4 4 4 
265 0 0 2 2 2 1 7 1 5 0 1 4 4 5 1 2 5 0 1 0 4 119 21 46 18 24 52 23 34 17 17 5 5 5 2 1.13 9 9 9 5 
277 0 0 2 2 2 1 6 0 5 0 5 0 0 19 19 10 19 1 2 2 14 313 37 135 51 57 141 72 104 56 48 10 10 10 3 1.04 29 29 29 22 
282 0 0 1 1 2 1 6 0 5 0 5 0 1 20 20 12 20 0 2 2 16 348 46 136 52 59 167 67 99 52 47 6 6 7 3 1.23 29 29 30 24 
255 0 0 1 1 1 1 3 0 3 0 4 2 1 18 16 4 18 16 0 0 2 257 29 87 35 33 141 39 62 37 25 3 3 4 2 1.62 20 20 21 18 
246 0 0 3 3 4 1 16 0 15 1 2 1 4 5 4 6 5 4 1 0 0 191 19 93 28 55 79 52 73 30 43 6 6 7 3 0.85 17 17 18 5 
273 0 0 3 3 3 2 18 0 15 2 4 0 1 13 13 6 13 2 1 0 10 297 33 170 49 98 95 99 134 54 80 11 11 12 3 0.56 34 34 35 21 
262 0 0 3 3 3 2 14 0 11 2 1 2 2 3 1 0 3 0 1 0 2 76 7 40 14 26 29 20 29 13 16 4 4 4 2 0.72 8 8 8 5 
283 1 1 1 1 1 1 6 0 6 0 2 1 2 17 16 3 17 0 1 0 16 227 24 108 43 43 95 43 69 35 34 2 2 2 1 0.88 22 22 22 17 
260 0 0 1 1 1 1 2 0 2 0 1 1 7 2 1 0 2 0 1 0 1 85 11 15 11 8 59 9 12 11 1 1 1 1 0 3.93 2 2 2 2 
245 0 0 1 1 1 1 1 0 1 0 1 0 0 1 1 0 1 1 0 0 0 38 4 5 4 0 29 3 4 4 0 1 1 1 0 5.8 1 1 1 1 
238 0 0 2 2 2 1 6 0 6 0 1 0 0 12 12 5 12 12 0 0 0 216 20 99 39 51 97 59 80 41 39 5 5 6 2 0.98 18 18 19 12 
248 0 0 1 1 1 1 1 0 1 0 1 0 0 1 1 0 1 1 0 0 0 35 4 5 4 0 26 3 4 4 0 1 1 1 0 5.2 1 1 1 1 
247 0 0 3 3 3 1 15 0 12 2 4 0 2 15 15 15 15 8 0 0 7 463 56 221 67 133 186 130 174 72 102 12 12 13 5 0.84 41 41 43 21 
271 0 0 3 3 3 2 16 0 11 4 1 2 1 3 1 0 3 0 1 0 2 76 7 39 11 24 30 18 27 10 17 4 4 4 2 0.77 8 8 8 5 
275 3 1 8 7 8 2 40 1 34 5 1 1 1 17 16 7 17 0 4 0 13 880 55 649 176 458 185 379 483 179 304 38 20 41 4 0.29 135 111 139 28 
274 0 0 1 1 1 1 4 0 4 0 1 0 0 3 3 1 3 1 0 1 1 64 6 19 9 5 39 9 14 9 5 2 2 2 1 2.05 4 4 4 3 
257 1 1 1 1 2 1 7 0 7 0 1 0 0 8 8 6 8 1 1 0 6 169 17 76 30 35 76 40 54 29 25 3 3 5 4 1 11 11 13 8 
268 1 1 1 1 1 1 3 0 3 0 1 0 0 7 7 6 7 1 0 0 6 116 16 44 23 13 61 27 35 23 12 1 1 1 0 1.39 7 7 7 7 
237 3 2 2 2 2 1 11 0 10 1 11 9 22 71 62 30 71 38 11 0 22 1758 173 815 238 495 770 447 619 237 382 13 13 13 4 0.94 161 161 163 90 
239 1 1 2 2 2 1 14 0 12 1 1 0 1 6 6 4 6 0 2 0 4 214 18 104 47 55 92 65 82 46 36 4 4 4 3 0.88 14 14 14 6 
258 5 2 3 2 3 1 17 0 15 1 1 1 1 15 14 4 15 0 3 11 1 482 29 270 95 178 184 134 165 87 78 11 10 11 4 0.68 44 36 44 20 
263 0 0 2 2 2 1 6 0 6 0 1 0 1 11 11 6 11 1 0 1 9 204 21 85 31 39 98 42 61 29 32 4 4 4 2 1.15 18 18 19 11 
267 0 0 1 1 2 1 4 0 4 0 3 0 0 16 16 6 16 3 0 1 12 223 28 94 34 37 101 41 66 34 32 6 6 8 2 1.07 23 23 26 16 
249 2 2 2 2 2 1 9 0 8 0 1 0 3 10 10 3 10 10 0 0 0 229 20 104 44 56 105 59 79 42 37 5 5 5 4 1.01 17 17 18 10 
251 0 0 1 1 1 1 3 0 3 0 1 0 0 6 6 3 6 0 0 0 6 108 12 30 15 8 66 16 23 15 8 1 1 1 0 2.2 6 6 6 6 
250 1 1 4 4 4 1 22 1 19 1 2 0 2 6 6 7 6 0 0 1 5 280 28 155 67 83 97 96 118 64 54 10 10 11 3 0.63 21 21 23 6 
281 0 0 2 2 2 1 8 0 7 0 1 0 1 5 5 6 5 0 1 0 4 141 16 61 33 22 64 38 47 29 18 3 3 3 2 1.05 8 8 8 5 
279 1 1 2 2 3 1 9 0 8 0 3 0 2 19 19 10 19 2 2 1 14 404 45 197 65 105 162 105 147 64 83 9 9 13 7 0.82 43 43 50 25 
254 0 0 1 1 1 1 4 0 4 0 3 0 0 19 19 2 19 0 0 4 15 260 29 94 37 34 137 42 68 35 33 2 2 3 1 1.46 23 23 26 19 
269 0 0 7 6 7 3 27 2 22 3 1 1 1 3 2 3 3 1 2 0 0 162 16 81 25 51 65 50 67 30 37 17 14 18 3 0.8 20 17 21 9 
243 0 0 2 2 2 1 6 0 6 0 4 0 1 12 12 4 12 8 2 0 2 217 20 99 39 45 98 50 72 40 32 5 5 5 3 0.99 20 20 20 12 
272 1 1 2 2 2 2 9 0 8 0 2 0 0 11 11 7 11 2 0 0 9 283 23 127 48 60 133 68 95 49 46 9 9 9 5 1.05 26 26 26 17 
264 0 0 1 1 1 1 1 0 1 0 1 0 0 2 2 0 2 2 0 0 0 50 6 7 6 0 37 5 6 6 0 1 1 1 0 5.29 2 2 2 2 
240 7 1 2 2 2 1 7 0 6 0 4 0 7 48 48 18 48 0 2 5 41 800 88 373 161 193 343 201 275 154 121 9 9 10 4 0.92 75 75 77 51 
270 0 0 3 3 3 2 14 0 13 0 2 0 1 7 7 4 7 3 1 0 3 210 19 118 48 62 75 59 83 41 42 11 11 12 5 0.64 20 20 23 11 
261 0 0 1 1 1 1 10 0 8 1 2 0 1 7 7 2 7 0 0 1 6 141 13 54 22 27 74 25 36 22 14 3 3 3 1 1.37 10 10 10 9 
253 0 0 1 1 1 1 4 0 4 0 1 0 0 7 7 2 7 0 0 1 6 134 13 40 18 14 81 19 29 18 11 2 2 3 1 2.02 9 9 10 7 
280 0 0 1 1 1 1 3 0 3 0 1 0 0 9 9 2 9 1 0 0 8 112 14 43 18 16 55 21 32 18 14 2 2 3 1 1.28 10 10 11 9 
266 1 1 3 3 3 2 13 0 12 1 1 0 0 2 2 0 2 0 0 0 2 80 5 37 18 16 38 22 28 18 10 4 4 4 3 1.03 5 5 5 4 
241 3 2 2 2 2 1 6 0 6 0 1 0 2 9 9 3 9 5 2 2 0 188 17 80 34 38 91 48 63 36 27 4 4 4 3 1.14 16 16 16 9 
278 0 0 1 1 1 1 6 0 6 0 4 0 2 19 19 10 19 1 1 2 15 344 36 151 60 66 157 78 112 60 52 5 5 5 4 1.04 26 26 26 22 
259 1 1 2 2 2 1 9 0 8 0 2 0 0 11 11 7 11 1 1 3 6 235 27 110 33 58 98 53 76 31 45 9 8 9 5 0.89 22 21 24 11 
276 0 0 1 1 1 1 5 0 5 0 5 0 0 20 20 8 20 2 2 0 16 290 33 131 58 52 126 68 97 57 40 4 4 4 2 0.96 27 27 27 20 
223 0 0 1 1 1 1 3 0 3 0 1 0 0 13 13 3 13 0 0 0 13 144 18 53 20 18 73 23 39 21 18 2 2 2 1 1.38 15 15 15 13 
335 0 0 1 1 1 1 3 0 3 0 1 0 0 7 7 2 7 0 0 0 7 57 11 27 12 7 19 11 19 12 7 1 1 1 0 0.7 7 7 7 7 
333 0 0 1 1 1 1 3 0 3 0 1 0 0 6 6 1 6 0 0 0 6 49 9 23 10 6 17 9 16 10 6 1 1 1 0 0.74 6 6 6 6 
332 0 0 1 1 1 1 3 0 3 0 1 0 0 8 8 2 8 0 0 0 8 61 13 29 12 8 19 11 20 12 8 1 1 1 0 0.66 8 8 8 8 
327 0 0 1 1 1 1 3 0 3 0 1 0 0 14 14 5 14 0 0 0 14 89 21 51 22 15 17 21 36 22 14 1 1 1 0 0.33 14 14 14 14 
319 0 0 1 1 1 1 3 0 3 0 1 0 0 17 17 0 17 0 0 0 17 92 18 54 19 17 20 18 36 19 17 1 1 1 0 0.37 17 17 17 17 
347 1 1 3 3 4 2 18 0 15 1 6 3 3 34 31 6 34 3 7 0 24 856 76 553 158 369 227 304 415 165 250 14 14 19 5 0.41 116 116 133 54 
348 0 0 1 1 1 1 3 0 3 0 1 0 0 4 4 0 4 0 0 0 4 62 7 23 14 4 32 10 15 11 4 1 1 1 0 1.39 4 4 4 4 
349 0 0 5 5 6 1 21 0 20 0 1 4 0 19 15 4 19 0 5 0 14 543 39 414 97 285 90 243 331 104 227 14 14 19 4 0.22 87 87 106 22 
303 0 0 1 1 1 1 3 0 3 0 1 0 0 4 4 0 4 0 0 0 4 62 7 23 14 4 32 10 15 11 4 1 1 1 0 1.39 4 4 4 4 
316 0 0 4 4 4 1 19 0 18 0 1 1 0 16 15 3 16 0 2 0 14 415 26 334 80 232 55 202 273 83 190 18 18 18 3 0.16 70 70 71 16 
304 0 0 1 1 1 1 4 0 4 0 1 1 0 20 19 5 20 0 0 0 20 151 27 91 29 36 33 38 67 31 36 4 4 4 3 0.36 29 29 29 20 
315 2 2 10 9 11 2 42 0 38 3 1 2 29 14 12 3 14 1 10 0 3 928 62 602 147 461 266 312 434 140 294 46 46 50 6 0.44 143 124 157 34 
173 0 0 1 1 1 1 4 0 4 0 1 0 0 6 6 5 6 0 0 0 6 124 15 38 21 10 71 20 27 17 10 1 1 1 0 1.87 6 6 6 6 
172 0 0 1 1 1 1 1 0 1 0 1 0 0 5 5 3 5 5 0 0 0 118 11 19 18 3 88 14 15 15 0 1 1 1 0 4.63 5 5 5 5 
180 0 0 1 1 1 1 4 0 4 0 1 0 1 5 5 0 5 0 0 0 5 60 8 26 10 9 26 10 18 10 8 3 3 3 1 1 7 7 7 7 
171 0 0 1 1 1 1 4 0 4 0 3 0 0 11 11 5 11 0 0 0 11 174 18 70 28 28 86 34 49 28 21 4 4 4 2 1.23 15 15 15 11 
181 0 0 1 1 1 1 2 0 2 0 1 0 0 3 3 1 3 0 0 0 3 53 6 15 9 2 32 7 11 9 2 1 1 1 0 2.13 3 3 3 3 
179 0 0 3 3 4 1 13 0 12 1 1 0 0 2 2 1 2 0 0 0 2 72 5 36 19 17 31 22 29 19 10 5 5 7 2 0.86 6 6 8 2 
174 0 0 0 0 0 0 0 0 0 0 1 0 0 0 0 1 0 0 0 0 0 33 2 5 4 1 26 2 3 3 0 0 0 0 0 5.2 0 0 0 0 
177 1 1 3 3 3 2 11 1 9 1 1 0 1 6 6 5 6 0 0 0 6 146 20 74 28 32 52 35 52 23 29 5 5 6 2 0.7 16 16 18 9 
178 1 1 2 2 2 1 10 0 9 1 1 0 4 10 10 7 10 0 0 0 10 238 27 120 44 67 91 66 89 43 46 10 10 11 4 0.76 23 23 24 10 
176 0 0 1 1 1 1 4 0 4 0 1 0 1 5 5 0 5 0 0 0 5 60 8 26 10 9 26 10 18 10 8 3 3 3 1 1 7 7 7 7 
175 0 0 2 2 2 1 5 0 5 0 1 0 0 5 5 1 5 0 0 0 5 68 8 31 11 12 29 13 22 11 11 3 3 3 1 0.94 8 8 8 7 
54 0 0 2 2 2 1 5 0 5 0 1 0 0 9 9 0 9 0 0 6 3 142 12 59 20 31 71 28 41 19 22 10 10 10 3 1.2 18 18 18 9 
46 0 0 2 2 2 1 10 0 9 0 1 0 0 18 18 4 18 0 0 0 18 358 29 185 44 117 144 93 137 44 93 7 7 7 3 0.78 43 43 44 18 
25 0 0 2 2 2 1 5 0 5 0 1 0 9 32 32 5 32 4 2 10 16 432 43 185 59 95 204 79 123 59 64 8 3 8 2 1.1 57 48 59 32 
45 0 0 1 1 1 1 1 0 1 0 1 0 0 10 10 0 10 10 0 0 0 111 12 16 15 0 83 14 15 15 0 1 1 1 0 5.19 10 10 10 10 
33 0 0 1 1 1 1 3 0 3 0 1 0 0 2 2 0 2 0 0 0 2 49 5 10 5 2 34 4 7 5 2 1 1 1 0 3.4 2 2 2 2 
26 0 0 1 1 1 1 1 0 1 0 1 0 0 4 4 0 4 4 0 0 0 57 5 7 6 0 45 5 6 6 0 1 1 1 0 6.43 4 4 4 4 
27 0 0 1 1 1 1 1 0 1 0 1 0 0 4 4 0 4 4 0 0 0 64 6 10 9 0 48 6 7 7 0 1 1 1 0 4.8 4 4 4 4 
30 0 0 2 1 2 1 5 0 5 0 1 0 1 13 13 1 13 0 1 1 11 171 18 90 32 46 63 49 66 32 34 9 3 9 1 0.7 23 17 23 13 
44 1 1 1 1 1 1 5 0 3 1 1 0 1 13 13 2 13 0 0 0 13 190 20 65 27 25 105 35 50 27 23 2 2 2 1 1.62 14 14 14 13 
29 0 0 1 1 1 1 3 0 3 0 1 0 0 1 1 0 1 0 0 0 1 37 3 7 4 1 27 3 5 4 1 1 1 1 0 3.86 1 1 1 1 
31 0 0 1 1 1 1 1 0 1 0 1 0 0 9 9 0 9 9 0 0 0 105 11 15 14 0 79 13 14 14 0 1 1 1 0 5.27 9 9 9 9 
62 1 1 1 1 1 1 3 0 3 0 1 0 2 12 12 1 12 0 0 0 12 137 17 52 25 16 68 24 38 25 13 2 2 2 1 1.31 13 13 13 12 
39 0 0 2 2 2 1 10 0 8 1 1 0 0 26 26 6 26 0 0 3 23 501 56 241 68 133 204 106 163 54 109 5 5 5 3 0.85 55 55 58 29 
63 1 1 2 2 2 1 7 0 7 0 2 0 2 14 14 6 14 0 0 0 14 222 25 121 43 57 76 54 87 43 44 4 4 5 1 0.63 21 21 22 14 
32 0 0 1 1 1 1 3 0 3 0 1 0 0 2 2 0 2 0 0 0 2 47 4 9 4 2 34 3 6 4 2 1 1 1 0 3.78 2 2 2 2 
35 0 0 1 1 1 1 3 0 3 0 1 0 1 9 9 2 9 0 0 0 9 126 15 39 20 11 72 19 29 20 9 1 1 1 0 1.85 9 9 9 9 
34 0 0 2 2 2 1 4 0 4 0 1 1 1 7 6 1 7 0 0 0 7 120 12 41 14 16 67 17 29 14 15 3 3 3 1 1.63 11 11 11 9 
28 1 1 2 2 2 1 7 0 6 0 4 0 2 101 101 17 101 10 5 5 81 1392 154 751 213 412 494 353 544 213 331 15 15 17 6 0.66 189 189 197 128 
48 0 0 1 1 1 1 1 0 1 0 1 0 0 1 1 0 1 1 0 0 0 35 4 6 5 0 25 4 5 5 0 1 1 1 0 4.17 1 1 1 1 
36 0 0 1 1 1 1 1 0 1 0 1 0 0 3 3 0 3 3 0 0 0 56 5 9 8 0 42 6 7 7 0 1 1 1 0 4.67 3 3 3 3 
47 0 0 1 1 1 1 4 0 4 0 1 0 0 6 6 5 6 0 0 0 6 122 15 39 22 10 68 21 28 18 10 1 1 1 0 1.74 6 6 6 6 
41 0 0 1 1 1 1 1 0 1 0 1 0 0 11 11 0 11 11 0 0 0 175 14 19 18 0 142 14 15 15 0 1 1 1 0 7.47 11 11 11 11 
24 0 0 2 2 2 1 9 0 8 1 2 0 1 23 23 6 23 0 2 1 20 355 34 177 53 97 148 94 133 59 74 7 7 7 6 0.84 37 37 38 23 
37 1 1 2 2 2 1 11 0 8 2 2 0 1 46 46 6 46 1 0 0 45 904 94 434 148 238 376 206 304 125 179 11 11 11 3 0.87 92 92 95 61 
40 3 1 4 4 4 3 22 1 17 2 3 0 1 35 35 16 35 0 11 3 21 1253 116 665 194 413 472 365 489 183 306 21 21 29 5 0.71 128 128 142 89 
43 0 0 1 1 1 1 3 0 3 0 1 0 0 2 2 0 2 0 0 0 2 48 4 9 4 2 35 3 6 4 2 1 1 1 0 3.89 2 2 2 2 
42 0 0 3 3 3 1 12 0 11 0 1 0 0 9 9 2 9 0 0 0 9 197 14 113 24 52 70 48 88 31 57 4 4 4 3 0.62 28 28 28 9 
38 0 0 1 1 1 1 1 0 1 0 1 0 0 9 9 0 9 9 0 0 0 123 12 19 18 0 92 13 14 14 0 1 1 1 0 4.84 9 9 9 9 
64 1 1 3 3 4 2 12 0 12 0 1 0 2 18 18 5 18 0 3 1 14 430 34 252 90 137 144 125 184 85 99 15 15 19 4 0.57 62 62 72 31 
50 0 0 3 3 3 1 20 1 17 1 3 0 3 38 38 27 38 0 0 10 28 1074 108 721 196 487 245 397 512 184 328 8 8 8 5 0.34 104 104 105 38 
51 0 0 2 2 2 1 16 1 11 4 1 0 1 2 2 0 2 0 0 1 1 114 9 31 12 17 74 20 25 12 13 3 3 3 1 2.39 4 4 4 2 
53 0 0 1 1 1 1 3 0 3 0 1 0 0 3 3 1 3 0 0 1 2 81 10 20 13 5 51 12 16 13 3 1 1 1 0 2.55 3 3 3 3 
52 0 0 4 4 4 1 27 2 20 4 2 0 1 8 8 3 8 0 0 2 6 349 33 191 69 123 125 111 140 62 78 6 6 6 2 0.65 29 29 29 8 
49 0 0 1 1 1 1 3 0 3 0 1 0 0 9 9 4 9 0 0 1 8 167 15 40 20 11 112 20 30 20 10 1 1 1 0 2.8 9 9 9 9 
59 0 0 3 3 3 1 15 1 12 2 1 1 6 27 26 9 27 0 0 7 20 597 72 389 135 238 156 226 301 133 168 6 6 6 4 0.4 69 69 70 29 
61 0 0 3 3 3 1 19 1 17 1 1 4 4 19 15 4 19 0 4 6 9 516 52 370 124 237 94 203 274 120 154 8 8 8 4 0.25 64 64 65 23 
55 0 0 1 1 1 1 1 0 1 0 1 0 0 4 4 0 4 4 0 0 0 72 6 9 8 0 57 7 8 8 0 1 1 1 0 6.33 4 4 4 4 
57 0 0 2 2 2 1 10 0 9 1 1 0 0 6 6 1 6 0 0 0 6 129 10 68 25 36 51 40 54 25 29 4 4 5 2 0.75 12 12 13 8 
56 0 0 1 1 1 1 1 0 1 0 1 0 0 1 1 0 1 1 0 0 0 36 2 6 5 0 28 4 5 5 0 1 1 1 0 4.67 1 1 1 1 
58 0 0 4 4 4 1 39 1 29 13 1 6 2 6 0 0 6 0 0 0 6 364 18 206 82 131 165 141 167 79 88 6 6 6 4 0.8 26 26 26 6 
60 0 0 5 5 5 1 33 2 27 3 1 0 25 22 22 4 22 0 7 6 9 919 86 672 220 476 161 381 496 213 283 13 13 13 8 0.24 108 108 109 30 
129 0 0 1 1 1 1 4 0 4 0 1 0 2 8 8 2 8 0 0 0 8 156 17 61 32 24 78 36 46 30 16 3 3 3 1 1.28 10 10 10 8 
128 0 0 3 3 3 2 10 0 10 0 1 0 1 8 8 2 8 0 0 0 8 220 19 100 37 53 101 55 76 39 37 5 5 6 2 1.01 21 21 23 12 
127 0 0 1 1 1 1 1 0 1 0 1 0 0 1 1 0 1 1 0 0 0 35 2 5 4 0 28 3 4 4 0 1 1 1 0 5.6 1 1 1 1 
130 0 0 1 1 1 1 3 0 3 0 1 0 0 6 6 2 6 0 0 0 6 97 9 27 14 8 61 13 20 14 6 1 1 1 0 2.26 6 6 6 6 
68 0 0 3 3 3 2 14 0 12 1 1 0 5 20 20 5 20 0 0 0 20 548 34 292 81 174 222 127 191 70 121 7 7 7 3 0.76 64 64 67 32 
67 1 1 2 2 2 2 7 0 7 0 1 18 3 34 16 2 34 0 9 0 25 497 44 291 79 164 162 135 192 79 113 18 10 18 4 0.56 80 56 80 72 
156 2 1 2 2 2 1 12 0 10 0 2 0 1 21 21 3 21 1 1 14 5 463 47 248 78 145 168 127 175 70 105 8 8 9 3 0.68 49 49 51 30 
166 0 0 2 2 2 1 6 0 6 0 1 1 0 9 8 2 9 0 0 0 9 178 13 67 27 36 98 37 52 26 26 5 5 6 2 1.46 15 15 17 11 
146 0 0 1 1 1 1 1 0 1 0 1 0 0 1 1 0 1 1 0 0 0 34 4 5 4 0 25 3 4 4 0 1 1 1 0 5 1 1 1 1 
154 0 0 1 1 1 1 3 0 3 0 1 0 0 2 2 1 2 0 0 1 1 48 5 12 6 3 31 5 8 5 3 1 1 1 0 2.58 2 2 2 2 
145 0 0 1 1 1 1 1 0 1 0 1 0 0 6 6 0 6 6 0 0 0 77 10 13 12 0 54 11 12 12 0 1 1 1 0 4.15 6 6 6 6 
168 0 0 4 3 5 2 18 0 15 1 1 2 3 11 9 5 11 0 1 1 9 355 30 205 70 124 120 104 143 65 78 21 12 23 4 0.59 48 38 51 24 
163 0 0 1 1 1 1 5 0 5 0 1 0 0 7 7 0 7 0 0 0 7 97 11 44 19 16 42 16 26 15 11 2 2 2 1 0.95 9 9 9 7 
164 0 0 1 1 1 1 1 0 1 0 1 0 0 4 4 0 4 4 0 0 0 63 7 10 9 0 46 7 8 8 0 1 1 1 0 4.6 4 4 4 4 
152 0 0 1 1 1 1 1 0 1 0 1 0 0 10 10 0 10 10 0 0 0 106 13 16 15 0 77 14 15 15 0 1 1 1 0 4.81 10 10 10 10 
153 0 0 1 1 1 1 1 0 1 0 1 0 0 11 11 0 11 11 0 0 0 116 14 19 18 0 83 17 18 18 0 1 1 1 0 4.37 11 11 11 11 
158 0 0 3 3 3 1 14 1 11 1 1 1 1 21 20 7 21 6 1 0 14 512 65 270 97 162 177 159 212 93 119 11 11 12 4 0.66 53 53 55 30 
159 0 0 2 2 2 1 7 0 6 0 1 0 0 28 28 5 28 9 4 0 15 420 41 214 73 110 165 111 164 76 88 3 3 4 3 0.77 51 51 52 32 
147 0 0 1 1 1 1 1 0 1 0 1 0 0 2 2 0 2 2 0 0 0 43 5 6 5 0 32 4 5 5 0 1 1 1 0 5.33 2 2 2 2 
155 1 1 1 1 1 1 2 0 2 0 1 0 0 4 4 2 4 0 0 2 2 70 8 17 11 3 45 11 14 11 3 1 1 1 0 2.65 4 4 4 4 
167 0 0 1 1 1 1 4 0 4 0 1 1 0 6 5 1 6 0 0 0 6 113 9 37 16 15 67 18 26 14 12 2 2 2 1 1.81 7 7 7 6 
157 1 1 2 2 2 1 11 0 10 0 1 0 0 28 28 4 28 0 5 0 23 609 51 326 124 191 232 179 242 118 124 6 6 6 3 0.71 65 65 65 36 
151 2 1 2 2 2 2 9 0 9 0 1 0 1 18 18 0 18 0 1 1 16 320 24 199 73 106 97 91 128 62 66 4 4 4 2 0.49 43 43 43 28 
149 0 0 1 1 1 1 5 0 5 0 1 0 1 12 12 0 12 0 0 1 11 194 19 88 44 35 87 51 69 42 27 3 3 3 2 0.99 17 17 17 14 
161 1 1 1 1 1 1 4 0 3 0 1 0 1 16 16 4 16 0 0 0 16 200 27 86 48 23 87 43 61 41 20 2 2 2 1 1.01 17 17 18 16 
165 0 0 2 2 2 1 5 0 5 0 1 0 0 9 9 4 9 0 1 0 8 152 18 64 27 27 70 35 50 28 22 3 3 3 2 1.09 14 14 14 9 
150 0 0 1 1 1 1 1 0 1 0 1 0 0 11 11 0 11 11 0 0 0 154 14 29 28 0 111 21 22 22 0 1 1 1 0 3.83 11 11 11 11 
160 2 2 2 2 2 1 10 0 9 0 8 0 2 31 31 10 31 2 0 4 25 589 60 344 132 188 185 174 238 116 122 9 9 9 5 0.54 56 56 57 39 
148 0 0 1 1 1 1 1 0 1 0 1 0 0 1 1 0 1 1 0 0 0 66 5 8 7 0 53 6 7 7 0 1 1 1 0 6.63 1 1 1 1 
162 0 0 2 2 2 1 7 0 7 0 1 0 2 36 36 5 36 1 2 8 25 551 67 295 120 136 189 145 207 97 110 4 4 4 2 0.64 61 61 63 40 
21 0 0 2 2 2 1 9 0 8 0 1 0 1 28 28 5 28 0 0 11 17 498 48 267 96 129 183 130 193 89 104 6 6 6 3 0.69 60 60 62 33 
22 0 0 1 1 1 1 1 0 1 0 1 0 0 7 7 0 7 5 0 0 2 99 11 22 21 0 66 15 16 16 0 1 1 1 0 3 7 7 7 7 
23 0 0 2 2 2 1 7 0 6 0 1 0 0 11 11 3 11 0 0 1 10 214 19 91 41 40 104 46 64 33 31 3 3 3 2 1.14 17 17 18 11 
19 0 0 2 2 2 1 4 0 4 0 1 0 0 4 4 1 4 0 0 0 4 70 7 24 12 7 39 12 18 12 6 3 3 3 1 1.63 6 6 6 4 
20 0 0 1 1 1 1 1 0 1 0 1 0 0 1 1 0 1 1 0 0 0 35 4 6 5 0 25 4 5 5 0 1 1 1 0 4.17 1 1 1 1 
382 0 0 2 2 2 2 12 1 9 2 2 0 1 16 16 15 16 0 0 12 4 449 49 194 87 99 206 115 145 75 70 8 8 10 4 1.06 34 34 37 24 
377 0 0 3 3 4 2 20 0 17 3 2 0 3 10 10 5 10 0 0 1 9 329 18 198 59 125 113 104 142 56 86 5 5 6 4 0.57 34 34 35 23 
378 0 0 4 4 4 2 23 1 17 4 1 0 1 8 8 2 8 1 3 0 4 297 25 159 59 95 113 85 114 50 64 10 10 10 5 0.71 28 28 29 17 
381 0 0 2 2 2 1 16 1 11 3 1 0 2 8 8 1 8 0 1 6 1 223 23 116 57 58 84 59 78 48 30 8 8 9 3 0.72 18 18 19 11 
379 0 0 1 1 1 1 7 0 6 1 1 0 1 12 12 6 12 0 0 0 12 220 25 97 39 42 98 49 67 36 31 3 3 3 2 1.01 17 17 17 12 
370 0 0 1 1 1 1 1 0 1 0 1 0 0 4 4 0 4 4 0 0 0 74 8 10 9 0 56 7 8 8 0 1 1 1 0 5.6 4 4 4 4 
372 0 0 2 2 2 2 7 0 6 0 1 0 0 6 6 3 6 0 0 0 6 137 15 57 26 25 65 32 44 25 19 3 3 3 1 1.14 11 11 11 10 
371 0 0 1 1 1 1 3 0 3 0 1 0 0 5 5 4 5 0 0 0 5 105 12 28 14 8 65 15 21 13 8 1 1 1 0 2.32 5 5 5 5 
383 2 1 4 4 5 2 22 1 16 4 1 0 1 6 6 3 6 0 2 0 4 223 24 127 47 68 72 72 95 44 51 8 8 12 2 0.57 23 23 27 11 
369 0 0 5 5 6 2 32 1 24 6 1 0 1 7 7 5 7 0 0 2 5 316 27 204 77 121 87 113 150 68 82 11 11 13 4 0.43 37 37 39 13 
373 0 0 2 2 2 2 12 0 8 3 1 0 0 4 4 2 4 0 0 1 3 101 12 50 24 20 39 25 34 21 13 3 3 4 2 0.78 8 8 9 8 
375 1 1 8 8 8 1 36 1 29 5 2 0 0 6 6 11 6 1 1 0 4 330 24 209 60 136 97 98 139 53 86 17 17 17 4 0.46 46 46 47 6 
384 0 0 2 2 2 1 13 0 11 2 2 0 12 10 10 0 10 0 0 6 4 227 24 131 59 73 74 64 81 48 33 7 7 9 2 0.56 18 18 20 10 
376 0 0 1 1 1 1 4 0 4 0 1 0 0 5 5 2 5 0 0 1 4 100 12 33 13 12 55 15 23 13 10 2 2 2 1 1.67 7 7 7 5 
374 0 0 1 1 1 1 1 0 1 0 1 0 0 3 3 0 3 3 0 0 0 45 7 13 12 0 25 9 10 10 0 1 1 1 0 1.92 3 3 3 3 
380 1 1 7 7 8 3 69 5 48 15 1 0 1 7 7 9 7 0 0 2 5 619 54 388 120 264 181 216 271 106 165 18 18 20 6 0.47 51 51 54 22 
10 0 0 2 2 2 1 9 0 9 0 1 0 0 9 9 1 9 0 0 3 6 197 13 90 24 42 94 44 68 27 41 4 4 4 1 1.04 21 21 21 9 
5 0 0 1 1 1 1 3 0 3 0 1 0 0 2 2 0 2 0 0 0 2 51 4 9 4 2 38 3 6 4 2 1 1 1 0 4.22 2 2 2 2 
9 0 0 1 1 1 1 3 0 3 0 1 0 0 2 2 0 2 0 0 0 2 50 4 9 4 2 37 3 6 4 2 1 1 1 0 4.11 2 2 2 2 
12 0 0 1 1 1 1 1 0 1 0 1 0 0 4 4 0 4 0 0 0 4 58 6 6 6 0 46 5 6 6 0 1 1 1 0 7.67 4 4 4 4 
2 0 0 1 1 1 1 3 0 3 0 1 0 0 2 2 0 2 0 0 0 2 47 5 10 5 2 32 4 7 5 2 1 1 1 0 3.2 2 2 2 2 
14 0 0 3 3 3 1 17 1 15 1 2 9 2 10 1 0 10 0 3 1 6 352 24 163 48 99 165 78 111 40 71 6 6 8 3 1.01 32 32 34 10 
1 0 0 1 1 1 1 1 0 1 0 1 0 0 3 3 0 3 0 0 0 3 50 4 6 5 0 40 4 5 5 0 1 1 1 0 6.67 3 3 3 3 
4 0 0 1 1 1 1 1 0 1 0 1 0 0 4 4 0 4 2 0 0 2 73 7 9 8 0 57 6 7 7 0 1 1 1 0 6.33 4 4 4 4 
7 0 0 1 1 1 1 3 0 3 0 1 0 0 2 2 0 2 0 0 0 2 47 4 9 4 2 34 3 6 4 2 1 1 1 0 3.78 2 2 2 2 
8 0 0 2 2 2 1 7 0 6 0 7 11 10 86 75 10 86 0 6 0 80 1527 128 597 175 329 802 273 434 173 261 9 9 11 3 1.34 158 158 174 111 
13 0 0 5 5 5 2 26 1 19 5 2 5 2 6 1 0 6 0 1 1 4 271 21 131 31 80 119 58 86 27 59 18 18 20 5 0.91 27 27 29 13 
3 0 0 2 2 2 1 7 0 6 0 1 3 95 14 11 4 14 0 1 0 13 772 118 197 123 146 463 136 163 120 43 5 5 6 2 2.35 26 26 28 20 
11 0 0 2 2 2 1 6 0 5 0 1 0 0 3 3 1 3 0 0 0 3 65 6 24 9 9 35 10 16 9 7 2 2 2 1 1.46 5 5 5 3 
6 0 0 1 1 1 1 3 0 3 0 1 0 0 2 2 0 2 0 0 0 2 46 4 9 4 2 33 3 6 4 2 1 1 1 0 3.67 2 2 2 2 
406 0 0 2 2 3 1 11 0 11 0 1 10 4 11 1 0 11 0 1 0 10 278 17 148 55 89 113 82 110 47 63 8 8 13 4 0.76 25 25 32 11 
403 0 0 2 2 2 1 6 0 6 0 1 0 0 3 3 3 3 0 0 2 1 72 6 29 15 8 37 15 21 13 8 2 2 3 1 1.28 5 5 7 3 
409 0 0 5 5 5 4 17 1 15 1 1 2 2 5 3 4 5 0 1 2 2 192 13 90 28 45 89 37 61 23 38 13 13 15 3 0.99 23 23 27 19 
408 0 0 11 11 13 7 100 4 66 30 1 2 3 2 0 0 2 0 0 0 2 275 13 142 23 111 121 94 115 23 92 17 17 19 2 0.85 22 22 25 14 
404 0 0 3 3 4 1 13 0 12 1 1 6 3 7 1 0 7 0 3 0 4 188 14 94 23 61 80 40 62 23 39 9 9 10 5 0.85 21 21 28 9 
410 0 0 1 1 1 1 3 0 3 0 1 0 2 11 11 3 11 0 0 0 11 138 16 59 30 19 63 31 44 28 16 2 2 2 1 1.07 12 12 12 11 
398 0 0 2 2 2 1 5 0 5 0 1 0 0 13 13 3 13 0 0 0 13 184 19 84 25 39 81 39 60 24 36 4 4 4 2 0.96 20 20 20 13 
405 0 0 3 3 3 2 16 1 13 2 2 2 1 7 5 0 7 0 3 1 3 269 18 105 33 54 146 49 70 31 39 13 13 13 3 1.39 20 20 20 13 
397 1 1 2 2 3 1 8 0 8 0 3 1 0 34 33 7 34 1 7 0 26 604 57 303 87 168 244 148 232 95 137 8 8 11 4 0.81 82 82 92 46 
407 0 0 3 3 4 1 11 0 10 0 1 29 3 30 1 1 30 0 1 0 29 738 46 358 90 231 339 185 267 90 177 17 13 19 4 0.95 90 86 123 32 
396 0 0 2 2 2 1 7 0 7 0 2 0 0 6 6 4 6 0 2 0 4 152 13 54 14 26 85 22 39 14 25 4 4 4 1 1.57 12 12 12 6 
402 0 0 2 2 2 1 9 0 7 1 4 1 1 8 7 4 8 3 1 0 4 186 17 73 28 33 96 38 54 29 25 3 3 3 2 1.32 12 12 12 10 
412 0 0 2 2 2 1 6 0 6 0 3 0 0 20 20 8 20 0 2 0 18 334 35 145 46 71 154 75 115 51 64 4 4 4 2 1.06 37 37 37 24 
411 0 0 2 2 4 2 6 0 6 0 1 21 9 21 0 0 21 0 0 0 21 1024 49 760 41 697 633 683 725 45 680 6 6 17 5 0.83 41 41 77 41 
401 0 0 1 1 1 1 5 0 5 0 1 0 0 3 3 1 3 0 0 0 3 49 6 27 18 8 16 17 21 17 4 2 2 2 1 0.59 4 4 4 3 
400 0 0 3 3 3 1 14 0 12 0 2 0 1 3 3 3 3 0 0 0 3 109 8 59 27 29 42 36 47 27 20 6 6 7 3 0.71 9 9 10 3 
399 0 0 2 2 2 2 7 0 7 0 1 0 0 10 10 3 10 0 0 0 10 168 17 85 29 44 66 42 63 30 33 5 5 5 1 0.78 21 21 22 16 
16 0 0 0 0 0 0 0 0 0 0 1 0 0 0 0 32 0 0 0 0 0 191 26 35 34 32 130 33 34 34 0 0 0 0 0 3.71 0 0 0 0 
17 1 1 2 2 3 1 11 0 11 0 1 2 2 13 11 2 13 0 0 0 13 292 21 154 35 105 118 88 116 36 80 9 9 13 3 0.77 28 28 35 13 
18 0 0 2 2 2 1 9 0 8 1 1 1 4 5 4 0 5 0 1 0 4 158 17 55 16 31 90 28 40 16 24 7 7 7 4 1.64 12 12 12 5 
414 0 0 2 2 2 1 7 0 6 0 1 0 4 11 11 3 11 1 0 3 7 209 26 95 41 43 88 42 60 29 31 3 3 3 1 0.93 18 18 18 13 
415 0 0 3 3 4 2 14 0 13 0 1 0 1 7 7 2 7 0 0 0 7 193 14 107 27 66 72 48 72 25 47 10 10 10 3 0.67 24 24 26 12 
421 0 0 2 2 2 1 6 0 6 0 1 1 1 10 9 1 10 0 0 1 9 163 18 72 27 31 73 29 46 19 27 5 5 6 2 1.01 16 16 17 14 
420 0 0 2 2 2 2 9 0 8 0 1 1 1 9 8 1 9 0 0 1 8 191 18 90 29 45 83 35 56 21 35 5 5 6 2 0.92 20 20 21 15 
418 0 0 2 2 2 1 8 0 7 0 1 1 1 10 9 1 10 0 0 1 9 181 18 87 29 42 76 35 55 21 34 5 5 6 2 0.87 19 19 20 14 
422 0 0 2 2 2 1 8 0 7 0 1 1 1 10 9 1 10 0 0 1 9 181 18 87 29 42 76 35 55 21 34 5 5 6 2 0.87 19 19 20 14 
424 0 0 2 2 2 1 7 0 7 0 1 1 1 9 8 1 9 0 0 2 7 168 18 75 28 33 75 31 48 20 28 5 5 6 2 1 16 16 17 13 
419 0 0 2 2 2 1 7 0 7 0 1 1 1 9 8 1 9 0 0 2 7 169 18 75 28 33 76 31 48 20 28 5 5 6 2 1.01 16 16 17 13 
413 0 0 2 2 2 1 7 0 7 0 1 1 1 10 9 1 10 0 0 2 8 187 19 84 30 38 84 35 54 22 32 5 5 6 2 1 18 18 19 14 
416 0 0 2 2 3 2 7 0 7 0 1 0 1 4 4 1 4 0 0 1 3 90 8 35 11 17 47 15 25 11 14 5 5 6 2 1.34 9 9 10 8 
417 0 0 2 1 2 1 6 0 6 0 1 1 1 10 9 0 10 0 1 0 9 140 13 74 23 40 53 39 51 22 29 10 2 10 1 0.72 19 11 19 10 
423 0 0 5 3 5 2 21 1 16 2 2 21 0 23 2 0 23 0 1 0 22 782 61 406 93 265 317 161 228 70 158 48 16 48 3 0.78 104 64 104 46 
925 0 0 3 3 3 1 17 1 14 2 1 0 5 2 2 1 2 0 0 0 2 117 14 45 24 26 58 32 38 24 14 4 4 5 3 1.29 5 5 6 2 
