840 0 0 1 1 1 1 3 0 3 0 1 0 0 9 9 1 9 0 0 3 6 124 14 42 17 13 68 18 30 17 13 2 2 2 1 1.62 11 11 11 9 
1071 0 0 5 5 5 2 38 3 26 8 1 0 0 3 3 2 3 0 0 0 3 178 23 106 49 57 49 61 78 47 31 12 12 13 3 0.46 14 14 15 6 
385 0 0 5 5 5 2 34 2 25 5 1 0 4 36 36 3 36 0 5 5 26 1916 153 986 359 614 777 431 602 240 362 33 31 38 6 0.79 168 166 179 61 
356 0 0 3 3 3 2 15 0 14 0 5 0 2 42 42 12 42 2 9 3 28 986 85 600 170 361 301 269 419 162 257 9 9 9 5 0.5 139 139 146 75 
718 0 0 3 3 3 2 14 0 12 1 2 1 1 25 24 11 25 1 1 12 11 666 62 367 131 201 237 191 270 128 142 13 13 14 4 0.65 72 72 76 39 
182 0 0 1 1 1 1 1 0 1 0 1 0 0 11 11 0 11 11 0 0 0 208 15 26 25 0 167 19 20 20 0 1 1 1 0 6.42 11 11 11 11 
357 0 0 4 4 4 3 17 0 16 0 1 0 5 23 23 2 23 0 0 10 13 647 48 407 149 263 192 213 288 123 165 10 10 12 3 0.47 81 81 85 59 
362 0 0 1 1 1 1 1 0 1 0 1 0 0 6 6 0 6 6 0 0 0 70 8 9 8 0 53 7 8 8 0 1 1 1 0 5.89 6 6 6 6 
841 0 0 1 1 1 1 3 0 3 0 1 0 0 12 12 5 12 0 0 5 7 168 20 62 26 21 86 31 46 26 20 3 3 4 2 1.39 14 14 15 12 
140 0 0 1 1 1 1 6 0 5 0 4 0 4 39 39 5 39 2 0 12 25 451 50 211 79 101 192 101 149 82 67 5 5 5 3 0.91 53 53 58 48 
143 0 0 1 1 1 1 1 0 1 0 1 0 0 3 3 0 3 3 0 0 0 61 5 7 6 0 49 5 6 6 0 1 1 1 0 7 3 3 3 3 
142 2 7 3 3 3 2 14 0 11 2 2 0 1 51 51 8 51 12 15 1 23 1246 93 665 202 395 488 305 453 181 272 10 10 10 4 0.73 141 138 152 82 
1040 0 0 6 5 6 3 32 3 22 6 1 0 1 3 3 2 3 0 0 0 3 147 21 83 20 51 43 36 54 22 32 16 12 16 3 0.52 18 14 18 9 
1047 0 0 2 2 2 1 13 1 10 1 1 0 0 3 3 2 3 0 0 0 3 95 16 45 20 21 34 24 31 19 12 4 4 4 1 0.76 6 6 6 3 
1049 1 2 9 9 10 3 61 3 42 15 1 0 1 12 12 1 12 0 9 0 3 921 61 570 182 379 291 250 376 174 202 39 39 45 10 0.51 110 104 120 40 
386 0 0 4 4 4 2 15 0 14 0 1 0 10 19 19 2 19 0 6 0 13 547 38 318 118 174 191 134 208 94 114 18 18 19 2 0.6 72 72 77 35 
925 0 0 2 2 2 1 12 1 11 0 3 2 4 10 8 1 10 0 2 2 6 228 29 148 56 77 51 68 99 49 50 5 5 5 3 0.34 22 22 22 10 
391 0 0 2 2 3 1 11 0 9 1 1 0 1 11 11 6 11 0 1 0 10 269 25 128 42 66 116 71 97 42 55 9 9 11 5 0.91 27 27 29 11 
214 0 0 3 3 3 1 17 1 13 2 1 0 6 18 18 6 18 0 7 0 11 515 55 300 88 189 160 155 215 80 135 11 11 13 4 0.53 52 52 55 20 
845 0 0 1 1 1 1 3 0 3 0 1 0 0 1 1 0 1 1 0 0 0 37 3 7 4 1 27 3 5 4 1 1 1 1 0 3.86 1 1 1 1 
852 0 0 1 1 1 1 3 0 3 0 1 0 0 5 5 1 5 0 0 3 2 84 11 25 12 7 48 13 19 12 7 1 1 1 0 1.92 5 5 5 5 
139 1 10 3 3 3 2 17 1 14 2 13 0 2 162 162 4 162 5 4 25 128 3852 335 2265 700 1427 1257 1000 1442 584 858 27 27 30 6 0.55 433 433 469 251 
951 0 0 7 7 8 1 23 1 19 3 1 0 1 3 3 1 3 0 0 0 3 142 13 72 26 40 57 31 53 23 30 16 16 17 2 0.79 21 21 23 3 
851 0 0 1 1 1 1 3 0 3 0 1 0 0 3 3 0 3 1 0 0 2 57 6 15 8 3 36 7 11 8 3 1 1 1 0 2.4 3 3 3 3 
144 0 0 2 2 2 1 12 0 10 1 2 0 1 50 50 1 50 1 1 7 41 910 96 582 185 340 233 274 391 168 223 12 12 12 4 0.4 120 115 122 58 
913 0 0 2 2 2 1 9 0 7 0 1 0 1 14 14 1 14 0 3 11 0 190 23 133 54 70 34 76 104 56 48 5 5 5 2 0.26 29 29 32 16 
1091 1 3 6 6 8 2 56 4 40 12 1 0 0 4 4 2 4 0 1 0 3 303 29 202 87 121 72 103 132 80 52 22 22 27 5 0.36 25 25 31 9 
1039 0 0 3 3 3 1 12 0 12 0 1 0 1 6 6 3 6 0 3 0 3 145 20 100 40 46 25 52 71 36 35 5 5 5 4 0.25 17 17 17 6 
1046 0 0 1 1 1 1 3 0 3 0 1 0 0 23 23 12 23 11 0 0 12 326 38 112 47 42 176 63 87 46 41 1 1 1 0 1.57 23 23 23 23 
915 0 0 2 2 2 1 12 0 10 0 1 5 1 11 6 2 11 0 4 0 7 288 25 141 62 75 122 69 97 54 43 4 4 4 2 0.87 21 21 21 11 
932 0 0 5 5 5 3 21 0 20 1 1 1 3 4 3 1 4 0 2 0 2 171 15 112 46 62 48 55 76 39 37 8 8 9 4 0.43 19 19 21 10 
169 3 11 2 2 2 1 15 1 12 1 6 1 8 92 91 36 92 16 6 45 25 2441 266 1296 389 787 881 640 881 341 540 17 17 17 3 0.68 212 212 220 108 
965 0 0 1 1 1 1 4 0 4 0 1 0 0 3 3 1 3 1 0 0 2 48 8 21 10 7 19 10 15 10 5 2 2 2 1 0.9 4 4 4 3 
215 0 0 3 3 4 1 18 0 15 2 2 0 7 14 14 6 14 0 3 1 10 469 40 255 100 138 177 130 176 89 87 17 17 18 4 0.69 47 47 50 16 
141 0 0 2 2 2 1 8 0 7 0 2 0 4 77 77 14 77 0 3 14 60 1266 127 690 256 340 449 298 439 212 227 13 13 32 3 0.65 141 141 160 93 
170 0 0 1 1 1 1 1 0 1 0 1 0 0 2 2 0 2 2 0 0 0 43 3 5 4 0 35 3 4 4 0 1 1 1 0 7 2 2 2 2 
1048 0 0 4 4 4 1 30 2 23 5 1 0 0 5 5 5 5 0 2 0 3 216 29 141 60 81 46 75 95 48 47 11 11 13 2 0.33 20 20 22 5 
216 1 4 1 1 1 1 4 0 3 0 2 1 0 26 25 1 26 2 1 6 17 321 33 135 76 34 153 55 86 59 27 3 3 3 1 1.13 29 29 29 26 
1038 0 0 2 2 2 1 19 1 17 0 1 0 1 9 9 0 9 0 8 0 1 262 34 175 62 120 53 110 129 54 75 4 4 4 2 0.3 17 17 17 9 
363 0 0 2 2 2 1 10 0 9 0 1 3 8 17 14 7 17 0 4 0 13 377 42 185 52 110 150 103 144 55 89 7 7 7 3 0.81 39 39 40 21 
359 0 0 1 1 1 1 3 0 3 0 1 0 0 2 2 0 2 0 0 0 2 44 3 9 4 2 32 3 6 4 2 1 1 1 0 3.56 2 2 2 2 
387 0 0 2 2 2 1 8 0 8 0 5 0 5 24 24 5 24 2 2 0 20 451 45 205 67 112 201 89 129 60 69 3 3 3 2 0.98 38 38 40 28 
934 0 0 2 2 2 1 8 0 7 0 3 0 0 19 19 4 19 0 1 5 13 352 30 185 81 85 137 87 128 71 57 5 5 5 4 0.74 34 34 36 25 
1015 0 0 1 1 1 1 11 0 11 0 11 0 1 50 50 0 50 0 5 1 44 645 43 443 168 265 159 181 255 145 110 5 5 5 2 0.36 72 72 73 50 
183 0 0 2 2 2 1 16 1 12 1 1 0 1 33 33 11 33 3 2 2 26 914 103 491 195 254 320 243 327 145 182 7 7 7 3 0.65 77 77 77 35 
1070 0 0 1 1 1 1 3 0 3 0 1 0 0 8 8 1 8 1 0 0 7 102 13 40 23 8 49 16 25 17 8 1 1 1 0 1.23 8 8 8 8 
389 1 7 2 2 2 1 9 0 8 0 1 1 4 20 19 3 20 0 4 3 13 409 34 204 73 107 171 92 136 59 77 9 9 9 3 0.84 43 43 44 20 
361 0 0 3 3 3 2 10 0 8 1 1 0 0 6 6 1 6 0 0 5 1 139 10 67 27 26 62 28 46 23 23 4 4 5 3 0.93 15 15 16 12 
1042 0 0 1 1 1 1 3 0 3 0 1 0 0 10 10 4 10 0 0 3 7 145 18 51 24 20 77 22 36 23 13 3 3 3 2 1.51 13 13 13 10 
1043 0 0 1 1 1 1 1 0 1 0 1 0 0 6 6 0 6 6 0 0 0 61 9 9 8 0 43 7 8 8 0 1 1 1 0 4.78 6 6 6 6 
1045 0 0 1 1 1 1 1 0 1 0 1 0 0 2 2 1 2 2 0 0 0 40 5 6 5 1 29 4 5 5 0 1 1 1 0 4.83 2 2 2 2 
1044 0 0 2 2 2 1 8 0 7 1 2 0 6 20 20 11 20 7 1 0 12 305 43 175 62 101 87 80 127 62 65 14 14 15 3 0.5 35 35 36 22 
1041 0 0 2 2 2 1 9 0 8 0 3 0 1 14 14 3 14 0 2 1 11 255 25 132 41 68 98 61 97 43 54 3 3 3 2 0.74 25 25 25 14 
1103 1 1 1 1 1 1 3 0 3 0 1 0 0 2 2 1 2 0 0 1 1 37 5 12 7 3 20 6 9 6 3 1 1 1 0 1.67 2 2 2 2 
831 1 5 2 2 2 1 11 0 10 0 1 0 8 23 23 6 23 1 13 3 6 536 54 284 98 179 198 159 210 96 114 8 8 8 3 0.7 56 45 57 23 
472 0 0 1 1 1 1 1 0 1 0 1 0 0 5 5 0 5 5 0 0 0 70 10 12 11 0 48 10 11 11 0 1 1 1 0 4 5 5 5 5 
474 0 0 1 1 1 1 3 0 3 0 1 0 0 2 2 0 2 0 0 0 2 46 3 9 4 2 34 3 6 4 2 1 1 1 0 3.78 2 2 2 2 
469 3 8 3 3 4 1 15 0 14 0 3 0 7 39 39 21 39 0 0 1 38 997 98 639 183 435 260 332 447 174 273 8 8 8 3 0.41 131 129 138 58 
561 0 0 1 1 1 1 1 0 1 0 1 0 0 1 1 0 1 1 0 0 0 34 3 4 3 0 27 2 3 3 0 1 1 1 0 6.75 1 1 1 1 
833 0 0 1 1 1 1 3 0 3 0 1 0 1 12 12 2 12 0 0 5 7 160 20 46 21 17 94 24 35 21 14 2 2 2 1 2.04 13 13 13 12 
832 1 4 3 1 3 1 13 0 12 0 2 0 0 4 4 0 4 0 0 2 2 81 4 48 8 36 29 25 31 11 20 10 2 10 0 0.6 13 5 13 4 
837 1 4 1 1 1 1 1 0 1 0 1 0 0 5 5 0 5 5 0 0 0 62 7 8 7 0 47 6 7 7 0 1 1 1 0 5.88 5 5 5 5 
489 1 5 1 1 1 1 3 0 3 0 1 0 0 45 45 1 45 1 0 0 44 360 56 169 74 48 135 63 111 65 46 2 2 2 1 0.8 47 47 47 45 
834 0 0 1 1 1 1 4 0 3 0 1 0 0 3 3 2 3 0 0 0 3 62 7 16 8 4 39 7 11 7 4 1 1 1 0 2.44 3 3 3 3 
475 0 0 1 1 1 1 1 0 1 0 1 0 0 3 3 0 3 3 0 0 0 56 6 7 6 0 43 5 6 6 0 1 1 1 0 6.14 3 3 3 3 
476 0 0 1 1 1 1 1 0 1 0 1 0 0 2 2 0 2 2 0 0 0 47 6 7 6 0 34 5 6 6 0 1 1 1 0 4.86 2 2 2 2 
827 1 3 1 1 1 1 4 0 4 0 1 0 1 11 11 4 11 1 0 2 8 178 20 62 22 27 96 33 47 21 26 2 2 2 1 1.55 13 13 13 11 
471 0 0 1 1 1 1 1 0 1 0 1 0 0 2 2 0 2 2 0 0 0 40 4 5 4 0 31 3 4 4 0 1 1 1 0 6.2 2 2 2 2 
467 0 0 1 1 1 1 1 0 1 0 1 0 0 1 1 0 1 1 0 0 0 37 4 6 5 0 27 3 4 4 0 1 1 1 0 4.5 1 1 1 1 
835 1 2 1 1 1 1 4 0 4 0 1 0 1 8 8 3 8 1 0 2 5 126 15 42 17 17 69 23 32 16 16 1 1 1 0 1.64 8 8 8 8 
466 0 0 1 1 1 1 1 0 1 0 1 0 0 4 4 0 4 4 0 0 0 57 8 10 9 0 39 8 9 9 0 1 1 1 0 3.9 4 4 4 4 
465 0 0 1 1 1 1 1 0 1 0 1 0 0 3 3 0 3 3 0 0 0 63 7 15 14 0 41 10 11 11 0 1 1 1 0 2.73 3 3 3 3 
830 1 3 2 2 2 1 9 0 8 0 1 0 8 9 9 2 9 1 1 2 5 222 27 99 35 61 96 63 79 37 42 6 4 6 2 0.97 20 16 20 9 
539 0 0 1 1 1 1 1 0 1 0 1 0 0 6 6 0 6 6 0 0 0 74 9 12 11 0 53 10 11 11 0 1 1 1 0 4.42 6 6 6 6 
470 0 0 1 1 1 1 1 0 1 0 1 0 0 5 5 0 5 5 0 0 0 60 7 8 7 0 45 6 7 7 0 1 1 1 0 5.63 5 5 5 5 
468 0 0 1 1 1 1 1 0 1 0 1 0 0 1 1 0 1 1 0 0 0 42 5 9 8 0 28 6 7 7 0 1 1 1 0 3.11 1 1 1 1 
828 0 0 1 1 1 1 1 0 1 0 1 0 0 2 2 0 2 2 0 0 0 30 5 6 5 0 19 4 5 5 0 1 1 1 0 3.17 2 2 2 2 
836 0 0 1 1 1 1 1 0 1 0 1 0 0 1 1 0 1 1 0 0 0 38 5 7 6 0 26 4 5 5 0 1 1 1 0 3.71 1 1 1 1 
829 1 3 2 2 2 1 6 0 5 0 3 0 2 16 16 4 16 8 0 4 4 200 37 108 35 54 55 57 80 34 46 3 3 3 1 0.51 24 24 24 16 
211 0 0 1 1 1 1 3 0 3 0 1 0 0 1 1 0 1 0 0 0 1 40 3 6 3 1 31 2 4 3 1 1 1 1 0 5.17 1 1 1 1 
204 0 0 3 3 3 1 11 0 11 0 1 2 3 13 11 8 13 0 2 1 10 357 30 194 57 127 133 79 115 54 61 11 11 15 4 0.69 35 35 45 16 
445 0 0 1 1 1 1 3 0 3 0 1 0 0 4 4 3 4 0 0 0 4 89 11 25 14 6 53 14 19 13 6 1 1 1 0 2.12 4 4 4 4 
213 0 0 3 3 3 3 38 4 31 10 1 0 1 2 2 2 2 0 1 0 1 163 17 77 19 56 83 33 40 17 23 5 5 5 2 1.08 6 6 6 6 
844 0 0 1 1 1 1 3 0 3 0 1 0 1 4 4 0 4 0 1 0 3 63 8 22 12 6 33 12 17 12 5 1 1 1 0 1.5 4 4 4 4 
207 0 0 1 1 1 1 3 0 3 0 1 0 0 2 2 0 2 0 0 0 2 45 5 10 5 2 30 4 7 5 2 1 1 1 0 3 2 2 2 2 
210 0 0 2 2 2 1 9 0 9 0 1 0 4 15 15 1 15 0 0 13 2 390 31 159 65 88 200 76 105 59 46 6 6 7 3 1.26 31 31 34 19 
952 0 0 2 2 2 1 7 0 7 0 2 0 9 13 13 9 13 0 2 0 11 225 35 123 44 62 67 57 89 45 44 10 10 14 3 0.54 27 27 32 13 
953 0 0 2 2 2 1 5 0 5 0 1 0 1 3 3 1 3 0 0 0 3 58 9 27 14 10 22 15 22 15 7 3 3 3 2 0.81 5 5 5 3 
212 0 0 1 1 1 1 3 0 3 0 1 0 5 2 2 0 2 0 0 0 2 83 9 16 10 8 59 10 13 10 3 1 1 1 0 3.69 2 2 2 2 
203 0 0 1 1 1 1 3 0 3 0 1 0 0 1 1 0 1 0 0 0 1 40 3 6 3 1 31 2 4 3 1 1 1 1 0 5.17 1 1 1 1 
201 1 4 2 2 2 1 12 0 11 0 1 13 3 39 26 17 39 0 5 0 34 1078 93 509 196 279 476 239 327 158 169 16 16 16 6 0.94 83 83 83 41 
209 0 0 2 2 2 1 17 1 14 1 7 0 42 30 30 1 30 0 0 15 15 1067 118 447 239 288 504 255 320 210 110 7 7 9 5 1.13 64 64 73 38 
206 0 0 2 2 2 1 6 0 6 0 1 0 0 2 2 1 2 0 0 0 2 71 8 20 10 6 43 10 14 9 5 2 2 2 1 2.15 3 3 3 2 
208 0 0 1 1 1 1 4 0 4 0 1 0 0 5 5 4 5 0 0 0 5 101 11 28 14 8 62 13 19 11 8 1 1 1 0 2.21 5 5 5 5 
842 0 0 1 1 1 1 5 0 5 0 1 0 1 6 6 4 6 0 0 0 6 124 11 44 20 17 69 21 30 16 14 3 3 3 2 1.57 8 8 8 6 
954 0 0 4 4 4 1 13 0 13 0 1 0 1 2 2 1 2 0 0 0 2 91 8 34 12 19 50 17 24 12 12 6 6 6 3 1.47 7 7 7 2 
202 0 0 1 1 1 1 4 0 4 0 1 0 0 5 5 4 5 0 0 0 5 116 14 34 20 8 68 19 25 17 8 1 1 1 0 2 5 5 5 5 
200 0 0 1 1 1 1 4 0 4 0 1 0 0 12 12 9 12 0 0 0 12 234 23 79 42 23 132 39 53 31 22 2 2 2 1 1.67 13 13 13 12 
843 0 0 1 1 1 1 3 0 3 0 1 0 0 2 2 1 2 0 0 0 2 41 4 10 5 2 27 4 7 5 2 1 1 1 0 2.7 2 2 2 2 
700 0 0 1 1 1 1 3 0 3 0 1 0 0 5 5 1 5 0 0 0 5 82 9 20 8 6 53 7 13 8 5 1 1 2 0 2.65 5 5 6 5 
696 0 0 1 1 1 1 4 0 4 0 1 0 2 5 5 1 5 0 0 0 5 100 12 28 12 12 60 15 22 13 9 2 2 2 1 2.14 6 6 7 5 
697 0 0 1 1 1 1 1 0 1 0 1 0 0 4 4 0 4 4 0 0 0 55 6 8 7 0 41 6 7 7 0 1 1 1 0 5.13 4 4 4 4 
694 0 0 1 1 1 1 1 0 1 0 1 0 0 10 10 0 10 10 0 0 0 140 14 16 15 0 110 14 15 15 0 1 1 1 0 6.88 10 10 10 10 
698 0 0 1 1 1 1 3 0 3 0 1 0 0 3 3 0 3 0 0 0 3 56 6 13 6 3 37 5 9 6 3 1 1 1 0 2.85 3 3 3 3 
793 0 0 1 1 1 1 1 0 1 0 1 0 0 1 1 0 1 1 0 0 0 42 4 5 4 0 33 3 4 4 0 1 1 1 0 6.6 1 1 1 1 
702 0 0 1 1 1 1 4 0 4 0 1 0 0 4 4 1 4 0 0 0 4 69 7 25 10 9 37 12 18 10 8 2 2 2 1 1.48 5 5 5 4 
701 1 3 2 2 3 1 11 0 9 0 1 2 5 21 19 5 21 0 8 0 13 453 37 243 77 138 173 113 173 78 95 10 10 13 4 0.71 51 51 55 23 
695 0 0 3 3 3 1 10 0 8 1 2 0 1 25 25 13 25 3 4 1 17 436 48 264 89 123 124 117 189 95 94 12 12 12 6 0.47 64 64 65 25 
855 0 0 1 1 1 1 5 0 5 0 1 0 0 13 13 3 13 0 0 1 12 167 21 85 25 40 61 41 61 24 37 3 3 3 2 0.72 19 19 19 13 
699 0 0 0 0 0 0 0 0 0 0 1 0 0 0 0 0 0 0 0 0 0 26 3 4 3 0 19 2 3 3 0 0 0 0 0 4.75 0 0 0 0 
691 0 0 1 1 1 1 4 0 4 0 1 0 0 4 4 3 4 0 0 0 4 71 8 28 14 9 35 18 23 14 9 1 1 1 0 1.25 4 4 4 4 
692 1 3 2 2 2 1 9 0 8 0 1 0 7 46 46 28 46 2 3 7 34 976 88 492 178 296 397 258 354 164 190 15 15 15 4 0.81 92 92 93 59 
792 0 0 2 2 2 1 7 0 6 0 1 0 0 12 12 4 12 1 0 2 9 190 17 94 28 45 79 45 69 28 41 4 4 4 2 0.84 23 23 23 12 
854 0 0 2 2 2 1 5 0 5 0 1 0 0 2 2 0 2 0 0 1 1 53 6 21 11 6 26 10 14 9 5 2 2 2 1 1.24 3 3 3 2 
690 0 0 1 1 1 1 4 0 4 0 1 1 0 12 11 2 12 0 1 0 11 134 17 71 27 27 46 35 53 27 26 2 2 2 1 0.65 17 17 17 12 
126 0 0 1 1 1 1 4 0 4 0 1 0 0 18 18 2 18 0 0 1 17 186 24 86 24 35 76 30 57 24 33 6 6 6 2 0.88 26 26 26 20 
112 0 0 1 1 1 1 1 0 1 0 1 0 0 16 16 2 16 16 0 0 0 206 21 23 22 2 162 21 22 22 0 1 1 1 0 7.04 16 16 16 16 
113 0 0 1 1 1 1 3 0 3 0 1 0 0 2 2 0 2 0 0 0 2 49 4 9 4 2 36 3 6 4 2 1 1 1 0 4 2 2 2 2 
825 0 0 1 1 1 1 1 0 1 0 1 0 0 1 1 0 1 1 0 0 0 39 4 5 4 0 30 3 4 4 0 1 1 1 0 6 1 1 1 1 
125 0 0 2 2 3 1 9 0 8 0 1 8 4 9 1 1 9 0 2 0 7 228 21 107 29 63 100 62 88 31 57 7 7 8 3 0.93 22 22 24 9 
111 0 0 2 2 2 1 5 0 4 0 1 0 0 17 17 2 17 0 0 0 17 225 25 95 30 42 105 37 63 29 34 5 5 6 2 1.11 26 26 29 19 
114 0 0 1 1 1 1 1 0 1 0 1 0 0 1 1 0 1 0 0 0 1 39 3 6 5 0 30 4 5 5 0 1 1 1 0 5 1 1 1 1 
119 0 0 1 1 1 1 13 1 11 0 1 0 0 2 2 0 2 0 0 1 1 86 5 26 4 19 55 6 9 4 5 1 1 1 0 2.12 2 2 2 2 
115 0 0 3 3 3 1 21 2 18 0 3 1 2 35 34 23 35 0 1 6 28 937 128 646 152 450 163 293 407 152 255 6 6 7 3 0.25 98 98 103 49 
117 0 0 2 2 2 1 4 0 4 0 1 0 0 14 14 6 14 0 0 1 13 235 24 76 28 30 135 30 50 27 23 8 8 12 2 1.78 23 23 28 17 
118 0 0 1 1 1 1 5 0 5 0 1 0 0 5 5 1 5 0 0 1 4 111 12 38 17 13 61 19 27 15 12 3 3 3 2 1.61 7 7 7 5 
120 0 0 1 1 1 1 3 0 3 0 1 0 0 3 3 1 3 0 0 1 2 75 8 17 10 4 50 8 12 9 3 1 1 1 0 2.94 3 3 3 3 
917 0 0 1 1 2 1 4 0 4 0 1 0 1 4 4 1 4 0 0 1 3 96 8 24 10 11 64 10 16 9 7 2 2 3 1 2.67 5 5 6 4 
955 0 0 1 1 1 1 5 0 5 0 1 0 0 1 1 0 1 0 0 1 0 38 4 12 8 3 22 7 9 7 2 1 1 1 0 1.83 1 1 1 1 
116 0 0 1 1 1 1 19 2 16 0 1 0 0 6 6 1 6 0 0 3 3 223 29 110 16 88 84 35 43 14 29 2 2 3 1 0.76 7 7 8 6 
124 0 0 5 5 5 1 16 0 15 1 1 2 0 3 1 0 3 0 1 0 2 99 7 51 11 27 41 23 38 13 25 9 9 9 2 0.8 14 14 14 3 
122 0 0 1 1 1 1 5 0 4 0 3 0 1 14 14 4 14 0 9 0 5 217 26 90 38 39 101 43 68 40 28 3 3 3 2 1.12 20 20 20 14 
121 0 0 2 2 2 1 8 0 8 0 3 0 1 28 28 2 28 0 1 0 27 386 35 249 82 146 102 123 182 82 100 6 6 6 2 0.41 59 59 62 33 
442 0 0 1 1 1 1 3 0 3 0 1 0 0 3 3 1 3 0 0 2 1 38 6 13 6 4 19 5 9 6 3 1 1 1 0 1.46 3 3 3 3 
441 0 0 2 2 2 1 6 0 6 0 2 0 0 25 25 1 25 0 7 0 18 221 32 170 53 87 19 77 125 58 67 4 4 5 2 0.11 43 43 47 25 
443 0 0 1 1 1 1 2 0 2 0 1 0 0 3 3 1 3 0 0 0 3 36 6 11 6 2 19 5 8 6 2 1 1 1 0 1.73 3 3 3 3 
444 0 0 1 1 1 1 3 0 3 0 1 0 0 1 1 0 1 0 0 0 1 28 3 6 3 1 19 2 4 3 1 1 1 1 0 3.17 1 1 1 1 
958 0 0 1 1 1 1 1 0 1 0 1 0 0 1 1 0 1 1 0 0 0 41 4 5 4 0 32 3 4 4 0 1 1 1 0 6.4 1 1 1 1 
956 0 0 2 2 2 1 8 0 7 0 1 1 3 15 14 2 15 0 0 0 15 282 26 128 27 83 130 43 71 27 44 11 8 14 3 1.02 30 27 35 22 
957 0 0 2 2 2 1 6 0 6 0 1 1 1 8 7 3 8 0 0 0 8 152 16 61 21 31 75 30 45 21 24 3 3 4 1 1.23 14 14 15 10 
959 0 0 3 3 3 1 16 0 13 2 1 1 2 3 2 1 3 0 1 0 2 110 11 48 14 30 51 27 38 15 23 5 5 5 3 1.06 9 9 9 3 
366 0 0 1 1 1 1 4 0 4 0 2 0 3 15 15 3 15 0 2 2 11 266 27 92 44 36 147 47 65 40 25 2 2 2 1 1.6 17 17 17 15 
368 0 0 2 2 2 1 8 0 8 0 1 1 1 2 1 0 2 1 0 0 1 72 9 29 16 9 34 15 21 14 7 2 2 3 1 1.17 3 3 4 2 
367 0 0 1 1 1 1 10 0 9 1 1 2 0 3 1 0 3 0 1 0 2 98 8 38 21 16 53 16 21 14 7 2 2 2 1 1.39 4 4 4 3 
364 0 0 1 1 1 1 4 0 4 0 4 0 2 43 43 3 43 4 0 2 37 412 52 228 86 97 132 98 159 85 74 3 3 3 2 0.58 57 57 58 47 
365 0 0 3 3 3 1 16 2 14 0 1 0 1 1 1 0 1 0 0 0 1 54 6 23 11 10 25 13 18 11 7 3 3 3 1 1.09 3 3 3 1 
527 0 0 2 2 2 1 7 0 7 0 1 0 1 25 25 9 25 0 3 6 16 425 46 206 68 107 173 89 141 66 75 7 7 7 5 0.84 41 41 41 29 
531 1 7 2 2 2 2 10 0 10 0 1 0 2 14 14 3 14 0 1 0 13 282 26 175 69 106 81 97 127 68 59 4 4 4 2 0.46 33 33 33 25 
534 0 0 2 2 2 1 8 0 8 0 1 0 5 26 26 8 26 0 5 0 21 420 57 239 71 139 124 115 167 71 96 6 6 7 3 0.52 49 49 50 28 
537 0 0 2 2 2 1 8 0 7 0 3 1 3 52 51 28 52 0 5 12 35 893 111 462 134 258 320 214 313 131 182 8 8 10 3 0.69 94 94 99 56 
529 0 0 2 2 3 1 10 0 10 0 1 1 1 6 5 6 6 0 2 0 4 163 18 79 32 41 66 45 60 32 28 3 3 4 2 0.84 14 14 15 6 
533 0 0 1 1 1 1 7 0 6 0 1 0 0 3 3 2 3 0 0 1 2 72 8 25 8 12 39 12 18 8 10 2 2 2 1 1.56 4 4 4 3 
536 0 0 2 2 2 1 8 0 7 0 1 0 6 16 16 6 16 0 1 4 11 295 41 147 59 83 107 80 112 57 55 7 7 8 3 0.73 31 31 32 16 
535 0 0 3 3 3 1 13 0 13 0 1 0 0 5 5 7 5 0 1 0 4 164 20 80 26 43 64 44 61 26 35 9 9 9 2 0.8 16 16 16 7 
532 0 0 2 2 2 1 9 0 9 0 2 4 5 20 16 8 20 0 7 0 13 459 50 214 81 124 195 118 161 79 82 4 4 5 2 0.91 38 38 40 22 
523 0 0 3 3 3 1 11 0 11 0 1 0 1 4 4 3 4 0 0 0 4 122 11 59 16 32 52 29 42 16 26 4 4 4 2 0.88 12 12 12 4 
823 0 0 1 1 1 1 1 0 1 0 1 0 0 3 3 0 3 3 0 0 0 44 4 6 5 0 34 4 5 5 0 1 1 1 0 5.67 3 3 3 3 
704 0 0 1 1 1 1 5 0 5 0 1 0 0 4 4 1 4 0 0 2 2 97 11 29 16 11 57 15 21 15 6 2 2 2 1 1.97 5 5 5 4 
522 0 0 1 1 1 1 1 0 1 0 1 0 0 9 9 0 9 9 0 0 0 101 11 14 13 0 76 11 12 12 0 1 1 1 0 5.43 9 9 9 9 
520 0 0 1 1 1 1 3 0 3 0 1 0 0 2 2 0 2 0 0 0 2 46 3 9 4 2 34 3 6 4 2 1 1 1 0 3.78 2 2 2 2 
961 0 0 1 1 1 1 1 0 1 0 1 0 0 1 1 0 1 1 0 0 0 40 5 6 5 0 29 4 5 5 0 1 1 1 0 4.83 1 1 1 1 
526 0 0 4 4 4 1 16 1 15 0 1 0 1 5 5 4 5 0 0 0 5 171 19 93 24 57 59 45 64 24 40 6 6 7 3 0.63 19 19 21 5 
705 0 0 1 1 2 1 4 0 4 0 1 0 0 4 4 1 4 0 0 1 3 69 7 24 9 10 38 9 15 8 7 2 2 3 1 1.58 5 5 6 4 
960 1 2 1 1 1 1 5 0 5 0 3 0 3 22 22 10 22 0 1 3 18 355 52 147 65 68 156 72 104 60 44 5 5 5 3 1.06 29 29 29 22 
962 0 0 1 1 1 1 3 0 2 0 1 0 0 3 3 1 3 0 0 0 3 49 5 12 6 2 32 4 8 6 2 1 1 1 0 2.67 3 3 3 3 
703 0 0 1 1 1 1 4 0 4 0 1 0 1 5 5 1 5 0 0 2 3 84 10 36 17 15 38 17 24 14 10 2 2 3 1 1.06 6 6 7 5 
530 0 0 2 2 2 1 6 0 6 0 1 0 0 24 24 6 24 0 2 0 22 285 42 158 52 81 85 70 108 49 59 4 4 4 2 0.54 37 37 37 28 
524 1 4 1 1 1 1 1 0 1 0 1 0 0 31 31 0 31 31 0 0 0 273 34 39 38 0 200 37 38 38 0 1 1 1 0 5.13 31 31 31 31 
521 0 0 1 1 1 1 1 0 1 0 1 0 0 4 4 0 4 4 0 0 0 53 6 7 6 0 40 5 6 6 0 1 1 1 0 5.71 4 4 4 4 
528 0 0 1 1 1 1 1 0 1 0 1 0 0 3 3 0 3 3 0 0 0 50 6 7 6 0 37 5 6 6 0 1 1 1 0 5.29 3 3 3 3 
525 0 0 1 1 1 1 1 0 1 0 1 0 0 1 1 0 1 1 0 0 0 34 3 4 3 0 27 2 3 3 0 1 1 1 0 6.75 1 1 1 1 
716 0 0 2 2 2 1 10 0 9 0 3 1 2 8 7 4 8 0 2 0 6 177 19 88 33 51 70 45 62 33 29 7 7 7 2 0.8 16 16 16 8 
136 0 0 2 2 2 1 6 0 5 0 1 0 0 10 10 2 10 0 0 0 10 154 22 67 23 32 66 29 45 23 22 3 3 3 1 0.99 15 15 16 12 
964 0 0 2 2 2 1 7 0 7 0 1 2 1 21 19 8 21 0 1 2 18 359 37 165 54 90 157 84 121 51 70 8 8 13 2 0.95 36 36 44 23 
131 0 0 1 1 1 1 1 0 1 0 1 0 0 12 12 0 12 12 0 0 0 174 15 27 26 0 132 20 21 21 0 1 1 1 0 4.89 12 12 12 12 
132 2 8 3 3 3 1 16 1 14 0 11 1 2 60 59 14 60 5 11 4 40 1421 156 894 262 576 371 439 620 245 375 10 10 13 5 0.41 172 172 189 78 
926 0 0 2 2 2 1 9 0 8 0 1 1 1 12 11 4 12 2 1 0 9 243 25 130 52 63 88 62 90 45 45 4 4 4 2 0.68 22 22 24 14 
138 0 0 3 3 3 1 13 0 11 0 2 1 7 22 21 8 22 1 0 0 21 531 53 296 92 183 182 147 211 85 126 7 7 8 4 0.61 63 63 68 30 
963 1 3 2 2 2 2 7 0 7 0 1 0 0 2 2 2 2 0 0 0 2 64 8 21 9 7 35 10 15 8 7 3 3 3 2 1.67 4 4 4 4 
137 0 0 2 2 2 1 8 0 7 0 1 0 1 21 21 2 21 0 1 0 20 315 33 180 57 91 102 78 122 54 68 4 4 5 2 0.57 43 43 46 21 
1069 0 0 3 3 3 2 10 0 9 0 2 0 2 25 25 7 25 1 7 0 17 489 43 262 87 160 184 150 210 92 118 8 8 8 4 0.7 64 64 65 42 
76 0 0 5 5 6 3 21 0 18 2 1 3 1 41 38 7 41 3 4 1 33 1163 70 788 172 490 305 301 553 192 361 24 24 29 7 0.39 207 207 236 105 
79 0 0 1 1 1 1 1 0 1 0 2 0 0 11 11 0 11 11 0 0 0 123 15 17 15 0 91 13 15 15 0 1 1 1 0 5.35 11 11 11 11 
518 0 0 2 2 2 2 7 0 6 0 2 0 0 22 22 4 22 5 1 0 16 365 40 168 63 89 157 93 135 68 67 5 5 5 3 0.93 40 40 40 36 
81 0 0 1 1 1 1 3 0 3 0 1 0 0 2 2 0 2 0 0 0 2 47 4 9 4 2 34 3 6 4 2 1 1 1 0 3.78 2 2 2 2 
82 0 0 1 1 1 1 3 0 3 0 1 0 0 2 2 0 2 0 0 0 2 47 4 9 4 2 34 3 6 4 2 1 1 1 0 3.78 2 2 2 2 
78 0 0 1 1 1 1 4 0 4 0 1 0 0 10 10 1 10 0 0 0 10 149 16 69 39 19 64 34 50 36 14 3 3 3 2 0.93 13 13 13 10 
824 0 0 2 2 2 1 7 0 6 0 1 0 1 10 10 3 10 0 0 0 10 190 15 88 37 41 87 54 72 40 32 3 3 3 2 0.99 17 17 17 12 
87 1 6 3 3 3 2 14 0 12 2 1 0 1 20 20 4 20 1 0 0 19 504 33 286 89 166 185 150 212 94 118 15 15 16 3 0.65 64 64 67 49 
88 1 7 3 3 3 1 14 0 13 0 1 0 1 23 23 5 23 0 2 0 21 644 58 361 139 199 225 177 260 135 125 13 13 14 5 0.62 67 67 68 27 
74 0 0 4 4 5 1 28 1 21 5 1 8 3 46 38 9 46 4 15 5 22 1868 153 1053 321 684 662 496 729 265 464 54 54 68 6 0.63 203 203 224 67 
83 0 0 1 1 1 1 1 0 1 0 1 0 0 3 3 0 3 3 0 0 0 53 7 8 7 0 38 6 7 7 0 1 1 1 0 4.75 3 3 3 3 
89 0 0 2 2 2 1 14 0 13 0 1 0 2 8 8 7 8 0 2 0 6 274 26 153 63 83 95 74 96 56 40 5 5 5 3 0.62 19 19 19 8 
90 0 0 2 2 2 1 12 0 11 1 1 1 0 12 11 1 12 0 4 3 5 269 21 161 69 91 90 97 122 60 62 5 5 6 1 0.56 25 25 26 14 
100 0 0 2 2 2 1 7 0 7 0 1 0 0 5 5 2 5 0 1 0 4 102 11 48 21 24 43 25 35 21 14 2 2 2 1 0.9 9 9 9 5 
101 0 0 0 0 0 0 0 0 0 0 1 0 0 0 0 36 0 0 0 0 0 119 32 39 38 36 48 37 38 38 0 0 0 0 0 1.23 0 0 0 0 
99 0 0 5 5 6 1 32 2 28 2 1 1 0 7 6 5 7 0 3 0 4 369 30 243 82 158 96 135 173 77 96 18 18 19 3 0.4 37 37 40 9 
98 0 0 6 6 6 1 36 2 31 2 1 1 0 6 5 3 6 0 5 0 1 339 32 219 61 149 88 112 153 63 90 16 16 19 4 0.4 33 33 36 6 
193 0 0 1 1 1 1 5 0 5 0 3 0 0 13 13 4 13 1 2 0 10 252 22 98 48 32 132 43 66 42 24 3 3 3 2 1.35 19 19 19 17 
186 0 0 1 1 1 1 6 0 6 0 1 0 1 7 7 1 7 3 0 0 4 133 13 54 23 21 66 24 37 21 16 3 3 3 2 1.22 9 9 9 7 
191 0 0 1 1 1 1 3 0 3 0 1 0 0 3 3 2 3 3 0 0 0 66 7 16 8 4 43 8 12 8 4 1 1 1 0 2.69 3 3 3 3 
192 0 0 4 4 5 2 16 0 14 1 1 0 1 9 9 6 9 6 1 0 2 308 25 161 56 89 122 80 116 57 59 8 8 11 4 0.76 36 36 41 14 
187 0 0 1 1 1 1 1 0 1 0 1 0 0 3 3 0 3 3 0 0 0 50 5 7 6 0 38 5 6 6 0 1 1 1 0 5.43 3 3 3 3 
194 0 0 4 4 5 3 18 1 15 1 2 0 1 4 4 7 4 4 0 0 0 197 24 81 37 37 92 48 63 34 29 11 11 16 3 1.14 14 14 19 10 
196 0 0 2 2 2 1 6 0 6 0 1 1 1 17 16 5 17 1 1 0 15 301 29 138 51 70 134 72 102 51 51 3 3 6 2 0.97 28 28 31 21 
924 1 5 2 2 2 1 9 0 8 0 3 0 3 20 20 11 20 0 6 0 14 417 51 218 88 105 148 109 156 84 72 8 8 9 5 0.68 39 39 41 28 
197 0 0 2 2 2 1 6 0 6 0 1 0 0 9 9 4 9 1 1 0 7 163 16 70 26 29 77 35 52 25 27 4 4 4 2 1.1 16 16 17 9 
195 0 0 2 2 2 1 9 0 8 0 1 15 5 35 20 14 35 5 2 0 28 850 70 347 172 145 433 135 191 90 101 7 7 7 3 1.25 55 55 59 43 
190 0 0 3 3 3 2 21 0 17 3 1 0 1 25 25 6 25 1 9 0 15 819 55 462 157 310 302 208 292 149 143 26 26 28 8 0.65 77 77 79 39 
184 0 0 1 1 1 1 1 0 1 0 1 0 0 1 1 0 1 1 0 0 0 34 4 5 4 0 25 3 4 4 0 1 1 1 0 5 1 1 1 1 
198 0 0 1 1 2 1 11 0 11 0 2 0 1 3 3 3 3 0 0 0 3 95 11 42 23 16 42 23 28 19 9 2 2 3 1 1 4 4 5 3 
188 0 0 3 3 3 1 13 0 11 1 1 0 3 11 11 9 11 7 0 0 4 303 29 156 46 89 118 78 115 47 68 7 7 8 3 0.76 30 30 31 11 
189 0 0 2 2 2 1 11 0 10 0 1 0 1 11 11 4 11 1 0 0 10 289 30 147 69 65 112 68 92 48 44 7 7 7 2 0.76 23 23 23 11 
185 0 0 0 0 0 0 0 0 0 0 1 0 0 0 0 0 0 0 0 0 0 35 2 5 4 0 28 3 4 4 0 0 0 0 0 5.6 0 0 0 0 
434 0 0 2 2 2 1 4 0 4 0 1 0 0 10 10 0 10 0 0 6 4 150 12 59 22 23 79 25 43 24 19 10 10 10 3 1.34 19 19 19 10 
989 0 0 1 1 1 1 1 0 1 0 1 0 0 1 1 0 1 1 0 0 0 35 4 5 4 0 26 3 4 4 0 1 1 1 0 5.2 1 1 1 1 
567 0 0 1 1 1 1 1 0 1 0 1 0 0 1 1 0 1 1 0 0 0 47 5 8 7 0 34 5 6 6 0 1 1 1 0 4.25 1 1 1 1 
432 0 0 1 1 1 1 4 0 4 0 1 0 0 7 7 6 7 0 0 0 7 139 17 46 26 12 76 25 33 21 12 1 1 1 0 1.65 7 7 7 7 
928 0 0 4 4 4 1 22 1 19 1 1 0 0 4 4 4 4 0 1 0 3 191 19 102 39 57 70 61 80 39 41 10 10 10 5 0.69 16 16 16 4 
431 0 0 1 1 1 1 1 0 1 0 1 0 0 12 12 0 12 12 0 0 0 209 15 26 25 0 168 21 22 22 0 1 1 1 0 6.46 12 12 12 12 
509 0 0 3 3 3 1 11 0 10 0 1 0 6 32 32 5 32 0 5 12 15 712 55 394 119 233 263 199 292 119 173 27 27 32 5 0.67 87 87 98 40 
508 0 0 2 2 3 1 10 0 10 0 3 0 1 28 28 9 28 1 1 8 18 552 50 337 107 198 165 181 250 103 147 7 7 10 3 0.49 66 66 72 38 
428 1 6 3 3 3 1 17 1 14 1 4 0 4 52 52 32 52 3 0 15 34 1294 142 814 229 524 338 422 572 215 357 11 11 11 6 0.42 143 143 145 60 
429 0 0 2 2 2 1 12 0 8 3 1 0 1 4 4 1 4 0 0 1 3 147 13 46 16 23 88 25 34 15 19 5 5 5 2 1.91 8 8 8 4 
430 0 0 1 1 1 1 3 0 3 0 1 0 0 3 3 1 3 0 0 1 2 84 9 21 14 5 54 12 16 13 3 1 1 1 0 2.57 3 3 3 3 
927 0 0 1 1 2 1 6 0 5 0 1 0 1 4 4 1 4 0 0 1 3 108 8 29 10 15 71 15 21 9 12 2 2 3 1 2.45 5 5 6 4 
426 0 0 4 4 4 1 24 1 18 3 2 0 2 11 11 4 11 0 0 3 8 435 38 240 92 148 157 131 172 83 89 8 8 10 5 0.65 39 39 41 11 
427 0 0 1 1 1 1 3 0 3 0 1 0 0 10 10 5 10 0 0 1 9 201 17 44 23 10 140 21 32 22 10 1 1 1 0 3.18 10 10 10 10 
439 0 0 3 3 3 1 14 1 12 1 1 1 6 27 26 9 27 0 0 7 20 589 72 382 126 233 155 209 290 125 165 6 6 6 4 0.41 69 69 70 29 
433 0 0 3 3 3 1 19 1 17 1 1 4 4 19 15 4 19 0 4 6 9 513 52 365 121 235 96 199 269 116 153 7 7 7 3 0.26 63 63 64 23 
996 0 0 2 2 2 1 11 0 10 0 5 0 4 72 72 37 72 1 2 14 55 1412 159 808 240 475 447 406 573 230 343 21 21 22 5 0.55 157 157 167 91 
997 0 0 3 3 3 1 13 0 13 0 1 0 0 8 8 6 8 0 0 4 4 208 15 119 41 75 74 62 83 35 48 4 4 4 2 0.62 21 21 21 10 
1005 0 0 1 1 1 1 5 0 5 0 1 0 1 14 14 5 14 0 0 1 13 297 26 87 29 44 184 37 57 28 29 6 6 6 1 2.11 19 19 19 14 
1006 0 0 2 2 2 1 8 0 7 0 1 0 0 3 3 1 3 0 0 0 3 85 9 27 7 13 49 11 19 7 12 5 5 5 1 1.81 7 7 7 3 
1002 0 0 1 1 2 1 4 0 4 0 1 0 0 4 4 1 4 0 0 1 3 78 8 24 9 10 46 9 15 8 7 2 2 3 1 1.92 5 5 6 4 
999 0 0 3 3 3 1 10 0 9 1 1 0 0 1 1 0 1 0 0 0 1 54 4 13 4 5 37 5 9 4 5 3 3 3 1 2.85 3 3 3 1 
1004 0 0 1 1 1 1 7 0 7 0 1 0 0 3 3 0 3 0 0 2 1 73 6 27 12 12 40 13 18 9 9 2 2 2 1 1.48 4 4 4 3 
1000 0 0 1 1 1 1 5 0 5 0 1 0 0 1 1 0 1 0 0 1 0 51 4 12 8 3 35 7 9 7 2 1 1 1 0 2.92 1 1 1 1 
1007 0 0 2 2 2 1 6 0 5 0 1 0 0 7 7 1 7 0 0 3 4 125 12 52 19 22 61 22 35 17 18 5 5 5 1 1.17 12 12 13 7 
1003 0 0 2 2 2 2 9 0 9 0 1 0 0 4 4 1 4 0 0 3 1 97 9 46 16 25 42 24 32 14 18 3 3 3 2 0.91 7 7 7 6 
995 0 0 2 2 2 1 5 0 5 0 1 0 0 3 3 0 3 0 0 1 2 73 7 20 7 7 46 8 14 7 7 3 3 3 1 2.3 5 5 5 3 
435 0 0 1 1 1 1 1 0 1 0 1 0 0 4 4 0 4 4 0 0 0 76 6 9 8 0 61 7 8 8 0 1 1 1 0 6.78 4 4 4 4 
1009 0 0 1 1 1 1 4 0 4 0 1 0 7 6 6 6 6 0 0 0 6 167 23 49 32 18 96 30 37 27 10 1 1 1 0 1.96 6 6 6 6 
1067 0 0 2 2 2 1 8 0 8 0 1 2 2 2 0 0 2 0 0 0 2 225 18 161 142 140 47 18 24 14 10 2 2 2 1 0.29 4 4 4 2 
1066 1 2 5 4 5 2 28 2 25 2 1 0 2 16 16 5 16 0 14 0 2 662 61 464 148 351 176 263 328 117 211 23 15 23 5 0.38 78 68 82 29 
1068 0 0 5 4 6 2 30 1 26 2 1 0 1 13 13 3 13 0 11 0 2 721 42 376 95 276 315 207 271 90 181 28 20 29 7 0.84 65 57 75 28 
1010 0 0 2 2 2 1 5 0 5 0 1 0 2 4 4 1 4 0 0 0 4 82 10 29 12 12 43 13 22 13 9 3 3 3 2 1.48 7 7 7 4 
1065 0 0 3 3 3 1 18 0 17 0 1 0 0 3 3 2 3 0 0 2 1 118 10 67 25 38 41 34 48 25 23 4 4 4 4 0.61 9 9 9 3 
437 0 0 2 2 2 1 9 0 8 1 1 0 0 6 6 1 6 0 0 0 6 124 10 61 23 32 53 37 49 23 26 4 4 5 2 0.87 10 10 11 8 
1012 0 0 2 2 2 1 8 0 7 0 1 0 0 4 4 2 4 0 0 2 2 98 10 39 15 20 49 19 28 13 15 4 4 4 2 1.26 8 8 8 4 
1011 0 0 1 1 2 1 5 0 5 0 3 0 1 56 56 19 56 0 1 0 55 750 91 330 108 156 329 159 243 113 130 5 5 9 3 1 76 76 88 56 
438 0 0 1 1 1 1 1 0 1 0 1 0 0 1 1 0 1 1 0 0 0 37 2 5 4 0 30 3 4 4 0 1 1 1 0 6 1 1 1 1 
436 0 0 4 4 4 1 37 1 27 12 1 6 2 6 0 0 6 0 0 0 6 352 18 196 82 124 162 137 161 79 82 6 6 6 4 0.83 24 24 24 6 
440 0 0 4 4 5 1 29 1 24 3 1 0 24 24 24 6 24 0 7 6 11 926 88 657 215 459 181 371 489 211 278 12 12 12 8 0.28 107 107 108 30 
1017 0 0 1 1 1 1 3 0 3 0 1 0 0 1 1 0 1 0 0 0 1 36 4 9 6 1 23 5 7 6 1 1 1 1 0 2.56 1 1 1 1 
285 0 0 1 1 1 1 4 0 4 0 1 0 1 12 12 5 12 0 0 1 11 199 23 72 33 26 104 34 50 30 20 3 3 3 2 1.44 16 16 16 12 
219 0 0 1 1 1 1 1 0 1 0 1 0 0 1 1 0 1 0 0 0 1 46 4 11 10 0 31 6 7 7 0 1 1 1 0 2.82 1 1 1 1 
1018 0 0 2 2 2 2 7 0 7 0 1 0 0 3 3 1 3 0 0 0 3 72 7 30 13 11 35 13 24 15 9 3 3 3 2 1.17 7 7 7 5 
221 0 0 1 1 1 1 1 0 1 0 1 0 0 1 1 0 1 1 0 0 0 39 4 6 5 0 29 4 5 5 0 1 1 1 0 4.83 1 1 1 1 
715 0 0 1 1 1 1 8 0 8 0 3 1 4 6 5 1 6 0 0 1 5 164 15 81 38 44 68 31 38 28 10 2 2 2 1 0.84 7 7 7 6 
222 0 0 3 3 3 1 12 0 11 0 2 0 2 7 7 5 7 0 2 0 5 183 18 111 46 56 54 61 87 50 37 7 7 7 4 0.49 19 19 20 7 
1016 0 0 1 1 1 1 4 0 4 0 1 0 0 3 3 2 3 0 0 0 3 72 9 25 16 5 38 15 19 15 4 1 1 1 0 1.52 3 3 3 3 
1019 0 0 1 1 1 1 1 0 1 0 1 0 0 2 2 0 2 0 0 0 2 49 5 10 9 0 34 7 8 8 0 1 1 1 0 3.4 2 2 2 2 
218 0 0 1 1 1 1 1 0 1 0 1 0 0 9 9 0 9 8 0 0 1 130 13 24 23 0 93 18 19 19 0 1 1 1 0 3.88 9 9 9 9 
220 0 0 1 1 1 1 4 0 4 0 1 0 0 13 13 9 13 0 0 0 13 222 26 80 43 24 116 45 59 36 23 1 1 1 0 1.45 13 13 13 13 
1037 0 0 1 1 1 1 1 0 1 0 1 0 0 1 1 0 1 1 0 0 0 26 4 6 5 0 16 3 4 4 0 1 1 1 0 2.67 1 1 1 1 
355 2 4 2 2 2 1 8 0 7 0 2 0 1 15 15 9 15 0 0 3 12 280 32 145 68 65 103 79 103 56 47 3 3 3 2 0.71 23 23 23 15 
217 0 0 1 1 1 1 8 0 8 0 8 0 0 19 19 3 19 1 1 2 15 228 24 133 50 66 71 55 80 53 27 3 3 3 2 0.53 22 22 22 19 
794 2 2 1 1 1 1 6 0 6 0 2 0 0 10 10 3 10 0 0 0 10 173 19 92 46 36 62 46 59 36 23 2 2 2 1 0.67 12 12 12 10 
591 0 0 2 2 2 2 15 0 13 0 2 0 1 15 15 4 15 0 2 2 11 305 24 199 67 120 82 109 148 74 74 9 9 9 5 0.41 36 36 37 23 
242 3 4 3 3 3 1 12 0 11 0 4 0 2 29 29 15 29 10 4 8 7 649 54 365 97 220 230 176 259 93 166 9 9 9 3 0.63 79 79 81 40 
888 0 0 2 2 2 1 7 0 6 1 1 0 0 3 3 1 3 0 0 0 3 72 9 29 14 9 34 13 19 12 7 2 2 2 1 1.17 5 5 5 3 
799 0 0 2 2 2 2 4 0 4 0 1 0 0 3 3 0 3 0 0 0 3 64 5 16 6 4 43 4 10 6 4 3 3 3 2 2.69 5 5 5 5 
586 0 0 1 1 1 1 3 0 3 0 1 0 0 5 5 5 5 0 0 1 4 116 13 33 22 9 70 20 25 19 6 1 1 1 0 2.12 5 5 5 5 
1025 0 0 2 2 3 2 10 0 9 0 1 1 0 5 4 2 5 0 1 1 3 124 13 59 24 30 52 32 46 24 22 5 5 6 3 0.88 12 12 13 8 
540 0 0 2 2 2 1 8 0 8 0 1 0 0 3 3 1 3 0 0 1 2 87 10 34 17 16 43 24 30 18 12 4 4 4 2 1.26 6 6 6 3 
573 0 0 1 1 1 1 1 0 1 0 1 0 0 3 3 0 3 2 0 0 1 72 6 13 12 0 53 8 9 9 0 1 1 1 0 4.08 3 3 3 3 
598 0 0 3 3 3 2 13 0 13 0 4 1 0 15 14 9 15 7 4 1 3 464 34 237 98 116 193 120 181 96 85 6 6 7 4 0.81 48 48 52 28 
256 0 0 4 4 4 2 24 0 20 2 7 1 3 17 16 14 17 3 3 1 10 625 53 359 101 221 213 167 245 96 149 14 14 15 7 0.59 68 68 71 38 
581 0 0 2 2 3 2 10 0 9 0 2 0 0 12 12 7 12 2 1 1 8 270 28 136 53 71 110 71 104 52 52 6 6 7 4 0.81 27 27 30 22 
457 0 0 2 2 2 1 11 1 9 1 5 0 0 13 13 2 13 4 1 3 5 199 32 124 42 72 43 61 88 49 39 9 9 9 0 0.35 23 23 23 16 
284 0 0 2 2 2 1 9 0 8 0 8 0 2 37 37 18 37 6 3 5 23 720 73 374 142 186 273 179 260 131 129 12 12 16 6 0.73 74 74 82 52 
798 0 0 3 3 3 2 10 0 9 0 1 0 0 4 4 3 4 0 1 0 3 109 10 49 17 24 50 23 34 16 18 4 4 4 2 1.02 10 10 10 6 
810 0 0 1 1 1 1 1 0 1 0 1 0 0 3 3 0 3 3 0 0 0 47 5 7 6 0 35 5 6 6 0 1 1 1 0 5 3 3 3 3 
252 0 0 1 1 1 1 3 0 3 0 1 0 0 3 3 1 3 2 0 1 0 68 9 19 10 5 40 11 15 10 5 1 1 1 0 2.11 3 3 3 3 
236 1 3 3 3 3 1 11 0 10 0 5 1 1 18 17 5 18 3 5 0 10 387 34 223 69 128 130 112 166 73 93 13 13 16 4 0.58 47 47 51 23 
235 0 0 1 1 1 1 2 0 2 0 1 0 0 4 4 2 4 2 0 0 2 62 9 16 10 3 37 10 13 10 3 1 1 1 0 2.31 4 4 4 4 
265 0 0 2 2 2 1 7 1 5 0 1 4 4 5 1 2 5 0 1 0 4 121 21 46 18 24 54 23 34 17 17 5 5 5 2 1.17 9 9 9 5 
1020 0 0 4 4 4 1 16 0 15 1 1 4 0 4 0 0 4 0 2 0 2 140 7 68 20 47 65 37 51 21 30 7 7 7 2 0.96 16 15 16 4 
590 0 0 1 1 1 1 8 0 8 0 1 0 0 1 1 0 1 0 0 1 0 46 4 13 8 3 29 4 6 5 1 1 1 1 0 2.23 1 1 1 1 
546 0 0 4 4 4 2 21 0 19 1 5 2 8 16 14 5 16 0 0 4 12 494 42 355 130 201 98 182 245 94 151 35 35 39 5 0.28 66 66 70 39 
804 0 0 1 1 1 1 4 0 4 0 1 0 0 3 3 2 3 0 0 0 3 67 7 22 10 7 38 11 16 10 6 2 2 2 1 1.73 4 4 4 3 
1021 0 0 2 2 2 1 6 0 6 0 4 1 4 13 12 5 13 2 3 0 8 257 25 111 45 52 121 56 80 46 34 6 6 6 3 1.09 22 22 22 13 
1024 0 0 1 1 1 1 3 0 3 0 1 0 0 1 1 0 1 0 0 0 1 29 3 7 4 1 19 3 5 4 1 1 1 1 0 2.71 1 1 1 1 
552 0 0 1 1 1 1 8 0 8 0 1 0 0 1 1 0 1 0 0 1 0 48 4 13 9 2 31 4 6 5 1 1 1 1 0 2.38 1 1 1 1 
277 0 0 2 2 2 1 6 0 6 0 5 0 0 21 21 12 21 1 2 2 16 366 41 159 58 73 166 84 122 62 60 10 10 10 3 1.04 32 32 32 24 
282 0 0 2 2 2 1 10 0 9 0 5 0 1 32 32 13 32 3 5 2 22 615 64 309 92 173 243 151 221 98 123 11 11 13 3 0.79 67 67 74 47 
255 0 0 1 1 1 1 4 0 4 0 5 4 4 25 21 4 25 22 0 0 3 382 42 146 50 68 194 69 106 52 54 5 5 5 2 1.33 34 34 34 28 
246 0 0 3 3 4 1 16 0 15 1 2 1 4 5 4 6 5 4 1 0 0 191 19 93 28 55 79 50 72 30 42 6 6 7 3 0.85 17 17 18 5 
856 0 0 3 3 3 2 24 0 20 3 3 0 1 10 10 4 10 1 1 0 8 275 26 157 47 95 93 88 120 48 72 14 14 15 3 0.59 31 31 32 21 
262 0 0 3 3 3 2 14 0 11 2 1 2 2 3 1 0 3 0 1 0 2 76 7 40 14 26 29 20 29 13 16 4 4 4 2 0.72 8 8 8 5 
580 0 0 2 2 2 1 8 0 8 0 2 3 3 7 4 0 7 0 3 0 4 124 12 64 22 35 48 30 44 22 22 3 3 3 2 0.75 13 13 13 7 
908 0 0 1 1 1 1 2 0 2 0 1 0 1 9 9 0 9 0 1 0 8 64 12 30 15 6 22 10 20 15 5 1 1 1 0 0.73 9 9 9 9 
544 0 0 1 1 1 1 1 0 1 0 1 0 0 2 2 1 2 2 0 0 0 61 7 13 12 2 41 9 10 10 0 1 1 1 0 3.15 2 2 2 2 
260 0 0 1 1 1 1 3 0 3 0 1 4 15 5 1 0 5 0 1 0 4 169 21 33 22 20 115 20 26 22 4 1 1 2 0 3.48 5 5 6 5 
714 0 0 2 2 2 2 6 0 6 0 3 0 2 3 3 0 3 0 1 0 2 66 5 27 9 14 34 10 17 9 8 3 3 3 1 1.26 6 6 6 5 
451 0 0 2 2 2 1 13 0 12 0 1 0 1 5 5 4 5 0 2 0 3 181 17 82 33 45 82 51 66 34 32 4 4 4 3 1 11 11 11 5 
857 0 0 2 2 2 1 12 0 12 0 2 0 1 5 5 2 5 0 0 0 5 102 12 51 19 22 39 22 32 17 15 4 4 5 3 0.76 10 10 11 5 
802 0 0 1 1 1 1 3 0 3 0 1 0 0 6 6 1 6 0 0 0 6 79 10 24 11 6 45 10 17 11 6 1 1 1 0 1.88 6 6 6 6 
587 0 0 1 1 1 1 4 0 4 0 1 0 1 6 6 2 6 6 0 0 0 109 11 37 14 16 61 17 26 14 12 3 3 3 2 1.65 8 8 8 8 
245 0 0 1 1 1 1 1 0 1 0 1 0 0 1 1 0 1 1 0 0 0 44 3 5 4 0 36 3 4 4 0 1 1 1 0 7.2 1 1 1 1 
592 0 0 1 1 1 1 1 0 1 0 1 0 0 1 1 0 1 1 0 0 0 37 4 5 4 0 28 3 4 4 0 1 1 1 0 5.6 1 1 1 1 
1075 0 0 1 1 1 1 4 0 4 0 1 0 1 5 5 1 5 0 0 0 5 58 10 29 13 11 19 17 23 13 10 1 1 1 0 0.66 5 5 5 5 
1029 0 0 2 2 2 1 3 0 3 0 1 2 1 2 0 0 2 0 0 0 2 45 5 14 9 4 26 7 10 8 2 2 2 2 0 1.86 3 3 3 2 
1032 0 0 3 3 3 1 11 0 10 0 1 0 1 5 5 2 5 1 1 0 3 101 13 65 25 36 23 33 49 26 23 7 7 7 4 0.35 14 14 14 7 
582 0 0 1 1 2 1 4 0 4 0 1 1 3 5 4 1 5 0 1 0 4 115 12 32 15 15 71 15 23 14 9 3 3 4 1 2.22 7 7 8 7 
1034 0 0 4 4 4 4 19 0 18 1 1 0 2 5 5 3 5 5 0 0 0 208 14 108 31 68 86 51 76 33 43 9 9 9 5 0.8 22 22 22 19 
1031 0 0 1 1 1 1 4 0 4 0 1 0 0 5 5 2 5 1 0 0 4 76 8 25 9 9 43 10 17 9 8 2 2 2 1 1.72 6 6 6 5 
238 0 0 2 2 2 1 9 0 9 0 1 3 3 19 16 6 19 13 5 0 1 395 33 206 71 120 156 111 155 73 82 4 4 4 3 0.76 39 39 39 19 
248 0 0 1 1 1 1 1 0 1 0 1 0 0 1 1 0 1 1 0 0 0 35 4 5 4 0 26 3 4 4 0 1 1 1 0 5.2 1 1 1 1 
247 0 0 2 2 3 1 13 0 11 1 5 0 2 23 23 21 23 13 2 0 8 625 68 304 86 175 253 149 228 94 134 13 13 14 5 0.83 57 57 59 28 
800 1 3 2 2 2 1 12 0 11 0 6 1 1 18 17 4 18 1 1 0 16 328 33 244 86 139 51 121 172 82 90 5 5 6 3 0.21 40 40 41 26 
584 0 0 1 1 1 1 1 0 1 0 1 0 0 8 8 1 8 8 0 0 0 124 12 17 16 1 95 15 16 16 0 1 1 1 0 5.59 8 8 8 8 
594 0 0 3 3 3 3 11 0 11 0 1 0 1 1 1 1 1 0 0 0 1 68 6 36 17 17 29 19 23 15 8 3 3 3 2 0.81 3 3 3 3 
595 1 6 3 3 3 1 14 0 13 0 7 1 6 39 38 24 39 7 10 0 22 1032 96 591 221 345 345 307 434 215 219 16 16 18 9 0.58 118 118 125 56 
541 0 0 2 2 2 1 12 0 11 0 1 0 1 8 8 3 8 3 1 0 4 213 18 112 40 66 83 59 82 40 42 6 6 6 3 0.74 19 19 19 8 
542 0 0 2 2 2 1 9 0 8 0 1 0 5 6 6 2 6 1 1 0 4 164 17 72 32 37 75 36 52 31 21 6 6 6 5 1.04 14 14 14 6 
583 0 0 2 2 2 2 6 0 6 0 1 0 0 4 4 2 4 0 0 2 2 89 10 36 17 13 43 16 25 15 10 3 3 3 2 1.19 8 8 8 8 
819 0 0 1 1 1 1 4 0 4 0 1 0 0 8 8 2 8 0 0 1 7 129 16 46 21 14 67 21 32 18 14 3 3 3 1 1.46 10 10 10 8 
813 0 0 2 2 2 1 7 0 7 0 1 0 0 7 7 3 7 0 0 0 7 155 15 68 33 24 72 30 42 23 19 4 4 4 2 1.06 11 11 11 7 
1030 0 0 3 3 3 1 15 0 14 0 1 3 2 8 5 1 8 2 1 0 5 233 17 151 57 92 65 93 120 50 70 14 14 15 3 0.43 25 25 26 8 
801 0 0 1 1 1 1 1 0 1 0 1 0 0 1 1 0 1 0 0 0 1 54 4 11 10 0 39 6 7 7 0 1 1 1 0 3.55 1 1 1 1 
882 0 0 4 4 5 1 17 0 16 1 1 0 0 7 7 2 7 0 1 4 2 210 13 130 30 80 67 62 94 26 68 10 10 11 3 0.52 30 30 32 7 
887 0 0 1 1 1 1 3 0 3 0 2 0 2 9 9 1 9 0 0 2 7 106 16 46 25 12 44 23 34 24 10 1 1 1 0 0.96 9 9 9 9 
907 0 0 1 1 1 1 11 0 11 0 1 0 0 2 2 6 2 0 0 0 2 99 11 38 26 11 50 22 25 18 7 1 1 1 0 1.32 2 2 2 2 
717 2 3 2 2 2 1 6 0 6 0 2 0 2 12 12 6 12 0 1 0 11 207 26 110 50 45 71 50 70 40 30 3 3 3 2 0.65 19 19 19 12 
1023 0 0 2 2 2 1 7 0 7 0 2 0 1 4 4 2 4 0 0 0 4 94 12 46 25 18 36 25 33 23 10 2 2 2 1 0.78 6 6 6 4 
816 0 0 1 1 1 1 4 0 4 0 1 0 0 4 4 2 4 0 0 0 4 76 9 26 13 7 41 13 19 13 6 2 2 2 1 1.58 5 5 5 4 
795 0 0 2 2 2 1 8 0 8 0 1 2 0 3 1 0 3 0 2 0 1 73 5 28 11 11 40 11 17 8 9 2 2 2 1 1.43 5 5 5 3 
271 0 0 3 3 3 2 16 0 11 4 1 2 1 3 1 0 3 0 1 0 2 76 7 39 11 24 30 18 27 10 17 4 4 4 2 0.77 8 8 8 5 
1027 0 0 1 1 1 1 4 0 4 0 2 0 1 6 6 2 6 0 1 0 5 86 13 39 21 11 34 18 27 19 8 2 2 2 1 0.87 7 7 7 6 
275 0 0 9 8 10 2 48 1 41 6 2 1 4 20 19 12 20 0 4 0 16 1211 79 888 230 637 253 451 620 229 391 69 48 76 6 0.28 180 152 199 44 
912 4 5 4 4 5 2 20 0 20 0 4 0 0 25 25 13 25 1 0 18 6 731 59 603 255 361 73 310 407 212 195 12 10 16 4 0.12 99 92 117 58 
814 0 0 2 2 2 1 6 0 5 0 1 0 0 5 5 2 5 0 0 0 5 90 10 40 21 13 40 18 27 17 10 3 3 3 2 1 8 8 8 7 
803 0 0 3 3 3 3 14 0 14 0 1 0 0 1 1 0 1 0 0 0 1 50 4 23 11 8 23 8 12 7 5 3 3 3 2 1 3 3 3 3 
274 0 0 1 1 1 1 4 0 4 0 1 0 0 4 4 2 4 1 0 1 2 76 9 25 13 6 42 12 18 12 6 2 2 2 1 1.68 5 5 5 4 
257 0 0 2 2 2 1 9 0 8 0 1 0 0 8 8 5 8 1 1 0 6 180 19 87 33 43 74 46 62 31 31 5 5 7 4 0.85 13 13 15 8 
268 0 0 1 1 1 1 4 0 4 0 1 0 0 7 7 6 7 1 0 1 5 121 16 45 23 14 65 27 35 22 13 1 1 1 0 1.44 7 7 7 7 
599 1 4 2 2 2 1 7 0 7 0 3 0 10 42 42 13 42 2 5 1 34 876 93 354 153 195 445 204 279 159 120 8 8 10 4 1.26 74 74 82 57 
885 0 0 1 1 1 1 1 0 1 0 1 0 0 1 1 0 1 0 0 0 1 40 3 8 7 0 29 3 4 4 0 1 1 1 0 3.63 1 1 1 1 
909 0 0 1 1 1 1 5 0 5 0 1 1 0 3 2 2 3 0 1 0 2 77 8 27 16 7 42 16 21 14 7 2 2 2 1 1.56 4 4 4 3 
808 0 0 1 1 1 1 1 0 1 0 1 0 0 2 2 0 2 2 0 0 0 44 5 7 6 0 32 5 6 6 0 1 1 1 0 4.57 2 2 2 2 
883 0 0 1 1 1 1 7 0 7 0 1 0 0 3 3 2 3 0 0 2 1 74 9 31 18 9 34 14 18 12 6 2 2 2 0 1.1 4 4 4 3 
237 1 6 2 2 2 1 12 0 10 1 11 9 22 84 75 35 84 49 12 0 23 2111 213 1022 279 619 876 499 745 277 468 13 13 13 5 0.86 198 198 203 100 
543 0 0 1 1 1 1 1 0 1 0 1 0 0 3 3 0 3 3 0 0 0 56 6 9 8 0 41 7 8 8 0 1 1 1 0 4.56 3 3 3 3 
555 0 0 2 2 2 2 9 0 8 1 1 0 0 7 7 4 7 1 1 0 5 153 16 69 22 39 72 33 50 22 28 5 5 6 3 1.04 16 16 17 14 
456 0 0 2 2 2 1 6 0 6 0 1 0 0 3 3 1 3 1 0 0 2 69 8 26 9 12 35 10 16 9 7 2 2 2 1 1.35 5 5 5 3 
593 0 0 1 1 1 1 4 0 4 0 2 1 2 5 4 1 5 0 1 0 4 110 13 44 28 13 53 27 35 28 7 2 2 2 1 1.2 6 6 6 5 
815 0 0 1 1 1 1 7 0 6 0 1 0 0 5 5 3 5 0 0 0 5 108 11 48 22 19 49 24 32 20 12 3 3 3 2 1.02 7 7 7 7 
812 0 0 3 3 3 1 11 0 11 0 1 0 0 8 8 6 8 0 5 0 3 199 18 109 37 58 72 56 74 31 43 5 5 6 2 0.66 22 22 25 8 
239 0 0 1 1 1 1 1 0 1 0 1 0 0 2 2 0 2 2 0 0 0 49 4 9 8 0 36 7 8 8 0 1 1 1 0 4 2 2 2 2 
258 2 6 3 2 3 1 12 0 11 0 1 0 2 40 40 11 40 0 0 32 8 994 70 496 143 296 428 197 297 119 178 27 16 29 3 0.86 110 99 113 46 
263 0 0 2 2 2 1 7 0 7 0 2 0 1 11 11 6 11 1 0 2 8 218 26 101 38 49 92 52 73 36 37 3 3 4 2 0.91 19 19 20 11 
807 0 0 2 2 2 1 8 0 7 0 2 0 0 8 8 4 8 1 1 0 6 174 16 80 32 34 78 36 55 29 26 7 7 7 4 0.97 17 17 17 8 
267 0 0 1 1 2 1 4 0 4 0 3 0 0 18 18 6 18 3 0 1 14 243 30 106 38 43 107 46 74 38 36 6 6 8 2 1.01 26 26 29 18 
455 0 0 2 2 2 2 7 0 7 0 1 0 0 8 8 3 8 2 0 0 6 146 14 63 22 35 69 34 51 24 27 4 4 4 2 1.1 16 16 16 13 
1028 0 0 1 1 1 1 10 0 10 0 2 1 0 12 11 2 12 0 1 0 11 157 17 93 33 52 47 45 59 37 22 2 2 2 1 0.51 13 13 13 12 
458 0 0 2 2 2 1 8 0 8 0 4 0 0 20 20 14 20 1 2 2 15 377 44 172 64 82 161 90 129 64 65 8 8 8 4 0.94 35 35 35 20 
549 0 0 1 1 1 1 4 0 4 0 2 0 0 5 5 3 5 2 1 0 2 104 11 30 14 10 63 14 22 14 8 2 2 3 1 2.1 6 6 7 5 
249 0 0 1 1 1 1 7 0 6 0 1 0 0 11 11 4 11 10 0 1 0 214 18 93 42 43 103 48 67 38 29 3 3 3 4 1.11 15 15 16 11 
1026 0 0 2 2 2 1 6 0 6 0 5 0 0 21 21 13 21 1 2 2 16 374 46 162 62 75 166 87 123 64 59 10 10 10 1 1.02 32 32 32 24 
597 0 0 3 3 3 1 14 0 14 0 1 2 3 5 3 4 5 0 3 0 2 183 16 88 30 52 79 51 68 30 38 4 4 4 2 0.9 14 14 14 5 
811 0 0 1 1 1 1 3 0 3 0 1 1 0 4 3 1 4 0 0 0 4 64 6 16 7 4 42 6 11 7 4 1 1 1 0 2.63 4 4 4 4 
251 0 0 1 1 1 1 1 0 1 0 1 0 0 1 1 0 1 1 0 0 0 34 3 5 4 0 26 3 4 4 0 1 1 1 0 5.2 1 1 1 1 
820 0 0 1 1 1 1 4 0 4 0 1 0 0 6 6 2 6 0 0 0 6 89 11 31 13 11 47 14 22 13 9 2 2 2 1 1.52 7 7 7 6 
797 0 0 1 1 1 1 5 0 5 0 3 0 0 18 18 5 18 0 0 2 16 259 31 119 54 44 109 55 83 50 33 3 3 3 4 0.92 24 24 24 20 
250 0 0 2 2 3 1 16 1 14 0 2 0 2 7 7 1 7 0 0 2 5 227 20 131 67 67 76 76 96 65 31 8 8 9 2 0.58 17 17 19 7 
281 0 0 3 3 3 2 12 0 10 0 2 0 1 21 21 16 21 0 5 3 13 527 52 268 83 152 207 125 182 76 106 8 8 10 4 0.77 56 56 61 32 
279 0 0 2 2 3 2 10 0 9 0 3 0 1 23 23 13 23 2 3 2 16 520 54 261 88 145 205 139 191 81 110 15 15 23 9 0.79 55 55 66 35 
452 0 0 1 1 1 1 4 0 4 0 1 0 0 4 4 2 4 1 0 2 1 60 9 26 13 9 25 14 20 13 7 2 2 2 1 0.96 5 5 5 4 
254 0 0 1 1 2 1 5 0 4 0 3 0 0 24 24 3 24 3 0 3 18 338 36 131 45 54 171 58 94 44 50 7 7 7 3 1.31 35 35 37 29 
269 1 2 7 6 8 4 31 2 24 5 1 1 1 3 2 3 3 1 2 0 0 173 16 86 23 55 71 49 70 28 42 19 16 20 3 0.83 22 19 23 13 
243 0 0 1 1 1 1 1 0 1 0 1 0 0 6 6 0 6 6 0 0 0 77 8 11 10 0 58 9 10 10 0 1 1 1 0 5.27 6 6 6 6 
1036 0 0 1 1 1 1 1 0 1 0 1 0 0 1 1 0 1 0 0 0 1 36 3 5 4 0 28 3 4 4 0 1 1 1 0 5.6 1 1 1 1 
809 0 0 1 1 1 1 3 0 3 0 1 0 0 5 5 1 5 2 0 1 2 71 11 26 13 7 34 10 17 11 6 2 2 2 1 1.31 6 6 6 5 
817 0 0 1 1 1 1 1 0 1 0 1 0 0 1 1 0 1 0 0 0 1 35 3 5 4 0 27 3 4 4 0 1 1 1 0 5.4 1 1 1 1 
272 0 0 2 2 2 2 9 0 9 0 2 0 4 28 28 13 28 2 11 0 15 704 52 312 121 164 340 156 220 109 111 13 13 13 4 1.09 61 61 63 47 
450 0 0 1 1 1 1 6 0 6 0 1 0 0 7 7 3 7 0 0 0 7 131 13 55 19 26 63 27 39 19 20 3 3 3 3 1.15 10 10 10 9 
264 0 0 1 1 1 1 1 0 1 0 1 0 0 1 1 0 1 1 0 0 0 34 3 5 4 0 26 3 4 4 0 1 1 1 0 5.2 1 1 1 1 
911 0 0 1 1 1 1 3 0 3 0 1 0 0 2 2 0 2 0 0 0 2 41 5 13 8 2 23 5 8 6 2 1 1 1 0 1.77 2 2 2 2 
240 3 6 2 2 2 1 9 0 8 0 6 0 15 124 124 48 124 0 1 21 102 2312 221 1201 406 706 894 556 816 383 433 15 15 15 6 0.74 239 239 244 151 
270 0 0 3 3 4 1 14 0 13 0 3 0 2 12 12 7 12 3 4 0 5 321 31 192 64 113 98 98 136 59 77 12 12 13 7 0.51 38 34 42 16 
261 0 0 2 2 2 2 10 0 10 0 4 0 1 9 9 7 9 0 0 1 8 242 24 131 68 59 87 68 91 57 34 5 5 5 2 0.66 18 18 18 17 
253 0 0 1 1 1 1 3 0 3 0 1 0 0 5 5 0 5 1 0 0 4 87 8 22 11 5 57 10 16 11 5 1 1 1 0 2.59 5 5 5 5 
596 0 0 2 2 2 1 9 0 9 0 1 0 0 3 3 2 3 0 0 0 3 80 8 39 17 18 33 23 30 17 13 3 3 3 2 0.85 5 5 5 3 
553 0 0 4 4 5 1 18 0 17 0 1 0 0 2 2 1 2 0 0 0 2 90 6 51 26 24 33 30 40 26 14 7 7 8 4 0.65 8 8 9 2 
889 0 0 1 1 1 1 7 0 7 0 1 0 0 3 3 3 3 0 0 2 1 81 11 34 20 10 36 17 21 14 7 2 2 2 0 1.06 4 4 4 3 
280 0 0 1 1 1 1 3 0 3 0 1 0 0 9 9 2 9 1 0 0 8 112 14 43 18 16 55 21 32 18 14 2 2 3 1 1.28 10 10 11 9 
818 1 3 1 1 1 1 6 0 6 0 1 0 0 3 3 2 3 0 0 0 3 79 8 29 11 13 42 19 24 11 13 2 2 2 1 1.45 4 4 4 3 
910 0 0 2 2 2 1 9 0 8 0 1 0 3 5 5 8 5 0 1 0 4 169 20 69 39 33 80 47 56 35 21 3 3 3 1 1.16 8 8 8 5 
1035 0 0 4 4 4 2 17 0 16 0 2 0 0 5 5 8 5 0 1 0 4 202 17 109 43 56 76 62 83 38 45 9 9 9 3 0.7 19 19 19 8 
571 0 0 1 1 1 1 1 0 1 0 1 0 0 3 3 0 3 3 0 0 0 59 7 9 8 0 43 7 8 8 0 1 1 1 0 4.78 3 3 3 3 
570 0 0 2 2 2 1 5 0 5 0 1 0 0 2 2 2 2 1 0 0 1 65 7 18 8 6 40 9 13 8 5 2 2 2 1 2.22 3 3 3 2 
585 0 0 1 1 1 1 1 0 1 0 1 0 0 2 2 0 2 2 0 0 0 52 6 7 6 0 39 5 6 6 0 1 1 1 0 5.57 2 2 2 2 
886 0 0 2 2 3 1 10 0 9 0 4 0 3 13 13 9 13 0 0 1 12 284 34 152 52 82 98 78 112 53 59 15 15 15 4 0.64 32 32 33 17 
1076 0 0 1 1 1 1 3 0 3 0 1 1 1 1 0 0 1 0 0 0 1 42 4 8 5 2 30 4 6 5 1 1 1 1 0 3.75 1 1 1 1 
453 0 0 0 0 0 0 0 0 0 0 1 0 0 0 0 3 0 0 0 0 0 39 5 6 5 3 28 4 5 5 0 0 0 0 0 4.67 0 0 0 0 
572 0 0 1 1 1 1 1 0 1 0 1 0 0 1 1 0 1 1 0 0 0 36 3 4 3 0 29 2 3 3 0 1 1 1 0 7.25 1 1 1 1 
1022 0 0 1 1 1 1 4 0 4 0 2 0 1 6 6 2 6 0 1 0 5 85 13 38 21 11 34 18 27 19 8 2 2 2 1 0.89 7 7 7 6 
548 0 0 6 4 7 2 20 0 19 0 1 11 1 11 0 0 11 0 0 0 11 377 16 235 45 166 126 102 144 45 99 15 8 15 5 0.54 71 39 72 20 
241 0 0 2 2 2 1 6 0 6 0 1 0 1 9 9 3 9 6 1 2 0 175 16 70 28 33 89 38 53 27 26 4 4 4 2 1.27 14 14 14 9 
822 0 0 1 1 1 1 8 0 8 0 1 0 0 1 1 0 1 0 0 1 0 52 4 13 8 3 35 4 6 5 1 1 1 1 0 2.69 1 1 1 1 
805 0 0 3 3 3 2 15 0 14 0 3 4 1 14 10 5 14 0 2 3 9 359 27 233 87 124 101 115 161 66 95 17 17 19 4 0.43 43 43 46 29 
806 0 0 1 1 1 1 8 0 8 0 1 0 0 1 1 0 1 0 0 1 0 54 4 13 9 2 37 4 6 5 1 1 1 1 0 2.85 1 1 1 1 
1074 0 0 2 2 2 1 15 0 13 2 1 1 2 2 1 0 2 0 1 0 1 85 8 43 27 16 34 25 30 21 9 3 3 3 1 0.79 4 4 4 2 
278 0 0 1 1 1 1 6 0 6 0 5 0 1 23 23 13 23 1 1 3 18 392 42 178 71 79 172 90 127 66 61 5 5 5 4 0.97 32 32 32 26 
259 0 0 3 3 4 1 14 1 12 1 3 0 0 11 11 10 11 0 1 2 8 317 39 163 56 90 115 81 116 52 64 14 14 17 6 0.71 32 32 39 13 
880 0 0 1 1 2 1 5 0 5 0 1 0 0 2 2 2 2 0 0 0 2 60 7 19 12 4 34 9 12 9 3 1 1 2 0 1.79 2 2 3 2 
879 0 0 2 2 2 2 10 0 10 0 1 0 0 2 2 0 2 0 0 0 2 67 6 32 19 10 29 17 22 15 7 3 3 3 1 0.91 4 4 4 4 
864 0 0 4 4 4 4 16 0 16 0 1 0 0 3 3 3 3 0 0 1 2 120 10 62 25 31 48 30 45 20 25 7 7 7 3 0.77 13 13 13 13 
862 0 0 1 1 1 1 1 0 1 0 1 0 0 1 1 0 1 0 0 0 1 42 4 9 8 0 29 5 6 6 0 1 1 1 0 3.22 1 1 1 1 
865 0 0 2 2 2 1 8 0 7 0 2 1 0 21 20 4 21 1 1 0 19 297 32 204 94 96 61 95 129 82 47 14 5 14 4 0.3 41 32 41 25 
860 0 0 4 4 4 4 15 0 15 0 1 0 0 2 2 0 2 0 0 0 2 78 6 42 22 17 30 23 29 18 11 6 6 6 3 0.71 7 7 7 7 
874 0 0 1 1 1 1 1 0 1 0 1 0 1 1 1 0 1 0 0 0 1 46 5 9 8 1 32 6 7 7 0 1 1 1 0 3.56 1 1 1 1 
876 0 0 1 1 1 1 1 0 1 0 1 0 0 4 4 0 4 0 0 0 4 57 7 13 12 0 37 11 12 12 0 1 1 1 0 2.85 4 4 4 4 
871 0 0 1 1 1 1 6 0 6 0 1 0 0 1 1 0 1 0 0 0 1 44 4 13 10 1 27 6 8 7 1 1 1 1 0 2.08 1 1 1 1 
1033 0 0 1 1 1 1 4 0 4 0 1 0 0 1 1 0 1 0 0 0 1 37 4 10 7 1 23 5 7 6 1 1 1 1 0 2.3 1 1 1 1 
859 0 0 2 2 2 2 7 0 7 0 1 0 0 2 2 2 2 0 0 1 1 71 7 24 11 9 40 13 18 11 7 3 3 3 2 1.67 4 4 4 4 
873 0 0 3 3 3 1 14 0 14 0 1 0 0 2 2 1 2 0 0 0 2 78 6 42 22 20 30 28 35 22 13 5 5 5 3 0.71 6 6 6 2 
872 0 0 1 1 1 1 4 0 4 0 1 0 0 2 2 1 2 0 0 1 1 60 7 19 13 3 34 11 14 11 3 1 1 1 0 1.79 2 2 2 2 
877 0 0 2 2 2 1 6 0 6 0 1 0 0 2 2 1 2 0 0 0 2 57 6 21 12 7 30 14 18 12 6 2 2 2 1 1.43 3 3 3 2 
861 0 0 2 2 2 1 12 0 11 1 1 0 0 1 1 0 1 0 0 0 1 54 4 20 12 7 30 11 14 11 3 2 2 2 1 1.5 2 2 2 1 
866 0 0 2 2 2 1 11 0 10 1 1 0 0 1 1 0 1 0 0 0 1 52 4 19 12 6 29 11 14 11 3 2 2 2 1 1.53 2 2 2 1 
863 0 0 1 1 1 1 4 0 4 0 1 0 0 2 2 1 2 0 0 0 2 53 6 16 11 2 31 7 10 8 2 1 1 1 0 1.94 2 2 2 2 
881 0 0 1 1 2 1 5 0 5 0 1 0 0 2 2 2 2 0 0 0 2 60 7 19 12 4 34 9 12 9 3 1 1 2 0 1.79 2 2 3 2 
870 0 0 1 1 1 1 6 0 6 0 1 0 0 1 1 0 1 0 0 0 1 46 4 13 10 1 29 6 8 7 1 1 1 1 0 2.23 1 1 1 1 
867 0 0 3 3 3 2 11 0 10 0 1 0 0 4 4 1 4 0 0 0 4 119 8 61 31 26 50 32 41 26 15 3 3 3 2 0.82 10 10 10 6 
869 0 0 2 2 2 1 12 0 11 0 1 0 0 4 4 3 4 0 2 0 2 139 14 67 36 26 58 39 49 30 19 4 4 4 3 0.87 8 8 9 4 
875 0 0 2 2 2 1 7 0 7 0 1 0 0 2 2 0 2 0 0 0 2 55 5 22 13 6 28 10 14 10 4 2 2 2 1 1.27 3 3 3 2 
868 0 0 1 1 1 1 4 0 4 0 1 0 0 3 3 2 3 0 0 2 1 69 8 21 10 7 40 10 15 10 5 2 2 2 1 1.9 4 4 4 3 
878 0 0 2 2 2 1 6 0 6 0 1 0 0 2 2 1 2 0 0 0 2 57 6 21 12 7 30 14 18 12 6 2 2 2 1 1.43 3 3 3 2 
894 0 0 1 1 1 1 1 0 1 0 1 0 0 7 7 0 7 7 0 0 0 96 10 13 12 0 73 11 12 12 0 1 1 1 0 5.62 7 7 7 7 
890 0 0 1 1 1 1 4 0 4 0 5 0 1 35 35 3 35 1 0 0 34 272 43 177 70 73 52 78 126 70 56 5 5 5 3 0.29 44 44 44 39 
893 0 0 2 2 2 1 6 0 6 0 1 0 0 4 4 3 4 0 0 0 4 90 10 33 14 14 47 18 25 14 11 2 2 2 1 1.42 6 6 6 4 
891 0 0 1 1 1 1 3 0 3 0 1 0 0 5 5 1 5 0 0 0 5 82 9 25 13 7 48 12 18 12 6 1 1 1 0 1.92 5 5 5 5 
892 0 0 1 1 1 1 6 0 6 0 1 0 0 7 7 1 7 0 0 0 7 109 11 54 18 23 44 21 37 18 19 3 3 3 1 0.81 10 10 10 9 
579 0 0 2 2 2 1 8 0 7 0 1 0 2 6 6 4 6 1 0 0 5 124 17 57 21 29 50 29 42 21 21 7 7 8 5 0.88 12 12 13 6 
574 0 0 2 2 2 1 7 0 7 0 1 0 1 6 6 3 6 0 1 0 5 96 9 54 15 29 33 28 41 16 25 3 3 3 2 0.61 12 12 12 8 
577 0 0 1 1 1 1 4 0 4 0 1 0 0 4 4 2 4 0 0 0 4 58 6 22 10 8 30 12 17 10 7 1 1 1 0 1.36 4 4 4 4 
575 0 0 1 1 1 1 1 0 1 0 1 0 0 3 3 0 3 3 0 0 0 46 6 7 6 0 33 5 6 6 0 1 1 1 0 4.71 3 3 3 3 
576 0 0 2 2 3 1 8 0 8 0 1 0 0 4 4 4 4 0 0 0 4 80 10 42 12 25 28 21 30 12 18 5 5 7 2 0.67 9 9 11 4 
578 0 0 2 2 2 1 5 0 5 0 1 0 0 4 4 1 4 0 0 0 4 62 8 26 9 10 28 10 17 9 8 2 2 2 1 1.08 6 6 6 4 
901 0 0 1 1 1 1 3 0 3 0 1 1 0 4 3 1 4 0 0 1 3 75 8 20 11 4 47 10 15 11 4 1 1 1 0 2.35 4 4 4 4 
1087 0 0 2 2 2 1 7 0 7 0 1 0 0 5 5 2 5 0 0 1 4 78 11 51 23 22 16 25 36 22 14 2 2 2 1 0.31 9 9 9 5 
895 0 0 3 3 3 1 12 0 11 0 1 0 0 3 3 5 3 0 1 0 2 120 11 51 26 23 58 30 41 24 17 4 4 4 2 1.14 8 8 8 3 
902 0 0 3 3 3 1 15 0 14 1 1 0 0 2 2 3 2 0 0 0 2 97 9 42 24 17 46 24 30 20 10 3 3 3 2 1.1 5 5 5 2 
906 0 0 4 4 4 1 16 0 16 0 1 0 0 2 2 5 2 0 0 0 2 107 10 48 25 21 49 27 37 23 14 5 5 5 3 1.02 7 7 7 2 
1079 0 0 2 2 3 2 9 0 9 0 1 0 0 5 5 2 5 0 1 0 4 99 12 71 37 26 16 35 50 30 20 5 5 6 2 0.23 12 12 13 9 
903 0 0 1 1 1 1 1 0 1 0 1 0 0 3 3 0 3 0 0 0 3 51 6 10 9 0 35 7 8 8 0 1 1 1 0 3.5 3 3 3 3 
1101 1 1 1 1 1 1 6 0 6 0 1 0 0 12 12 7 12 0 1 0 11 139 27 89 33 45 23 44 61 29 32 2 2 2 1 0.26 16 16 16 12 
1081 1 1 4 4 4 3 15 0 15 0 1 0 0 9 9 4 9 0 7 0 2 245 17 167 68 104 61 95 131 62 69 10 10 10 2 0.37 35 35 36 25 
1088 0 0 3 3 3 2 13 0 13 0 1 3 0 3 0 0 3 0 0 0 3 72 7 49 21 25 16 19 30 16 14 3 3 3 2 0.33 9 9 9 7 
896 0 0 4 4 4 1 15 0 15 0 1 0 0 3 3 6 3 0 1 0 2 133 12 61 27 31 60 34 49 26 23 5 5 5 3 0.98 11 11 11 3 
1089 0 0 3 3 3 2 11 0 10 0 1 0 0 5 5 2 5 0 1 0 4 105 12 77 38 31 16 38 54 31 23 6 6 6 3 0.21 13 13 13 9 
904 0 0 3 3 3 1 15 0 14 1 1 0 0 2 2 2 2 0 0 0 2 93 8 41 23 17 44 23 29 19 10 3 3 3 2 1.07 5 5 5 2 
897 0 0 6 6 6 2 31 2 27 1 1 0 0 3 3 3 3 0 1 0 2 168 17 107 55 58 44 59 79 48 31 10 10 10 4 0.41 17 17 19 5 
1077 0 0 2 2 3 1 10 0 10 0 1 0 0 5 5 2 5 0 1 0 4 107 15 76 42 30 16 38 54 35 19 4 4 5 2 0.21 11 11 13 5 
898 0 0 3 3 4 2 25 0 23 1 2 3 0 13 10 10 13 0 1 2 10 365 26 233 77 143 106 124 159 69 90 7 7 12 3 0.45 35 35 54 22 
1086 1 1 3 3 3 2 13 0 12 1 2 1 0 13 12 8 13 0 4 1 8 308 34 198 77 101 76 94 140 74 66 18 18 19 7 0.38 39 39 40 30 
1080 0 0 2 2 2 1 10 0 10 0 1 0 0 7 7 4 7 0 1 0 6 118 16 85 25 47 17 42 61 24 37 6 6 6 3 0.2 16 16 16 9 
1084 0 0 4 4 4 3 14 0 14 0 1 0 0 11 11 2 11 0 6 0 5 311 18 182 71 107 111 99 141 67 74 9 9 9 3 0.61 41 41 42 32 
900 0 0 2 2 2 1 10 0 10 0 1 0 0 2 2 2 2 0 0 0 2 77 7 32 20 10 38 17 23 16 7 3 3 3 2 1.19 4 4 4 2 
1083 1 2 4 4 4 2 24 1 21 0 2 4 2 18 14 8 18 0 11 4 3 576 62 449 179 290 65 223 295 142 153 10 10 10 4 0.14 64 64 72 30 
1102 1 1 4 4 6 3 19 2 15 1 1 0 0 3 3 2 3 0 0 0 3 101 16 54 16 33 31 24 38 17 21 11 11 15 4 0.57 13 13 17 10 
905 0 0 2 2 2 1 7 0 7 0 1 0 0 2 2 2 2 0 0 0 2 69 7 25 16 7 37 14 18 13 5 2 2 2 1 1.48 3 3 3 2 
1090 0 0 3 3 3 2 12 0 11 0 1 0 0 5 5 3 5 0 1 0 4 115 14 84 40 34 17 42 60 34 26 8 8 9 5 0.2 15 15 16 10 
899 0 0 3 3 3 2 14 0 13 1 1 0 0 2 2 1 2 0 0 0 2 93 6 35 14 21 52 21 28 14 14 3 3 3 1 1.49 6 6 6 4 
1085 0 0 1 1 1 1 4 0 4 0 1 0 0 7 7 3 7 0 1 0 6 76 15 41 18 14 20 20 29 16 13 2 2 2 1 0.49 8 8 8 7 
1082 0 0 2 2 2 1 9 0 9 0 2 0 0 6 6 3 6 0 0 1 5 133 12 57 20 29 64 27 37 19 18 2 2 2 1 1.12 9 9 10 6 
1078 0 0 6 6 8 6 18 0 18 0 1 0 0 3 3 0 3 0 0 0 3 121 10 73 24 41 39 39 58 26 32 9 9 10 4 0.53 18 18 24 18 
1072 0 0 2 2 2 1 7 0 7 0 2 1 0 13 12 1 13 0 1 8 4 163 15 115 36 55 33 38 62 28 34 3 3 3 2 0.29 23 23 23 13 
1073 0 0 3 3 3 1 12 0 11 0 1 0 3 8 8 0 8 0 5 0 3 176 15 119 49 58 42 58 83 43 40 5 5 5 4 0.35 21 21 22 8 
918 0 0 2 2 2 1 6 0 5 0 1 2 3 9 7 5 9 5 0 0 4 127 18 76 40 35 33 49 63 39 24 3 3 5 1 0.43 14 14 16 11 
838 0 0 3 3 4 1 17 1 14 0 1 0 5 7 7 1 7 0 0 0 7 207 27 134 63 69 46 72 96 55 41 6 6 9 3 0.34 21 21 27 7 
921 0 0 2 2 2 1 6 0 6 0 1 1 0 7 6 4 7 2 1 0 4 113 13 59 27 24 41 33 45 25 20 4 4 5 1 0.69 12 12 13 9 
919 0 0 1 1 1 1 1 0 1 0 1 0 0 2 2 0 2 0 0 0 2 30 5 6 6 0 19 5 6 6 0 1 1 1 0 3.17 2 2 2 2 
920 0 0 4 4 4 1 18 0 15 2 3 0 2 13 13 7 13 0 6 0 7 351 28 239 83 140 86 123 173 84 89 11 8 11 5 0.36 50 46 54 19 
173 0 0 1 1 1 1 4 0 4 0 1 0 0 8 8 7 8 0 0 0 8 159 19 52 29 14 88 28 37 23 14 1 1 1 0 1.69 8 8 8 8 
753 0 0 1 1 1 1 4 0 3 0 1 0 1 12 12 0 12 0 0 4 8 182 26 65 32 26 91 47 56 31 25 1 1 1 0 1.4 12 12 12 12 
172 0 0 1 1 1 1 1 0 1 0 1 0 0 10 10 3 10 10 0 0 0 206 16 27 26 3 163 22 23 23 0 1 1 1 0 6.04 10 10 10 10 
180 0 0 1 1 1 1 4 0 4 0 1 0 1 5 5 0 5 0 0 0 5 65 8 29 13 9 28 10 18 10 8 3 3 3 1 0.97 7 7 7 7 
720 0 0 2 2 2 1 9 0 9 0 2 1 1 30 29 13 30 0 4 4 22 550 61 339 110 181 150 176 242 97 145 7 7 8 3 0.44 65 65 71 34 
751 0 0 1 1 1 1 1 0 1 0 1 0 0 8 8 0 8 8 0 0 0 104 11 19 18 0 74 17 18 18 0 1 1 1 0 3.89 8 8 8 8 
174 0 0 0 0 0 0 0 0 0 0 1 0 0 0 0 5 0 0 0 0 0 53 6 8 7 5 39 6 7 7 0 0 0 0 0 4.88 0 0 0 0 
538 0 0 1 1 2 1 6 0 5 0 1 0 1 11 11 2 11 0 1 0 10 137 20 82 42 30 35 41 60 40 20 4 4 7 3 0.43 16 16 24 11 
176 0 0 1 1 1 1 4 0 4 0 1 0 1 5 5 0 5 0 0 0 5 64 8 29 13 9 27 10 18 10 8 3 3 3 1 0.93 7 7 7 7 
175 0 0 2 2 2 1 5 0 5 0 1 0 0 5 5 1 5 0 0 0 5 72 8 34 14 12 30 13 22 11 11 3 3 3 1 0.88 8 8 8 7 
730 0 0 3 3 3 1 12 0 10 0 1 0 4 26 26 11 26 0 0 15 11 778 54 325 97 189 400 163 235 92 143 17 17 18 3 1.23 78 78 89 37 
722 0 0 1 1 1 1 1 0 1 0 1 0 0 3 3 0 3 3 0 0 0 59 5 8 7 0 46 6 7 7 0 1 1 1 0 5.75 3 3 3 3 
733 0 0 3 3 3 2 12 0 11 0 1 0 0 6 6 4 6 0 1 0 5 165 16 86 39 39 63 43 61 34 27 5 5 5 4 0.73 16 16 18 10 
723 0 0 1 1 1 1 1 0 1 0 1 0 0 2 2 0 2 2 0 0 0 59 5 7 6 0 47 5 6 6 0 1 1 1 0 6.71 2 2 2 2 
727 0 0 6 6 7 1 27 1 23 2 1 0 1 2 2 5 2 0 0 0 2 121 9 69 30 36 43 43 57 29 28 9 9 11 3 0.62 12 12 14 2 
729 0 0 1 1 1 1 3 0 3 0 1 0 0 2 2 1 2 0 0 0 2 47 5 13 8 2 29 7 10 8 2 1 1 1 0 2.23 2 2 2 2 
731 2 3 2 2 2 1 8 0 8 0 1 2 1 10 8 4 10 0 2 0 8 205 19 100 39 49 86 55 76 37 39 4 4 5 2 0.86 19 19 22 12 
721 2 4 3 3 4 2 13 0 13 0 1 0 1 4 4 2 4 0 0 4 0 149 9 76 34 35 64 39 53 29 24 4 4 5 3 0.84 13 13 14 8 
726 0 0 2 2 2 1 4 0 4 0 1 0 0 2 2 1 2 0 0 0 2 58 5 14 7 3 39 6 10 7 3 2 2 2 1 2.79 3 3 3 2 
725 0 0 2 2 2 1 7 0 6 0 1 0 0 4 4 1 4 0 0 1 3 70 8 33 14 14 29 15 22 13 9 3 3 3 2 0.88 6 6 6 4 
728 0 0 3 3 3 1 12 0 11 0 1 0 1 4 4 4 4 0 0 1 3 111 15 67 33 32 29 41 51 30 21 6 6 7 2 0.43 11 11 12 4 
724 0 0 1 1 1 1 3 0 3 0 1 0 0 8 8 4 8 0 0 0 8 66 12 34 17 8 20 16 25 17 8 1 1 1 0 0.59 8 8 8 8 
732 0 0 4 4 4 2 11 0 11 0 1 0 1 3 3 1 3 1 0 0 2 112 8 48 16 25 56 24 34 16 18 5 5 6 2 1.17 11 11 13 6 
966 0 0 1 1 1 1 4 0 4 0 1 0 1 10 10 2 10 0 0 3 7 154 18 68 38 22 68 36 48 32 16 5 5 5 2 1 14 14 14 10 
773 1 4 2 2 2 1 7 0 6 0 3 0 1 21 21 6 21 0 0 4 17 244 21 133 41 63 90 61 95 52 43 4 4 5 3 0.68 33 33 38 26 
780 1 2 1 1 2 1 5 0 5 0 2 0 1 14 14 7 14 0 0 3 11 174 22 94 39 44 58 47 68 36 32 3 3 6 1 0.62 18 18 21 16 
770 0 0 0 0 0 0 0 0 0 0 1 0 0 0 0 12 0 0 0 0 0 89 10 16 16 12 63 15 16 16 0 0 0 0 0 3.94 0 0 0 0 
765 0 0 1 1 1 1 1 0 1 0 1 0 0 6 6 0 6 6 0 0 0 153 9 22 21 0 122 14 15 15 0 1 1 1 0 5.55 6 6 6 6 
772 3 4 2 2 2 1 6 0 6 0 1 0 0 17 17 6 17 0 0 6 11 291 29 136 50 65 126 70 104 50 54 6 6 6 2 0.93 30 30 33 19 
1057 0 0 1 1 1 1 1 0 1 0 1 0 0 1 1 0 1 1 0 0 0 30 2 4 3 0 24 2 3 3 0 1 1 1 0 6 1 1 1 1 
1056 0 0 1 1 1 1 3 0 3 0 1 0 1 3 3 1 3 0 0 0 3 69 8 18 12 4 43 11 15 12 3 1 1 1 0 2.39 3 3 3 3 
1059 0 0 1 1 1 1 6 0 6 0 1 0 3 4 4 2 4 0 0 2 2 78 9 34 15 15 35 15 26 16 10 2 2 2 1 1.03 5 5 5 4 
785 0 0 1 1 1 1 1 0 1 0 1 0 0 8 8 0 8 8 0 0 0 151 13 19 18 0 119 17 18 18 0 1 1 1 0 6.26 8 8 8 8 
776 0 0 1 1 1 1 1 0 1 0 1 0 0 3 3 0 3 3 0 0 0 75 6 9 8 0 60 7 8 8 0 1 1 1 0 6.67 3 3 3 3 
778 0 0 2 2 3 1 11 0 10 1 1 0 1 3 3 2 3 0 0 0 3 96 9 48 25 19 40 31 38 24 14 3 3 5 2 0.83 6 6 8 3 
768 0 0 1 1 1 1 1 0 1 0 1 0 0 4 4 0 4 4 0 0 0 75 9 11 11 0 55 10 11 11 0 1 1 1 0 5 4 4 4 4 
790 0 0 1 1 1 1 2 0 1 0 2 0 1 10 10 0 10 5 0 0 5 120 9 27 12 10 84 14 20 16 4 1 1 1 0 3.11 10 10 10 10 
1050 1 1 3 3 3 2 10 0 8 1 4 2 3 15 13 6 15 3 5 0 7 289 35 155 48 79 99 64 104 42 62 11 11 13 4 0.64 39 39 44 29 
775 0 0 2 2 2 1 4 0 4 0 1 0 0 2 2 1 2 0 0 0 2 41 6 14 7 4 21 7 11 7 4 2 2 2 1 1.5 3 3 3 2 
774 0 0 1 1 1 1 3 0 3 0 1 1 14 1 0 0 1 0 0 0 1 67 16 19 17 15 32 16 18 17 1 1 1 1 0 1.68 1 1 1 1 
771 3 3 3 3 4 1 13 0 12 0 3 4 36 21 17 10 21 1 5 0 15 531 49 360 110 228 122 176 256 108 148 17 17 19 3 0.34 73 73 76 25 
779 0 0 2 2 2 1 5 0 5 0 1 0 0 16 16 4 16 0 0 0 16 224 26 113 46 48 85 54 82 43 39 5 5 6 2 0.75 26 26 28 18 
789 0 0 1 1 1 1 1 0 1 0 1 0 0 3 3 0 3 3 0 0 0 59 5 11 10 0 43 8 9 9 0 1 1 1 0 3.91 3 3 3 3 
787 1 4 3 3 3 1 11 0 9 0 1 3 2 16 13 3 16 2 7 1 6 363 31 197 82 107 136 116 155 85 70 7 7 7 3 0.69 40 40 42 16 
786 0 0 3 3 3 1 15 1 13 1 1 3 1 12 9 2 12 2 2 1 7 375 32 207 85 118 137 130 164 85 79 7 7 7 3 0.66 32 32 35 14 
788 1 3 2 2 3 1 11 0 9 1 2 0 1 21 21 7 21 6 5 4 6 459 49 260 109 136 151 136 188 96 92 11 11 11 5 0.58 51 51 55 29 
1051 5 2 3 3 3 1 13 0 11 1 2 1 1 10 9 4 10 1 3 4 2 248 21 142 53 76 88 67 103 48 55 9 9 9 5 0.62 27 27 28 13 
1054 4 2 4 4 4 2 25 1 18 5 1 0 0 7 7 6 7 1 1 2 3 268 25 167 82 94 76 104 132 79 53 8 8 8 4 0.46 25 25 27 14 
1055 2 2 2 2 2 1 12 0 9 2 2 0 1 17 17 6 17 1 6 6 4 391 37 206 81 112 152 98 135 73 62 6 4 6 3 0.74 36 34 37 17 
1052 0 0 1 1 1 1 1 0 1 0 1 0 0 1 1 0 1 1 0 0 0 28 4 5 5 0 19 4 5 5 0 1 1 1 0 3.8 1 1 1 1 
1053 0 0 2 2 2 1 10 0 8 1 4 0 1 8 8 3 8 4 1 0 3 141 17 77 30 38 47 38 56 33 23 5 5 5 4 0.61 16 16 17 11 
767 0 0 3 3 3 2 11 0 10 1 1 0 1 7 7 1 7 1 0 0 6 147 13 86 30 44 48 42 68 35 33 3 3 4 2 0.56 19 19 21 11 
766 0 0 2 2 2 1 9 0 8 0 2 0 1 14 14 2 14 0 1 1 12 265 24 159 64 75 82 83 123 66 57 4 4 4 2 0.52 32 32 34 18 
782 0 0 3 3 3 1 14 0 12 1 3 3 2 23 20 2 23 3 9 1 10 482 40 312 105 183 132 166 234 110 124 8 8 8 3 0.42 69 69 74 32 
781 4 5 3 3 4 2 19 1 16 1 2 1 1 17 16 10 17 0 6 1 10 504 51 345 136 197 109 199 263 132 131 9 9 9 5 0.32 57 57 62 33 
783 0 0 2 2 3 1 9 0 8 0 2 0 2 19 19 7 19 6 3 4 6 342 41 211 94 97 91 111 151 79 72 6 6 7 4 0.43 39 39 48 23 
1058 0 0 4 4 5 1 28 1 19 8 1 1 1 5 4 5 5 2 1 1 1 226 20 128 53 71 81 71 96 52 44 13 11 13 4 0.63 22 20 23 5 
745 0 0 1 1 1 1 3 0 3 0 1 0 1 9 9 3 9 2 0 0 7 92 14 45 21 16 33 24 35 21 14 2 2 2 1 0.73 11 11 11 9 
748 0 0 2 2 2 1 5 0 5 0 1 0 2 8 8 3 8 0 0 5 3 144 17 51 20 23 76 26 38 20 18 3 3 4 2 1.49 12 12 13 8 
742 0 0 1 1 2 1 3 0 3 0 1 0 0 4 4 1 4 0 0 0 4 50 7 22 10 6 21 8 14 8 6 2 2 2 1 0.95 5 5 6 4 
743 0 0 2 2 3 2 12 0 11 0 2 0 1 15 15 5 15 0 4 2 9 372 31 206 76 114 136 106 145 70 75 5 5 5 3 0.66 37 35 39 24 
739 0 0 1 1 1 1 3 0 3 0 1 1 2 9 8 0 9 0 1 0 8 76 14 40 18 14 22 16 28 16 12 3 3 4 1 0.55 11 11 12 11 
968 0 0 1 1 1 1 2 0 2 0 1 0 1 8 8 1 8 0 0 0 8 108 14 31 16 8 63 14 23 16 7 2 2 2 0 2.03 9 9 9 8 
747 0 0 2 2 2 1 4 0 4 0 1 0 1 5 5 1 5 0 0 0 5 91 12 35 15 12 44 14 23 12 11 3 3 3 1 1.26 8 8 9 7 
749 0 0 1 1 1 1 3 0 3 0 1 0 1 3 3 0 3 0 0 0 3 67 8 20 14 4 39 12 16 13 3 1 1 1 0 1.95 3 3 3 3 
738 0 0 2 2 2 1 6 0 6 0 6 0 0 27 27 8 27 0 8 1 18 341 39 198 71 93 104 90 146 75 71 4 4 5 3 0.53 46 46 49 34 
740 0 0 1 1 1 1 1 0 1 0 1 0 0 8 8 0 8 8 0 0 0 124 11 15 14 0 98 13 14 14 0 1 1 1 0 6.53 8 8 8 8 
744 0 0 1 1 1 1 1 0 1 0 1 0 0 4 4 0 4 4 0 0 0 64 6 9 8 0 49 7 8 8 0 1 1 1 0 5.44 4 4 4 4 
750 0 0 3 3 3 2 10 0 10 0 1 0 1 6 6 2 6 0 1 0 5 145 14 76 27 41 55 36 52 26 26 7 7 7 2 0.72 15 15 16 11 
969 0 0 1 1 1 1 3 0 3 0 1 0 0 1 1 0 1 0 0 0 1 27 2 5 3 1 20 2 4 3 1 1 1 1 0 4 1 1 1 1 
736 0 0 2 2 3 2 9 0 7 1 1 0 1 22 22 8 22 0 1 4 17 361 46 208 69 97 107 102 152 62 90 5 5 7 3 0.51 49 49 55 35 
735 0 0 2 2 2 1 6 0 6 0 2 0 1 6 6 0 6 0 0 4 2 102 8 52 27 20 42 27 37 25 12 2 2 3 1 0.81 9 9 10 6 
734 0 0 3 2 3 1 11 0 10 0 2 0 1 19 19 9 19 0 2 1 16 390 43 250 97 127 97 141 191 98 93 12 12 13 3 0.39 48 46 53 27 
967 0 0 1 1 1 1 3 0 2 0 1 0 0 3 3 0 3 0 0 0 3 55 6 15 11 1 34 7 11 10 1 1 1 1 0 2.27 3 3 3 3 
761 0 0 3 3 3 1 10 0 9 0 2 0 1 27 27 3 27 6 5 1 15 502 37 295 96 162 170 144 213 97 116 6 6 6 4 0.58 73 73 81 40 
755 1 5 2 2 2 2 11 0 10 0 11 1 1 52 51 7 52 5 12 4 31 718 93 501 136 281 124 225 336 147 189 7 7 9 3 0.25 116 116 125 92 
758 1 2 4 4 4 2 17 1 15 0 1 0 1 7 7 2 7 1 2 0 4 196 23 135 51 79 38 79 108 55 53 5 5 7 3 0.28 25 25 29 12 
762 1 5 3 3 3 1 13 0 12 0 2 1 1 12 11 2 12 1 6 1 4 289 24 185 67 109 84 106 140 60 80 8 8 8 3 0.45 33 33 35 12 
1062 4 2 3 3 4 1 17 1 14 2 2 1 1 17 16 5 17 5 8 1 3 438 40 255 91 143 144 120 176 89 87 8 8 9 4 0.56 53 53 60 17 
757 1 4 2 2 2 1 5 0 5 0 2 0 1 16 16 7 16 8 2 0 6 273 29 123 51 54 121 61 86 46 40 6 6 6 4 0.98 29 27 30 21 
759 0 0 4 4 5 2 16 0 16 0 1 3 1 11 8 0 11 1 6 0 4 313 20 208 77 117 89 95 140 66 74 10 10 12 8 0.43 47 47 55 20 
756 1 5 3 3 4 2 15 0 12 2 2 2 3 23 21 13 23 0 7 2 14 569 50 349 118 191 173 172 251 112 139 19 19 20 5 0.5 80 80 90 43 
763 0 0 0 0 0 0 0 0 0 0 1 0 0 0 0 21 0 0 0 0 0 80 10 27 26 21 43 25 26 26 0 0 0 0 0 1.59 0 0 0 0 
760 0 0 2 2 2 1 6 0 6 0 2 1 0 13 12 2 13 1 0 1 11 183 18 103 35 47 63 45 70 35 35 4 4 4 2 0.61 25 25 25 17 
970 1 4 5 4 5 2 22 1 18 2 6 2 8 21 19 14 21 0 2 0 19 697 83 434 130 266 183 225 329 142 187 31 31 33 3 0.42 95 91 103 47 
754 0 0 3 3 3 1 12 0 10 2 3 2 11 57 55 16 57 11 17 2 27 1478 124 651 192 376 705 321 470 187 283 9 9 11 4 1.08 154 153 176 75 
971 0 0 1 1 1 1 3 0 3 0 1 0 0 5 5 1 5 0 0 0 5 93 9 26 16 6 58 12 18 13 5 1 1 1 0 2.23 5 5 5 5 
1061 0 0 1 1 1 1 2 0 2 0 12 0 0 69 71 28 71 16 0 0 55 375 84 268 117 82 25 115 187 109 78 1 1 1 0 0.09 71 71 71 71 
1060 0 0 3 3 3 1 14 1 13 0 4 4 1 19 15 4 19 0 6 0 13 340 45 261 72 170 36 119 166 74 92 11 11 12 2 0.14 53 48 58 23 
1092 0 0 4 4 4 1 22 2 19 1 1 0 0 3 3 4 3 0 0 0 3 123 19 76 30 40 28 40 51 28 23 9 9 10 2 0.37 11 11 12 3 
1095 0 0 1 1 1 1 3 0 3 0 1 0 0 28 28 11 28 0 0 0 28 330 48 150 75 46 132 82 111 66 45 1 1 1 0 0.88 28 28 28 28 
1093 0 0 1 1 1 1 6 0 6 0 8 7 0 18 11 2 18 0 1 8 9 217 19 98 27 53 100 36 56 32 24 4 4 4 2 1.02 21 21 21 21 
1096 0 0 1 1 1 1 1 0 1 0 1 0 0 1 1 0 1 1 0 0 0 36 4 5 4 0 27 3 4 4 0 1 1 1 0 5.4 1 1 1 1 
1097 0 0 2 2 2 1 9 0 7 1 1 0 0 3 3 2 3 0 0 0 3 83 11 30 11 14 42 14 21 11 10 4 4 5 2 1.4 6 6 7 3 
1099 2 2 2 2 2 1 7 0 6 0 1 0 0 2 2 0 2 0 0 0 2 54 7 18 8 7 29 10 14 8 6 2 2 2 1 1.61 3 3 3 2 
1098 0 0 3 3 3 1 26 1 23 2 1 0 3 5 5 4 5 0 0 0 5 266 23 134 42 95 109 53 73 34 39 8 8 10 4 0.81 15 15 17 5 
1094 0 0 0 0 0 0 0 0 0 0 1 0 0 0 0 0 0 0 0 0 0 24 1 3 2 0 20 1 2 2 0 0 0 0 0 6.67 0 0 0 0 
46 0 0 2 2 2 1 7 0 7 0 1 0 0 22 22 4 22 0 0 0 22 386 32 173 39 93 181 71 133 50 83 6 6 6 3 1.05 46 46 50 22 
848 0 0 3 3 3 2 12 0 11 1 1 0 0 21 21 3 21 9 2 1 9 423 44 253 68 151 126 114 182 67 115 9 9 9 3 0.5 62 62 68 37 
849 0 0 2 2 2 1 7 0 6 0 1 0 0 7 7 4 7 1 0 0 6 94 13 57 17 28 25 28 42 17 25 4 4 5 1 0.44 13 13 15 9 
707 1 5 2 2 2 1 7 0 7 0 3 0 0 9 9 7 9 0 2 0 7 181 20 78 24 45 83 34 52 23 29 4 4 5 2 1.06 18 18 21 9 
708 0 0 3 3 3 2 15 0 13 1 4 2 1 16 14 12 16 2 4 0 10 407 41 261 69 153 105 131 182 68 114 5 5 6 3 0.4 48 48 52 34 
706 0 0 1 1 1 1 1 0 1 0 3 0 0 5 5 0 5 5 0 0 0 95 12 13 10 0 70 7 10 10 0 1 1 1 0 5.38 5 5 5 5 
933 0 0 1 1 1 1 1 0 1 0 1 0 0 1 1 0 1 1 0 0 0 39 4 5 4 0 30 3 4 4 0 1 1 1 0 6 1 1 1 1 
25 0 0 2 2 2 1 5 0 5 0 1 0 7 30 30 5 30 4 0 9 17 415 42 174 53 93 199 74 115 53 62 7 3 7 2 1.14 54 45 55 30 
45 0 0 1 1 1 1 1 0 1 0 1 0 0 8 8 0 8 8 0 0 0 89 9 12 11 0 68 10 11 11 0 1 1 1 0 5.67 8 8 8 8 
462 0 0 1 1 1 1 1 0 1 0 1 0 0 1 1 0 1 1 0 0 0 30 2 4 3 0 24 2 3 3 0 1 1 1 0 6 1 1 1 1 
33 0 0 1 1 1 1 3 0 3 0 1 0 0 2 2 0 2 0 0 0 2 47 4 9 4 2 34 3 6 4 2 1 1 1 0 3.78 2 2 2 2 
26 0 0 1 1 1 1 1 0 1 0 1 0 0 4 4 0 4 4 0 0 0 57 5 7 6 0 45 5 6 6 0 1 1 1 0 6.43 4 4 4 4 
27 0 0 1 1 1 1 1 0 1 0 1 0 0 4 4 0 4 4 0 0 0 65 6 11 10 0 48 7 8 8 0 1 1 1 0 4.36 4 4 4 4 
44 0 0 2 2 2 1 8 0 7 1 1 0 2 11 11 2 11 0 1 0 10 232 21 95 34 44 116 47 73 35 38 3 3 3 2 1.22 18 18 18 13 
39 0 0 2 2 2 1 10 0 8 1 1 1 0 29 28 6 29 0 0 5 24 551 59 259 72 142 233 114 177 58 119 5 5 6 3 0.9 61 61 64 32 
63 0 0 1 1 1 1 3 0 3 0 1 0 2 9 9 2 9 0 0 0 9 120 18 48 22 19 54 23 34 21 13 2 2 3 1 1.13 10 10 11 9 
463 0 0 1 1 1 1 3 0 3 0 1 0 0 2 2 1 2 0 0 0 2 47 6 11 6 2 30 5 8 6 2 1 1 1 0 2.73 2 2 2 2 
850 0 0 1 1 2 1 6 0 6 0 3 0 3 26 26 4 26 3 1 0 22 365 40 163 46 94 162 76 115 50 65 4 4 7 2 0.99 37 37 41 28 
32 0 0 1 1 1 1 3 0 3 0 1 0 0 2 2 0 2 0 0 0 2 47 4 9 4 2 34 3 6 4 2 1 1 1 0 3.78 2 2 2 2 
35 0 0 1 1 1 1 3 0 3 0 1 0 1 9 9 2 9 0 0 0 9 119 17 39 20 11 63 19 29 20 9 1 1 1 0 1.62 9 9 9 9 
28 0 0 2 2 2 1 7 0 6 0 1 0 0 53 53 9 53 0 0 3 50 910 80 392 104 212 438 173 277 103 174 15 15 17 6 1.12 96 96 100 62 
36 0 0 1 1 1 1 1 0 1 0 1 0 0 4 4 0 4 4 0 0 0 67 6 10 9 0 51 7 8 8 0 1 1 1 0 5.1 4 4 4 4 
464 0 0 6 6 6 4 29 2 17 9 2 5 0 10 5 0 10 6 4 0 0 379 37 199 47 113 147 77 144 56 88 23 23 27 6 0.74 55 55 64 36 
24 0 0 1 1 1 1 4 0 4 0 1 0 0 15 15 4 15 0 0 0 15 209 23 74 30 27 112 36 54 28 26 2 2 2 1 1.51 16 16 16 15 
37 1 6 2 2 2 1 10 0 8 1 2 0 1 52 52 6 52 0 1 0 51 971 99 466 153 250 406 201 315 131 184 19 19 20 5 0.87 102 102 108 68 
40 1 8 4 4 4 2 20 2 16 2 3 0 2 62 62 20 62 1 23 3 35 1854 213 1019 263 651 624 458 725 264 461 23 23 24 5 0.61 225 225 247 103 
43 0 0 1 1 1 1 3 0 3 0 1 0 0 2 2 0 2 0 0 0 2 48 4 9 4 2 35 3 6 4 2 1 1 1 0 3.89 2 2 2 2 
42 0 0 3 3 3 1 8 0 8 0 1 0 0 11 11 2 11 0 1 0 10 196 18 103 33 50 75 36 78 40 38 4 4 4 2 0.73 32 32 32 13 
38 0 0 1 1 1 1 1 0 1 0 1 0 0 9 9 0 9 9 0 0 0 123 12 19 18 0 92 13 14 14 0 1 1 1 0 4.84 9 9 9 9 
64 0 0 4 4 4 2 15 0 14 0 3 1 2 24 23 5 24 0 6 2 16 598 41 366 100 209 191 158 257 101 156 18 18 19 6 0.52 93 93 107 52 
929 0 0 4 4 4 2 16 0 15 1 2 3 7 14 11 6 14 0 10 0 4 321 22 221 52 138 78 109 160 56 104 8 8 9 4 0.35 51 51 52 22 
129 0 0 1 1 1 1 5 0 5 0 1 0 2 8 8 2 8 0 0 0 8 160 17 65 34 28 78 40 50 32 18 3 3 3 1 1.2 10 10 10 8 
128 0 0 3 3 3 2 11 0 10 0 1 0 1 8 8 2 8 0 0 0 8 223 19 103 38 55 101 56 78 40 38 6 6 7 2 0.98 22 22 24 12 
846 0 0 1 1 1 1 3 0 3 0 1 0 2 11 11 0 11 0 2 0 9 125 18 43 20 13 64 19 31 20 11 1 1 1 0 1.49 11 11 11 11 
130 0 0 1 1 1 1 3 0 3 0 1 0 0 6 6 2 6 0 0 0 6 106 11 30 16 9 65 16 23 16 7 1 1 1 0 2.17 6 6 6 6 
558 0 0 3 3 3 1 16 0 13 1 1 0 2 7 7 5 7 0 2 0 5 240 23 115 27 68 102 46 69 26 43 6 6 6 2 0.89 21 21 21 7 
930 0 0 1 1 1 1 1 0 1 0 1 0 0 3 3 0 3 3 0 0 0 52 5 7 6 0 40 5 6 6 0 1 1 1 0 5.71 3 3 3 3 
931 0 0 1 1 1 1 1 0 1 0 1 0 0 1 1 0 1 1 0 0 0 41 3 5 4 0 33 3 4 4 0 1 1 1 0 6.6 1 1 1 1 
847 0 0 1 1 1 1 1 0 1 0 1 0 0 2 2 0 2 2 0 0 0 46 4 5 4 0 37 3 4 4 0 1 1 1 0 7.4 2 2 2 2 
981 1 2 2 2 2 1 9 0 8 1 1 0 2 4 4 4 4 0 1 0 3 113 13 51 24 23 49 30 41 25 16 4 4 5 4 0.96 8 8 9 4 
978 0 0 3 3 4 2 16 0 15 0 1 1 1 12 11 6 12 0 6 0 6 364 26 212 56 136 128 99 145 50 95 8 8 9 3 0.6 40 40 46 27 
975 1 2 2 2 2 1 11 0 11 0 5 0 3 23 23 4 23 3 1 10 9 481 38 271 68 178 173 136 192 71 121 6 6 9 4 0.64 50 50 55 29 
982 0 0 1 1 1 1 3 0 3 0 1 0 0 9 9 3 9 0 0 0 9 108 15 39 18 11 54 19 29 18 11 1 1 1 0 1.38 9 9 9 9 
977 0 0 1 1 1 1 1 0 1 0 1 0 0 1 1 0 1 1 0 0 0 30 2 4 3 0 24 2 3 3 0 1 1 1 0 6 1 1 1 1 
976 0 0 3 3 3 1 9 0 9 0 1 3 1 4 1 0 4 0 1 0 3 98 8 48 13 24 42 19 31 13 18 7 7 7 2 0.88 11 11 11 4 
974 0 0 3 3 3 2 24 1 16 6 1 0 2 2 2 0 2 0 0 0 2 97 11 44 15 25 42 24 32 15 17 5 5 5 2 0.95 6 6 6 4 
973 0 0 3 3 3 1 17 0 15 1 1 0 1 5 5 3 5 0 2 1 2 168 14 99 42 56 55 58 75 40 35 7 7 8 3 0.56 13 13 14 5 
983 0 0 2 2 2 1 8 0 7 1 1 0 1 3 3 0 3 0 0 1 2 82 8 32 15 14 42 15 21 14 7 3 3 3 2 1.31 5 5 5 3 
980 0 0 1 1 1 1 6 0 6 0 1 1 0 3 2 3 3 0 1 0 2 69 8 30 15 11 31 18 23 15 8 2 2 2 1 1.03 4 4 4 3 
979 0 0 1 1 1 1 3 0 3 0 1 0 0 3 3 2 3 0 0 0 3 47 6 16 8 4 25 8 12 8 4 1 1 1 0 1.56 3 3 3 3 
68 0 0 1 1 1 1 3 0 3 0 1 0 0 8 8 0 8 4 0 0 4 106 14 36 19 13 56 21 28 19 9 3 3 3 3 1.56 10 10 10 10 
711 0 0 1 1 1 1 4 0 3 0 1 4 2 16 12 2 16 8 2 0 6 142 25 77 35 30 40 38 57 35 22 2 2 4 1 0.52 18 18 20 16 
712 0 0 2 2 2 1 6 0 5 0 1 3 4 12 9 1 12 5 1 0 6 175 21 85 32 44 69 47 67 34 33 4 4 4 2 0.81 19 19 19 14 
709 0 0 2 2 2 1 6 0 5 0 1 1 2 10 9 2 10 3 1 0 6 142 20 71 26 33 51 31 48 25 23 3 3 4 2 0.72 16 16 17 12 
710 0 0 2 2 2 1 6 0 6 0 1 2 1 13 11 3 13 4 2 0 7 179 19 106 34 53 54 51 75 34 41 4 4 6 2 0.51 22 22 25 15 
916 0 0 1 1 1 1 3 0 3 0 1 0 0 4 4 1 4 3 0 0 1 60 8 23 13 6 29 13 18 13 5 2 2 2 0 1.26 5 5 5 4 
67 2 6 3 2 3 2 8 0 8 0 1 26 4 48 22 0 48 2 13 0 33 739 59 446 109 268 234 194 287 107 180 27 16 27 5 0.52 126 93 132 107 
950 1 5 1 1 1 1 3 0 3 0 1 1 1 15 14 1 15 1 0 2 12 109 20 69 35 20 20 35 52 35 17 2 2 2 1 0.29 16 16 16 15 
949 0 0 1 1 1 1 4 0 4 0 2 0 1 21 21 4 21 4 2 2 13 209 34 113 36 52 62 48 79 36 43 3 3 3 2 0.55 29 29 29 21 
948 1 4 3 3 3 3 12 0 11 0 1 0 1 6 6 1 6 0 0 0 6 133 11 90 31 48 32 45 64 31 33 6 6 6 3 0.36 19 19 20 18 
166 0 0 2 2 2 1 6 0 6 0 1 1 0 9 8 2 9 0 0 0 9 177 16 65 24 35 96 34 50 24 26 5 5 6 2 1.48 15 15 17 11 
943 0 0 1 1 1 1 1 0 1 0 1 0 0 2 2 0 2 2 0 0 0 44 5 6 6 0 33 4 5 5 0 1 1 1 0 5.5 2 2 2 2 
941 0 0 2 2 2 1 10 0 9 0 1 1 0 8 7 0 8 1 0 0 7 168 17 86 36 42 65 45 66 35 31 4 4 4 3 0.76 17 17 17 8 
945 0 0 1 1 1 1 1 0 1 0 1 0 0 3 3 0 3 3 0 0 0 59 6 7 7 0 46 6 7 7 0 1 1 1 0 6.57 3 3 3 3 
947 0 0 2 2 2 1 6 0 6 0 1 0 0 4 4 0 4 1 0 0 3 79 8 34 18 13 37 16 25 17 8 4 4 4 3 1.09 7 7 7 4 
146 0 0 1 1 1 1 1 0 1 0 1 0 0 1 1 0 1 1 0 0 0 34 4 5 4 0 25 3 4 4 0 1 1 1 0 5 1 1 1 1 
154 0 0 1 1 1 1 3 0 3 0 1 0 0 2 2 1 2 0 0 1 1 48 5 12 6 3 31 5 8 5 3 1 1 1 0 2.58 2 2 2 2 
145 0 0 1 1 1 1 1 0 1 0 1 0 0 7 7 0 7 7 0 0 0 90 11 18 17 0 61 16 17 17 0 1 1 1 0 3.39 7 7 7 7 
168 0 0 3 3 3 1 14 0 11 1 1 2 0 12 10 4 12 0 1 1 10 307 30 165 57 91 112 71 112 51 61 13 13 17 4 0.68 37 37 41 12 
163 0 0 1 1 1 1 4 0 4 0 1 0 0 7 7 0 7 0 0 0 7 95 11 42 19 14 42 16 26 15 11 2 2 2 1 1 9 9 9 7 
164 0 0 1 1 1 1 1 0 1 0 1 0 0 4 4 0 4 4 0 0 0 63 7 10 9 0 46 7 8 8 0 1 1 1 0 4.6 4 4 4 4 
152 0 0 1 1 1 1 1 0 1 0 1 0 0 13 13 0 13 13 0 0 0 136 16 21 20 0 99 19 20 20 0 1 1 1 0 4.71 13 13 13 13 
153 0 0 1 1 1 1 1 0 1 0 1 0 0 10 10 0 10 10 0 0 0 109 13 16 15 0 80 14 15 15 0 1 1 1 0 5 10 10 10 10 
158 0 0 3 3 3 1 18 1 14 2 1 2 2 23 21 8 23 8 2 0 13 685 82 372 111 238 231 195 280 111 169 11 11 12 4 0.62 76 76 77 31 
159 0 0 2 2 2 1 7 0 6 0 1 0 1 32 32 5 32 9 4 0 19 482 47 241 86 120 194 109 174 84 90 4 4 4 4 0.8 58 58 63 36 
147 0 0 1 1 1 1 1 0 1 0 1 0 0 2 2 0 2 2 0 0 0 43 5 6 5 0 32 4 5 5 0 1 1 1 0 5.33 2 2 2 2 
155 0 0 1 1 1 1 2 0 2 0 1 0 0 4 4 2 4 0 0 2 2 68 8 15 9 3 45 9 12 9 3 1 1 1 0 3 4 4 4 4 
944 0 0 1 1 1 1 1 0 1 0 1 0 0 15 15 0 15 15 0 0 0 200 20 35 34 0 145 23 24 24 0 1 1 1 0 4.14 15 15 15 15 
942 0 0 2 2 2 1 11 0 10 0 2 2 1 35 33 7 35 2 1 21 11 816 68 402 161 238 346 191 267 131 136 8 8 8 3 0.86 77 77 81 51 
936 0 0 2 2 2 1 9 0 8 0 9 0 2 39 39 11 39 0 0 9 30 719 70 401 163 199 248 185 262 133 129 9 9 10 5 0.62 64 64 65 43 
938 0 0 2 2 2 1 7 0 6 0 3 0 2 60 60 7 60 1 4 13 42 767 89 423 156 197 255 166 267 129 138 4 4 4 2 0.6 97 97 99 62 
167 0 0 1 1 1 1 4 0 4 0 1 1 0 6 5 1 6 0 0 0 6 106 10 31 14 12 65 15 22 12 10 1 1 1 0 2.1 6 6 6 6 
157 0 0 2 2 2 1 11 0 9 0 1 0 0 42 42 5 42 0 5 0 37 863 64 452 144 262 347 211 319 137 182 13 13 13 3 0.77 99 99 100 52 
151 0 0 2 2 2 1 7 0 7 0 1 0 1 24 24 0 24 0 2 1 21 370 34 211 88 104 125 98 140 75 65 3 3 3 2 0.59 41 41 41 26 
839 0 0 1 1 1 1 3 0 3 0 1 0 0 3 3 2 3 0 0 0 3 65 8 16 8 4 41 8 12 8 4 1 1 1 0 2.56 3 3 3 3 
149 0 0 1 1 1 1 5 0 5 0 1 0 1 16 16 0 16 0 0 1 15 238 25 110 57 48 103 63 85 54 31 3 3 3 2 0.94 22 22 22 18 
559 0 0 3 3 4 1 15 0 12 2 1 0 1 5 5 1 5 0 0 1 4 140 14 85 38 34 41 37 59 33 26 6 6 6 4 0.48 17 17 18 7 
161 0 0 1 1 1 1 4 0 3 0 1 0 0 17 17 4 17 0 0 0 17 201 27 87 47 23 87 40 59 38 21 2 2 2 1 1 18 18 20 17 
165 0 0 2 2 2 1 6 0 6 0 1 0 0 11 11 4 11 0 2 0 9 195 20 85 32 40 90 41 61 31 30 3 3 3 2 1.06 19 19 19 11 
939 0 0 3 3 3 2 13 0 12 0 2 0 1 20 20 10 20 0 2 14 4 557 43 293 97 170 221 137 196 87 109 14 14 17 4 0.75 56 56 60 36 
946 0 0 3 3 3 1 25 2 20 1 1 0 1 5 5 0 5 0 2 3 0 227 23 122 56 78 82 75 91 48 43 7 7 7 2 0.67 15 15 15 7 
937 0 0 6 6 7 3 36 2 27 6 1 0 1 9 9 0 9 0 5 4 0 525 37 279 94 172 209 140 204 87 117 16 16 18 5 0.75 54 54 63 25 
940 0 0 8 8 10 1 56 3 40 12 1 0 1 9 9 0 9 0 1 8 0 667 46 394 130 268 227 208 292 115 177 46 46 55 5 0.58 74 74 86 12 
148 0 0 1 1 1 1 1 0 1 0 1 0 0 1 1 0 1 1 0 0 0 59 4 5 4 0 50 3 4 4 0 1 1 1 0 10 1 1 1 1 
935 0 0 1 1 2 1 4 0 4 0 1 0 0 4 4 2 4 0 0 0 4 85 11 25 13 8 49 13 19 12 7 2 2 3 1 1.96 5 5 6 4 
1100 0 0 2 2 3 2 8 0 8 0 4 0 0 13 13 5 13 1 2 5 5 218 31 134 43 76 58 63 94 38 56 6 6 7 2 0.43 28 28 36 24 
21 0 0 2 2 2 1 8 0 7 0 1 0 1 31 31 5 31 0 1 12 18 532 50 279 92 131 203 122 195 84 111 6 6 6 3 0.73 67 67 69 36 
22 0 0 1 1 1 1 1 0 1 0 1 0 0 8 8 0 8 8 0 0 0 109 13 24 23 0 72 17 18 18 0 1 1 1 0 3 8 8 8 8 
23 0 0 2 2 2 1 7 0 6 0 1 0 0 11 11 3 11 0 0 1 10 215 19 93 43 40 103 47 65 34 31 3 3 3 2 1.11 17 17 18 11 
19 0 0 2 2 2 1 4 0 4 0 1 0 0 4 4 1 4 0 0 0 4 70 7 24 12 7 39 12 18 12 6 3 3 3 1 1.63 6 6 6 4 
20 0 0 1 1 1 1 1 0 1 0 1 0 0 1 1 0 1 1 0 0 0 35 4 6 5 0 25 4 5 5 0 1 1 1 0 4.17 1 1 1 1 
985 0 0 5 5 5 2 20 1 18 1 1 2 7 14 12 7 14 0 7 0 7 407 41 312 94 188 55 158 233 92 141 19 19 20 5 0.18 69 67 74 26 
377 0 0 3 3 3 2 13 0 12 1 2 0 3 15 15 13 15 0 3 1 11 380 32 230 79 129 118 125 169 75 94 5 5 6 4 0.51 40 40 41 26 
826 0 0 3 3 3 2 15 1 13 0 1 2 0 7 5 2 7 0 3 0 4 167 24 110 29 66 33 52 77 29 48 7 7 7 4 0.3 24 24 24 17 
1063 0 0 1 1 1 1 2 0 2 0 1 0 0 11 11 5 11 0 0 0 11 134 17 47 26 10 70 24 36 26 10 1 1 1 0 1.49 11 11 11 11 
984 0 0 1 1 1 1 3 0 3 0 1 0 0 1 1 0 1 0 0 0 1 26 2 5 3 1 19 2 4 3 1 1 1 1 0 3.8 1 1 1 1 
988 1 5 1 1 1 1 3 0 3 0 1 0 0 1 1 5 1 0 0 0 1 40 8 13 11 1 19 10 12 11 1 1 1 1 0 1.46 1 1 1 1 
378 1 4 4 4 4 2 22 1 17 4 1 0 1 9 9 2 9 1 4 0 4 337 27 183 67 108 127 98 130 59 71 10 10 10 5 0.69 32 32 33 20 
379 0 0 1 1 1 1 7 0 6 0 1 0 1 10 10 6 10 0 0 0 10 198 26 85 36 36 87 43 58 32 26 3 3 3 2 1.02 14 14 14 10 
370 0 0 1 1 1 1 1 0 1 0 1 0 0 4 4 0 4 4 0 0 0 74 8 10 9 0 56 7 8 8 0 1 1 1 0 5.6 4 4 4 4 
372 0 0 2 2 2 2 9 0 8 0 1 0 0 4 4 3 4 0 0 0 4 119 12 44 17 21 63 24 35 18 17 3 3 3 2 1.43 9 9 9 8 
371 0 0 1 1 1 1 3 0 3 0 1 0 0 5 5 4 5 0 0 0 5 105 12 28 14 8 65 15 21 13 8 1 1 1 0 2.32 5 5 5 5 
383 0 0 2 2 2 2 5 0 5 0 2 0 0 9 11 7 11 0 0 0 11 154 16 78 30 35 60 40 59 30 29 4 4 4 2 0.77 19 19 19 16 
1064 0 0 1 1 1 1 1 0 1 0 1 0 0 2 2 0 2 2 0 0 0 51 5 10 10 0 36 7 8 8 0 1 1 1 0 3.6 2 2 2 2 
987 0 0 1 1 1 1 1 0 1 0 1 0 0 6 6 0 6 6 0 0 0 150 11 19 18 0 120 12 13 13 0 1 1 1 0 6.32 6 6 6 6 
986 0 0 1 1 1 1 1 0 1 0 1 0 0 2 2 0 2 2 0 0 0 64 6 13 12 0 45 7 8 8 0 1 1 1 0 3.46 2 2 2 2 
369 0 0 6 6 7 3 36 2 27 8 1 0 1 10 10 7 10 0 0 4 6 495 43 308 93 190 148 153 222 87 135 21 21 27 4 0.48 63 63 72 32 
373 0 0 2 2 2 2 11 0 8 3 1 0 0 4 4 3 4 0 0 1 3 104 12 51 26 19 41 27 35 23 12 3 3 3 2 0.8 7 7 8 6 
375 2 7 7 7 7 1 33 1 27 4 2 1 0 7 6 12 7 1 2 0 4 367 28 231 68 149 108 105 152 60 92 18 18 19 4 0.47 49 49 51 7 
376 1 2 1 1 1 1 5 0 5 0 1 0 0 5 5 4 5 0 0 1 4 109 14 40 18 14 55 22 30 18 12 2 2 2 1 1.38 7 7 7 5 
374 0 0 1 1 1 1 1 0 1 0 1 0 0 3 3 0 3 3 0 0 0 45 7 13 12 0 25 9 10 10 0 1 1 1 0 1.92 3 3 3 3 
380 0 0 6 6 7 3 58 4 40 13 1 0 1 10 10 10 10 0 1 3 6 755 64 459 141 312 237 236 306 118 188 16 16 20 5 0.52 63 63 74 32 
