840 0 0 1 1 1 1 3 0 3 0 1 0 0 9 9 1 9 0 0 3 6 126 14 44 19 13 68 18 30 17 13 2 2 2 1 1.55 11 11 11 9 
1071 0 0 5 5 5 2 38 3 26 8 1 0 0 3 3 2 3 0 0 0 3 178 23 106 49 57 49 61 78 47 31 12 12 13 3 0.46 14 14 15 6 
385 1 7 5 5 5 2 33 2 25 5 1 0 4 36 36 3 36 0 5 5 26 1906 153 981 359 611 772 428 598 240 358 33 31 39 6 0.79 167 165 179 61 
356 0 0 3 3 3 2 15 0 14 0 5 0 2 42 42 12 42 2 9 3 28 986 85 600 170 361 301 269 419 162 257 9 9 9 5 0.5 139 139 146 75 
718 0 0 3 3 3 2 14 0 12 1 2 1 1 25 24 11 25 1 1 12 11 666 62 367 131 201 237 191 270 128 142 13 13 14 4 0.65 72 72 76 39 
182 0 0 1 1 1 1 1 0 1 0 1 0 0 11 11 0 11 11 0 0 0 208 15 26 25 0 167 19 20 20 0 1 1 1 0 6.42 11 11 11 11 
357 1 6 4 4 4 3 17 0 16 0 1 0 5 23 23 2 23 0 0 10 13 647 48 407 149 263 192 213 288 123 165 10 10 12 3 0.47 81 81 85 59 
362 0 0 1 1 1 1 1 0 1 0 1 0 0 6 6 0 6 6 0 0 0 70 8 9 8 0 53 7 8 8 0 1 1 1 0 5.89 6 6 6 6 
841 0 0 1 1 1 1 3 0 3 0 1 0 0 12 12 5 12 0 0 5 7 168 20 62 26 21 86 31 46 26 20 3 3 4 2 1.39 14 14 15 12 
140 1 7 1 1 1 1 6 0 5 0 4 0 4 39 39 5 39 2 0 12 25 451 50 211 79 101 192 101 149 82 67 5 5 5 3 0.91 53 53 58 48 
143 0 0 1 1 1 1 1 0 1 0 1 0 0 3 3 0 3 3 0 0 0 61 5 7 6 0 49 5 6 6 0 1 1 1 0 7 3 3 3 3 
142 2 7 3 3 3 2 14 0 11 2 2 0 1 53 53 8 53 14 15 1 23 1284 96 682 206 404 506 308 460 183 277 12 12 12 4 0.74 145 142 156 84 
1040 0 0 6 5 6 3 32 3 22 6 1 0 1 3 3 2 3 0 0 0 3 147 21 83 20 51 43 36 54 22 32 16 12 16 3 0.52 18 14 18 9 
1047 0 0 2 2 2 1 13 1 10 1 1 0 0 3 3 2 3 0 0 0 3 95 16 45 20 21 34 24 31 19 12 4 4 4 1 0.76 6 6 6 3 
1049 2 3 9 9 10 3 62 3 43 15 1 0 1 12 12 1 12 0 9 0 3 930 61 579 188 384 291 255 383 178 205 41 41 46 10 0.5 112 106 121 40 
386 0 0 4 4 4 2 15 0 14 0 1 0 10 19 19 2 19 0 6 0 13 547 38 318 118 174 191 134 208 94 114 18 18 19 2 0.6 72 72 77 35 
925 0 0 2 2 2 1 12 1 11 0 3 2 4 10 8 1 10 0 2 2 6 228 29 148 56 77 51 68 99 49 50 5 5 5 3 0.34 22 22 22 10 
1107 1 1 2 2 2 1 7 0 7 0 2 0 5 2 2 0 2 0 0 0 2 77 9 31 20 15 37 19 23 17 6 2 2 2 1 1.19 3 3 3 2 
391 0 0 2 2 3 1 11 0 9 1 1 0 1 11 11 6 11 0 1 0 10 269 25 128 42 66 116 71 97 42 55 9 9 11 5 0.91 27 27 29 11 
214 0 0 3 3 3 1 16 1 13 2 1 0 6 19 19 6 19 0 7 0 12 526 56 303 89 190 167 156 217 81 136 11 11 13 4 0.55 53 53 56 21 
845 0 0 1 1 1 1 3 0 3 0 1 0 0 1 1 0 1 1 0 0 0 37 3 7 4 1 27 3 5 4 1 1 1 1 0 3.86 1 1 1 1 
852 0 0 1 1 1 1 3 0 3 0 1 0 0 5 5 1 5 0 0 3 2 84 11 25 12 7 48 13 19 12 7 1 1 1 0 1.92 5 5 5 5 
139 2 10 3 3 3 2 17 1 14 2 13 0 2 162 162 4 162 5 4 25 128 3853 333 2255 709 1414 1270 994 1432 584 848 27 27 30 6 0.56 430 430 466 251 
951 0 0 7 7 8 1 23 1 19 3 1 0 1 3 3 1 3 0 0 0 3 142 13 72 26 40 57 31 53 23 30 16 16 17 2 0.79 21 21 23 3 
851 0 0 1 1 1 1 3 0 3 0 1 0 0 3 3 0 3 1 0 0 2 57 6 15 8 3 36 7 11 8 3 1 1 1 0 2.4 3 3 3 3 
144 4 7 2 2 2 1 12 0 10 1 2 0 1 51 51 1 51 1 1 8 41 926 97 597 192 345 233 272 393 168 225 12 12 12 4 0.39 122 117 124 59 
913 0 0 2 2 2 1 9 0 7 0 1 0 1 14 14 1 14 0 3 11 0 190 23 133 54 70 34 76 104 56 48 5 5 5 2 0.26 29 29 32 16 
1091 0 0 6 6 8 2 56 4 40 12 1 0 0 4 4 2 4 0 1 0 3 304 29 203 88 122 72 104 133 81 52 22 22 27 5 0.35 25 25 31 9 
1039 0 0 3 3 3 1 12 0 12 0 1 0 1 6 6 3 6 0 3 0 3 145 20 100 40 46 25 52 71 36 35 5 5 5 4 0.25 17 17 17 6 
1046 3 4 1 1 1 1 3 0 3 0 1 0 0 27 27 14 27 12 0 0 15 364 45 130 56 47 189 72 100 54 46 1 1 1 0 1.45 27 27 27 27 
915 0 0 2 2 2 1 12 0 10 0 1 5 1 11 6 2 11 0 4 0 7 288 25 141 62 75 122 69 97 54 43 4 4 4 2 0.87 21 21 21 11 
932 1 5 5 5 5 3 21 0 20 1 1 1 3 4 3 1 4 0 2 0 2 170 15 111 45 62 48 55 76 39 37 8 8 9 4 0.43 19 19 21 10 
169 4 12 2 2 2 1 15 1 12 1 5 1 8 91 90 35 91 16 6 45 24 2434 263 1301 387 788 872 641 886 340 546 18 18 18 4 0.67 215 215 223 107 
965 0 0 1 1 1 1 4 0 4 0 1 0 0 3 3 1 3 1 0 0 2 48 8 21 10 7 19 10 15 10 5 2 2 2 1 0.9 4 4 4 3 
215 2 6 3 3 4 1 18 0 15 2 2 0 7 14 14 6 14 0 3 1 10 465 39 252 97 138 177 128 174 87 87 17 17 18 4 0.7 47 47 50 16 
1121 1 1 1 1 1 1 5 0 5 0 1 0 0 2 2 1 2 0 0 0 2 45 8 21 15 6 16 12 15 13 2 1 1 1 0 0.76 2 2 2 2 
141 1 8 2 2 2 1 8 0 7 0 2 0 4 79 79 14 79 0 3 14 62 1326 130 726 265 361 470 312 462 221 241 13 13 32 3 0.65 150 150 176 102 
170 0 0 1 1 1 1 1 0 1 0 1 0 0 2 2 0 2 2 0 0 0 43 3 5 4 0 35 3 4 4 0 1 1 1 0 7 2 2 2 2 
1048 0 0 4 4 4 1 30 2 23 5 1 0 0 5 5 5 5 0 2 0 3 216 29 141 60 81 46 75 95 48 47 11 11 13 2 0.33 20 20 22 5 
216 1 4 1 1 1 1 4 0 3 0 2 1 0 28 27 0 28 2 1 6 19 338 34 141 81 33 163 53 86 59 27 3 3 3 1 1.16 31 31 31 28 
1038 0 0 2 2 2 1 19 1 17 0 1 0 1 9 9 0 9 0 8 0 1 262 34 175 62 120 53 110 129 54 75 4 4 4 2 0.3 17 17 17 9 
363 1 6 2 2 2 1 9 0 9 0 1 3 8 16 13 5 16 0 4 0 12 346 39 170 47 104 137 96 134 52 82 8 8 8 3 0.81 37 37 38 20 
359 0 0 1 1 1 1 3 0 3 0 1 0 0 2 2 0 2 0 0 0 2 44 3 9 4 2 32 3 6 4 2 1 1 1 0 3.56 2 2 2 2 
387 0 0 2 2 2 1 8 0 8 0 5 0 5 24 24 5 24 2 2 0 20 451 45 205 67 112 201 89 129 60 69 3 3 3 2 0.98 38 38 40 28 
934 0 0 2 2 2 1 8 0 7 0 3 0 0 19 19 4 19 0 1 5 13 352 30 185 81 85 137 87 128 71 57 5 5 5 4 0.74 34 34 36 25 
1015 0 0 1 1 1 1 11 0 11 0 11 0 1 50 50 0 50 0 5 1 44 645 43 443 168 265 159 181 255 145 110 5 5 5 2 0.36 72 72 73 50 
183 1 8 2 2 2 1 15 1 12 1 1 0 1 34 34 11 34 3 2 2 27 927 104 496 197 256 327 246 331 147 184 7 7 7 3 0.66 78 78 78 36 
1070 0 0 1 1 1 1 3 0 3 0 1 0 0 8 8 1 8 1 0 0 7 102 13 40 23 8 49 16 25 17 8 1 1 1 0 1.23 8 8 8 8 
389 1 7 2 2 2 1 9 0 8 0 1 1 4 20 19 3 20 0 4 3 13 408 34 203 73 105 171 92 136 59 77 9 9 9 3 0.84 43 43 44 20 
361 1 5 3 3 3 2 10 0 8 1 1 0 0 6 6 1 6 0 0 5 1 137 9 66 26 26 62 27 45 22 23 4 4 5 3 0.94 15 15 16 12 
1042 2 2 1 1 1 1 3 0 3 0 1 0 0 10 10 4 10 0 0 3 7 149 18 50 23 20 82 21 35 22 13 3 3 3 2 1.64 13 13 13 10 
1043 0 0 1 1 1 1 1 0 1 0 1 0 0 6 6 0 6 6 0 0 0 61 9 9 8 0 43 7 8 8 0 1 1 1 0 4.78 6 6 6 6 
1045 0 0 1 1 1 1 1 0 1 0 1 0 0 2 2 1 2 2 0 0 0 40 5 6 5 1 29 4 5 5 0 1 1 1 0 4.83 2 2 2 2 
1044 0 0 2 2 2 1 8 0 7 1 2 0 6 20 20 11 20 7 1 0 12 305 43 175 62 101 87 80 127 62 65 14 14 15 3 0.5 35 35 36 22 
1041 1 2 2 2 2 1 9 0 8 0 3 0 1 14 14 3 14 0 2 1 11 255 25 132 41 68 98 61 97 43 54 3 3 3 2 0.74 25 25 25 14 
1103 0 0 1 1 1 1 3 0 3 0 1 0 0 2 2 1 2 0 0 1 1 37 5 12 7 3 20 6 9 6 3 1 1 1 0 1.67 2 2 2 2 
831 1 6 2 2 2 1 11 0 10 0 1 0 8 23 23 6 23 1 13 3 6 538 54 286 100 178 198 157 209 95 114 8 8 8 3 0.69 56 45 57 23 
472 0 0 1 1 1 1 1 0 1 0 1 0 0 5 5 0 5 5 0 0 0 70 10 12 11 0 48 10 11 11 0 1 1 1 0 4 5 5 5 5 
474 0 0 1 1 1 1 3 0 3 0 1 0 0 2 2 0 2 0 0 0 2 46 3 9 4 2 34 3 6 4 2 1 1 1 0 3.78 2 2 2 2 
469 1 8 3 3 4 1 15 0 14 0 3 0 7 42 42 22 42 0 0 1 41 1055 103 682 194 465 270 355 478 185 293 8 8 8 3 0.4 140 138 148 61 
561 0 0 1 1 1 1 1 0 1 0 1 0 0 1 1 0 1 1 0 0 0 34 3 4 3 0 27 2 3 3 0 1 1 1 0 6.75 1 1 1 1 
833 0 0 1 1 1 1 3 0 3 0 1 0 1 12 12 2 12 0 0 5 7 160 20 46 21 17 94 24 35 21 14 2 2 2 1 2.04 13 13 13 12 
832 0 0 4 1 4 1 15 0 14 0 2 0 0 4 4 0 4 0 0 2 2 88 4 55 8 43 29 28 34 11 23 11 2 11 0 0.53 14 5 14 4 
837 0 0 1 1 1 1 1 0 1 0 1 0 0 6 6 0 6 6 0 0 0 69 8 9 8 0 52 7 8 8 0 1 1 1 0 5.78 6 6 6 6 
489 0 0 1 1 1 1 3 0 3 0 1 0 0 45 45 1 45 1 0 0 44 359 56 168 73 48 135 62 110 64 46 2 2 2 1 0.8 47 47 47 45 
834 0 0 1 1 1 1 4 0 3 0 1 0 0 3 3 2 3 0 0 0 3 62 7 16 8 4 39 7 11 7 4 1 1 1 0 2.44 3 3 3 3 
475 0 0 1 1 1 1 1 0 1 0 1 0 0 3 3 0 3 3 0 0 0 56 6 7 6 0 43 5 6 6 0 1 1 1 0 6.14 3 3 3 3 
476 0 0 1 1 1 1 1 0 1 0 1 0 0 2 2 0 2 2 0 0 0 47 6 7 6 0 34 5 6 6 0 1 1 1 0 4.86 2 2 2 2 
827 0 0 1 1 1 1 4 0 4 0 1 0 1 11 11 4 11 1 0 2 8 181 20 65 25 27 96 33 47 21 26 2 2 2 1 1.48 13 13 13 11 
471 0 0 1 1 1 1 1 0 1 0 1 0 0 2 2 0 2 2 0 0 0 40 4 5 4 0 31 3 4 4 0 1 1 1 0 6.2 2 2 2 2 
467 0 0 1 1 1 1 1 0 1 0 1 0 0 1 1 0 1 1 0 0 0 37 4 6 5 0 27 3 4 4 0 1 1 1 0 4.5 1 1 1 1 
835 0 0 1 1 1 1 4 0 4 0 1 0 1 8 8 3 8 1 0 2 5 129 15 45 20 17 69 23 32 16 16 1 1 1 0 1.53 8 8 8 8 
466 0 0 1 1 1 1 1 0 1 0 1 0 0 4 4 0 4 4 0 0 0 57 8 10 9 0 39 8 9 9 0 1 1 1 0 3.9 4 4 4 4 
465 0 0 1 1 1 1 1 0 1 0 1 0 0 3 3 0 3 3 0 0 0 63 7 15 14 0 41 10 11 11 0 1 1 1 0 2.73 3 3 3 3 
830 0 0 2 2 2 1 9 0 8 0 1 0 8 9 9 2 9 1 1 2 5 225 27 102 38 61 96 63 79 37 42 6 4 6 2 0.94 20 16 20 9 
1105 1 1 1 1 1 1 1 0 1 0 1 0 0 2 2 0 2 2 0 0 0 30 5 6 6 0 19 5 6 6 0 1 1 1 0 3.17 2 2 2 2 
1106 1 1 1 1 1 1 1 0 1 0 1 0 0 1 1 0 1 1 0 0 0 35 4 6 6 0 25 5 6 6 0 1 1 1 0 4.17 1 1 1 1 
1104 1 1 1 1 1 1 4 0 4 0 1 0 1 6 6 1 6 0 0 4 2 83 13 40 20 14 30 22 32 19 13 2 2 2 1 0.75 8 8 8 6 
539 0 0 1 1 1 1 1 0 1 0 1 0 0 6 6 0 6 6 0 0 0 74 9 12 11 0 53 10 11 11 0 1 1 1 0 4.42 6 6 6 6 
470 0 0 1 1 1 1 1 0 1 0 1 0 0 5 5 0 5 5 0 0 0 60 7 8 7 0 45 6 7 7 0 1 1 1 0 5.63 5 5 5 5 
468 0 0 1 1 1 1 1 0 1 0 1 0 0 1 1 0 1 1 0 0 0 42 5 9 8 0 28 6 7 7 0 1 1 1 0 3.11 1 1 1 1 
828 0 0 1 1 1 1 1 0 1 0 1 0 0 2 2 0 2 2 0 0 0 30 5 6 5 0 19 4 5 5 0 1 1 1 0 3.17 2 2 2 2 
836 0 0 1 1 1 1 1 0 1 0 1 0 0 1 1 0 1 1 0 0 0 38 5 7 6 0 26 4 5 5 0 1 1 1 0 3.71 1 1 1 1 
829 0 0 2 2 2 1 6 0 5 0 3 0 2 16 16 4 16 8 0 4 4 206 37 114 41 54 55 57 80 34 46 3 3 3 1 0.48 24 24 24 16 
211 0 0 1 1 1 1 3 0 3 0 1 0 0 1 1 0 1 0 0 0 1 40 3 6 3 1 31 2 4 3 1 1 1 1 0 5.17 1 1 1 1 
204 0 0 3 3 3 1 11 0 11 0 1 2 3 13 11 8 13 0 2 1 10 357 30 194 57 127 133 79 115 54 61 11 11 15 4 0.69 35 35 45 16 
445 0 0 1 1 1 1 3 0 3 0 1 0 0 4 4 3 4 0 0 0 4 89 11 25 14 6 53 14 19 13 6 1 1 1 0 2.12 4 4 4 4 
213 0 0 3 3 3 3 38 4 31 10 1 0 1 2 2 2 2 0 1 0 1 163 17 77 19 56 83 33 40 17 23 5 5 5 2 1.08 6 6 6 6 
844 0 0 1 1 1 1 3 0 3 0 1 0 1 4 4 0 4 0 1 0 3 63 8 22 12 6 33 12 17 12 5 1 1 1 0 1.5 4 4 4 4 
207 0 0 1 1 1 1 3 0 3 0 1 0 0 2 2 0 2 0 0 0 2 45 5 10 5 2 30 4 7 5 2 1 1 1 0 3 2 2 2 2 
210 0 0 2 2 2 1 9 0 9 0 1 0 4 15 15 1 15 0 0 13 2 390 31 159 65 88 200 76 105 59 46 6 6 7 3 1.26 31 31 34 19 
952 0 0 2 2 2 1 7 0 7 0 2 0 9 13 13 9 13 0 2 0 11 225 35 123 44 62 67 57 89 45 44 10 10 14 3 0.54 27 27 32 13 
953 0 0 2 2 2 1 5 0 5 0 1 0 1 3 3 1 3 0 0 0 3 58 9 27 14 10 22 15 22 15 7 3 3 3 2 0.81 5 5 5 3 
212 0 0 1 1 1 1 3 0 3 0 1 0 5 2 2 0 2 0 0 0 2 83 9 16 10 8 59 10 13 10 3 1 1 1 0 3.69 2 2 2 2 
203 0 0 1 1 1 1 3 0 3 0 1 0 0 1 1 0 1 0 0 0 1 40 3 6 3 1 31 2 4 3 1 1 1 1 0 5.17 1 1 1 1 
201 0 0 2 2 2 1 12 0 11 0 1 13 3 39 26 17 39 0 5 0 34 1088 93 509 196 279 486 239 327 158 169 16 16 16 6 0.95 83 83 83 41 
209 0 0 2 2 2 1 17 1 14 1 7 0 42 30 30 1 30 0 0 15 15 1067 118 447 239 288 504 255 320 210 110 7 7 9 5 1.13 64 64 73 38 
206 0 0 2 2 2 1 6 0 6 0 1 0 0 2 2 1 2 0 0 0 2 71 8 20 10 6 43 10 14 9 5 2 2 2 1 2.15 3 3 3 2 
208 0 0 1 1 1 1 4 0 4 0 1 0 0 5 5 4 5 0 0 0 5 101 11 28 14 8 62 13 19 11 8 1 1 1 0 2.21 5 5 5 5 
842 0 0 1 1 1 1 5 0 5 0 1 0 1 6 6 4 6 0 0 0 6 124 11 44 20 17 69 21 30 16 14 3 3 3 2 1.57 8 8 8 6 
954 0 0 4 4 4 1 13 0 13 0 1 0 1 2 2 1 2 0 0 0 2 91 8 34 12 19 50 17 24 12 12 6 6 6 3 1.47 7 7 7 2 
202 0 0 1 1 1 1 4 0 4 0 1 0 0 5 5 4 5 0 0 0 5 116 14 34 20 8 68 19 25 17 8 1 1 1 0 2 5 5 5 5 
200 0 0 1 1 1 1 4 0 4 0 1 0 0 12 12 9 12 0 0 0 12 234 23 79 42 23 132 39 53 31 22 2 2 2 1 1.67 13 13 13 12 
843 0 0 1 1 1 1 3 0 3 0 1 0 0 2 2 1 2 0 0 0 2 41 4 10 5 2 27 4 7 5 2 1 1 1 0 2.7 2 2 2 2 
700 0 0 1 1 1 1 3 0 3 0 1 0 0 5 5 1 5 0 0 0 5 82 9 20 8 6 53 7 13 8 5 1 1 2 0 2.65 5 5 6 5 
696 0 0 1 1 1 1 4 0 4 0 1 0 2 5 5 1 5 0 0 0 5 100 12 28 12 12 60 15 22 13 9 2 2 2 1 2.14 6 6 7 5 
697 0 0 1 1 1 1 1 0 1 0 1 0 0 4 4 0 4 4 0 0 0 55 6 8 7 0 41 6 7 7 0 1 1 1 0 5.13 4 4 4 4 
694 0 0 1 1 1 1 1 0 1 0 1 0 0 10 10 0 10 10 0 0 0 140 14 16 15 0 110 14 15 15 0 1 1 1 0 6.88 10 10 10 10 
698 0 0 1 1 1 1 3 0 3 0 1 0 0 3 3 0 3 0 0 0 3 56 6 13 6 3 37 5 9 6 3 1 1 1 0 2.85 3 3 3 3 
793 0 0 1 1 1 1 1 0 1 0 1 0 0 1 1 0 1 1 0 0 0 42 4 5 4 0 33 3 4 4 0 1 1 1 0 6.6 1 1 1 1 
702 0 0 1 1 1 1 4 0 4 0 1 0 0 4 4 1 4 0 0 0 4 69 7 25 10 9 37 12 18 10 8 2 2 2 1 1.48 5 5 5 4 
701 0 0 3 3 3 1 11 0 10 0 1 2 5 21 19 5 21 0 8 0 13 459 37 249 78 142 173 115 177 79 98 12 12 15 4 0.69 53 53 57 23 
695 0 0 3 3 3 1 10 0 8 1 2 0 1 25 25 13 25 3 4 1 17 436 48 264 89 123 124 117 189 95 94 12 12 12 6 0.47 64 64 65 25 
855 0 0 1 1 1 1 5 0 5 0 1 0 0 13 13 3 13 0 0 1 12 167 21 85 25 40 61 41 61 24 37 3 3 3 2 0.72 19 19 19 13 
699 0 0 0 0 0 0 0 0 0 0 1 0 0 0 0 0 0 0 0 0 0 26 3 4 3 0 19 2 3 3 0 0 0 0 0 4.75 0 0 0 0 
691 0 0 1 1 1 1 4 0 4 0 1 0 0 4 4 3 4 0 0 0 4 71 8 28 14 9 35 18 23 14 9 1 1 1 0 1.25 4 4 4 4 
692 0 0 2 2 2 1 10 0 9 0 1 0 7 47 47 28 47 2 4 7 34 998 89 521 186 316 388 275 376 171 205 16 16 16 4 0.74 96 96 97 64 
792 0 0 2 2 2 1 7 0 6 0 1 0 0 12 12 4 12 1 0 2 9 190 17 94 28 45 79 45 69 28 41 4 4 4 2 0.84 23 23 23 12 
854 0 0 2 2 2 1 5 0 5 0 1 0 0 2 2 0 2 0 0 1 1 53 6 21 11 6 26 10 14 9 5 2 2 2 1 1.24 3 3 3 2 
690 0 0 1 1 1 1 4 0 4 0 1 1 0 12 11 2 12 0 1 0 11 134 17 71 27 27 46 35 53 27 26 2 2 2 1 0.65 17 17 17 12 
126 0 0 1 1 1 1 4 0 4 0 1 0 0 18 18 2 18 0 0 1 17 186 24 86 24 35 76 30 57 24 33 6 6 6 2 0.88 26 26 26 20 
112 0 0 1 1 1 1 1 0 1 0 1 0 0 16 16 2 16 16 0 0 0 206 21 23 22 2 162 21 22 22 0 1 1 1 0 7.04 16 16 16 16 
113 0 0 1 1 1 1 3 0 3 0 1 0 0 2 2 0 2 0 0 0 2 49 4 9 4 2 36 3 6 4 2 1 1 1 0 4 2 2 2 2 
825 0 0 1 1 1 1 1 0 1 0 1 0 0 1 1 0 1 1 0 0 0 39 4 5 4 0 30 3 4 4 0 1 1 1 0 6 1 1 1 1 
125 1 2 2 2 3 1 9 0 8 0 1 8 4 9 1 1 9 0 2 0 7 228 21 107 29 63 100 62 88 31 57 7 7 8 3 0.93 22 22 24 9 
111 0 0 2 2 2 1 5 0 4 0 1 0 0 17 17 2 17 0 0 0 17 225 25 95 30 42 105 37 63 29 34 5 5 6 2 1.11 26 26 29 19 
114 0 0 1 1 1 1 1 0 1 0 1 0 0 1 1 0 1 0 0 0 1 39 3 6 5 0 30 4 5 5 0 1 1 1 0 5 1 1 1 1 
119 0 0 1 1 1 1 13 1 11 0 1 0 0 2 2 0 2 0 0 1 1 86 5 26 4 19 55 6 9 4 5 1 1 1 0 2.12 2 2 2 2 
115 1 6 3 3 3 1 21 2 18 0 3 1 2 35 34 23 35 0 1 6 28 934 128 643 149 450 163 290 404 149 255 6 6 7 3 0.25 98 98 103 49 
117 0 0 2 2 2 1 4 0 4 0 1 0 0 14 14 6 14 0 0 1 13 235 24 76 28 30 135 30 50 27 23 8 8 12 2 1.78 23 23 28 17 
118 1 3 1 1 1 1 5 0 5 0 1 0 0 5 5 1 5 0 0 1 4 108 11 36 15 13 61 17 25 13 12 3 3 3 2 1.69 7 7 7 5 
120 0 0 1 1 1 1 3 0 3 0 1 0 0 3 3 1 3 0 0 1 2 75 8 17 10 4 50 8 12 9 3 1 1 1 0 2.94 3 3 3 3 
917 0 0 1 1 2 1 4 0 4 0 1 0 1 4 4 1 4 0 0 1 3 96 8 24 10 11 64 10 16 9 7 2 2 3 1 2.67 5 5 6 4 
955 0 0 1 1 1 1 5 0 5 0 1 0 0 1 1 0 1 0 0 1 0 38 4 12 8 3 22 7 9 7 2 1 1 1 0 1.83 1 1 1 1 
116 0 0 1 1 1 1 19 2 16 0 1 0 0 6 6 1 6 0 0 3 3 223 29 110 16 88 84 35 43 14 29 2 2 3 1 0.76 7 7 8 6 
124 0 0 5 5 5 1 16 0 15 1 1 2 0 3 1 0 3 0 1 0 2 99 7 51 11 27 41 23 38 13 25 9 9 9 2 0.8 14 14 14 3 
122 0 0 1 1 1 1 5 0 4 0 3 0 1 14 14 4 14 0 9 0 5 217 26 90 38 39 101 43 68 40 28 3 3 3 2 1.12 20 20 20 14 
121 0 0 2 2 2 1 8 0 8 0 3 0 1 28 28 2 28 0 1 0 27 386 35 249 82 146 102 123 182 82 100 6 6 6 2 0.41 59 59 62 33 
442 0 0 1 1 1 1 3 0 3 0 1 0 0 3 3 1 3 0 0 2 1 38 6 13 6 4 19 5 9 6 3 1 1 1 0 1.46 3 3 3 3 
441 0 0 2 2 2 1 6 0 6 0 2 0 0 25 25 1 25 0 7 0 18 221 32 170 53 87 19 77 125 58 67 4 4 5 2 0.11 43 43 47 25 
443 0 0 1 1 1 1 2 0 2 0 1 0 0 3 3 1 3 0 0 0 3 36 6 11 6 2 19 5 8 6 2 1 1 1 0 1.73 3 3 3 3 
444 0 0 1 1 1 1 3 0 3 0 1 0 0 1 1 0 1 0 0 0 1 28 3 6 3 1 19 2 4 3 1 1 1 1 0 3.17 1 1 1 1 
958 0 0 1 1 1 1 1 0 1 0 1 0 0 1 1 0 1 1 0 0 0 41 4 5 4 0 32 3 4 4 0 1 1 1 0 6.4 1 1 1 1 
956 0 0 2 2 2 2 8 0 8 0 1 2 3 14 12 2 14 0 0 0 14 276 25 127 27 84 125 43 70 27 43 11 8 14 3 0.98 29 26 34 21 
1117 0 0 3 3 3 1 14 0 14 0 1 0 6 6 6 6 6 0 1 0 5 143 13 110 40 70 20 62 82 40 42 8 8 8 3 0.18 17 17 17 6 
957 0 0 2 2 2 1 6 0 6 0 1 1 1 8 7 3 8 0 0 0 8 152 16 61 21 31 75 30 45 21 24 3 3 4 1 1.23 14 14 15 10 
959 0 0 3 3 3 1 16 0 13 2 1 1 2 3 2 1 3 0 1 0 2 110 11 48 14 30 51 27 38 15 23 5 5 5 3 1.06 9 9 9 3 
366 0 0 1 1 1 1 4 0 4 0 2 0 3 15 15 3 15 0 2 2 11 266 27 92 44 36 147 47 65 40 25 2 2 2 1 1.6 17 17 17 15 
368 0 0 2 2 2 1 8 0 8 0 1 1 1 2 1 0 2 1 0 0 1 72 9 29 16 9 34 15 21 14 7 2 2 3 1 1.17 3 3 4 2 
367 0 0 1 1 1 1 10 0 9 1 1 2 0 3 1 0 3 0 1 0 2 98 8 38 21 16 53 16 21 14 7 2 2 2 1 1.39 4 4 4 3 
364 0 0 1 1 1 1 4 0 4 0 4 0 2 43 43 3 43 4 0 2 37 412 52 228 86 97 132 98 159 85 74 3 3 3 2 0.58 57 57 58 47 
365 0 0 3 3 3 1 16 2 14 0 1 0 1 1 1 0 1 0 0 0 1 54 6 23 11 10 25 13 18 11 7 3 3 3 1 1.09 3 3 3 1 
527 0 0 2 2 2 1 7 0 7 0 1 0 1 25 25 9 25 0 3 6 16 425 46 206 68 107 173 89 141 66 75 7 7 7 5 0.84 41 41 41 29 
531 1 7 3 3 3 2 11 0 11 0 1 0 2 16 16 3 16 0 1 0 15 336 33 215 86 133 88 122 159 86 73 4 4 4 2 0.41 40 40 40 27 
534 0 0 2 2 2 1 8 0 8 0 1 0 5 26 26 8 26 0 5 0 21 420 57 239 71 139 124 115 167 71 96 6 6 7 3 0.52 49 49 50 28 
537 0 0 2 2 2 1 8 0 7 0 3 1 3 52 51 28 52 0 5 12 35 893 111 462 134 258 320 214 313 131 182 8 8 10 3 0.69 94 94 99 56 
529 0 0 2 2 3 1 10 0 10 0 1 1 1 6 5 6 6 0 2 0 4 163 18 79 32 41 66 45 60 32 28 3 3 4 2 0.84 14 14 15 6 
533 0 0 1 1 1 1 7 0 6 0 1 0 0 3 3 2 3 0 0 1 2 72 8 25 8 12 39 12 18 8 10 2 2 2 1 1.56 4 4 4 3 
536 0 0 2 2 2 1 8 0 7 0 1 0 6 16 16 6 16 0 1 4 11 295 41 147 59 83 107 80 112 57 55 7 7 8 3 0.73 31 31 32 16 
535 0 0 3 3 3 1 13 0 13 0 1 0 0 5 5 7 5 0 1 0 4 164 20 80 26 43 64 44 61 26 35 9 9 9 2 0.8 16 16 16 7 
532 1 5 2 2 2 1 9 0 9 0 2 4 5 20 16 8 20 0 7 0 13 459 50 214 81 124 195 118 161 79 82 4 4 5 2 0.91 38 38 40 22 
523 0 0 3 3 3 1 11 0 11 0 1 0 1 4 4 3 4 0 0 0 4 122 11 59 16 32 52 29 42 16 26 4 4 4 2 0.88 12 12 12 4 
823 0 0 1 1 1 1 1 0 1 0 1 0 0 3 3 0 3 3 0 0 0 44 4 6 5 0 34 4 5 5 0 1 1 1 0 5.67 3 3 3 3 
704 0 0 1 1 1 1 5 0 5 0 1 0 0 4 4 1 4 0 0 2 2 97 11 29 16 11 57 15 21 15 6 2 2 2 1 1.97 5 5 5 4 
522 0 0 1 1 1 1 1 0 1 0 1 0 0 9 9 0 9 9 0 0 0 101 11 14 13 0 76 11 12 12 0 1 1 1 0 5.43 9 9 9 9 
520 0 0 1 1 1 1 3 0 3 0 1 0 0 2 2 0 2 0 0 0 2 46 3 9 4 2 34 3 6 4 2 1 1 1 0 3.78 2 2 2 2 
961 0 0 1 1 1 1 1 0 1 0 1 0 0 1 1 0 1 1 0 0 0 40 5 6 5 0 29 4 5 5 0 1 1 1 0 4.83 1 1 1 1 
526 0 0 4 4 4 1 16 1 15 0 1 0 1 5 5 4 5 0 0 0 5 171 19 93 24 57 59 45 64 24 40 6 6 7 3 0.63 19 19 21 5 
705 0 0 1 1 2 1 4 0 4 0 1 0 0 4 4 1 4 0 0 1 3 69 7 24 9 10 38 9 15 8 7 2 2 3 1 1.58 5 5 6 4 
960 0 0 1 1 1 1 5 0 5 0 3 0 3 22 22 10 22 0 1 3 18 355 52 147 65 68 156 72 104 60 44 5 5 5 3 1.06 29 29 29 22 
962 0 0 1 1 1 1 3 0 2 0 1 0 0 3 3 1 3 0 0 0 3 49 5 12 6 2 32 4 8 6 2 1 1 1 0 2.67 3 3 3 3 
703 0 0 1 1 1 1 4 0 4 0 1 0 1 5 5 1 5 0 0 2 3 84 10 36 17 15 38 17 24 14 10 2 2 3 1 1.06 6 6 7 5 
530 0 0 2 2 2 1 6 0 6 0 1 0 0 24 24 6 24 0 2 0 22 285 42 158 52 81 85 70 108 49 59 4 4 4 2 0.54 37 37 37 28 
524 1 4 1 1 1 1 1 0 1 0 1 0 0 33 33 0 33 33 0 0 0 290 36 42 41 0 212 40 41 41 0 1 1 1 0 5.05 33 33 33 33 
521 0 0 1 1 1 1 1 0 1 0 1 0 0 4 4 0 4 4 0 0 0 53 6 7 6 0 40 5 6 6 0 1 1 1 0 5.71 4 4 4 4 
528 0 0 1 1 1 1 1 0 1 0 1 0 0 3 3 0 3 3 0 0 0 50 6 7 6 0 37 5 6 6 0 1 1 1 0 5.29 3 3 3 3 
525 0 0 1 1 1 1 1 0 1 0 1 0 0 1 1 0 1 1 0 0 0 34 3 4 3 0 27 2 3 3 0 1 1 1 0 6.75 1 1 1 1 
716 0 0 2 2 2 1 10 0 9 0 3 1 2 8 7 4 8 0 2 0 6 177 19 88 33 51 70 45 62 33 29 7 7 7 2 0.8 16 16 16 8 
136 0 0 2 2 2 1 6 0 5 0 1 0 0 10 10 2 10 0 0 0 10 154 22 67 23 32 66 29 45 23 22 3 3 3 1 0.99 15 15 16 12 
964 1 5 2 2 2 1 7 0 7 0 1 2 1 21 19 8 21 0 1 2 18 359 37 165 54 90 157 84 121 51 70 8 8 13 2 0.95 36 36 44 23 
131 0 0 1 1 1 1 1 0 1 0 1 0 0 12 12 0 12 12 0 0 0 174 15 27 26 0 132 20 21 21 0 1 1 1 0 4.89 12 12 12 12 
132 0 0 3 3 3 1 16 1 14 0 11 1 2 60 59 14 60 5 11 4 40 1423 156 896 262 578 371 439 620 245 375 10 10 13 5 0.41 172 172 189 78 
926 0 0 2 2 2 1 9 0 8 0 1 1 1 12 11 4 12 2 1 0 9 243 25 130 52 63 88 62 90 45 45 4 4 4 2 0.68 22 22 24 14 
138 0 0 3 3 3 1 13 0 11 0 2 1 7 22 21 8 22 1 0 0 21 532 53 297 93 183 182 147 211 85 126 7 7 8 4 0.61 63 63 68 30 
963 0 0 2 2 2 2 7 0 7 0 1 0 0 2 2 2 2 0 0 0 2 65 8 22 10 7 35 10 15 8 7 3 3 3 2 1.59 4 4 4 4 
137 0 0 2 2 2 1 8 0 7 0 1 0 1 21 21 2 21 0 1 0 20 315 33 180 57 91 102 78 122 54 68 4 4 5 2 0.57 43 43 46 21 
1069 1 2 3 3 3 2 10 0 9 0 2 0 2 25 25 7 25 1 7 0 17 489 43 262 87 160 184 150 210 92 118 8 8 8 4 0.7 64 64 65 42 
76 0 0 5 5 6 3 21 0 18 2 1 3 1 41 38 7 41 3 4 1 33 1164 70 789 173 490 305 301 553 192 361 24 24 29 7 0.39 207 207 236 105 
79 0 0 1 1 1 1 1 0 1 0 2 0 0 11 11 0 11 11 0 0 0 123 15 17 15 0 91 13 15 15 0 1 1 1 0 5.35 11 11 11 11 
518 1 5 2 2 2 2 7 0 6 0 2 0 0 22 22 4 22 5 1 0 16 366 40 169 64 89 157 91 134 68 66 5 5 5 3 0.93 40 40 40 36 
81 0 0 1 1 1 1 3 0 3 0 1 0 0 2 2 0 2 0 0 0 2 47 4 9 4 2 34 3 6 4 2 1 1 1 0 3.78 2 2 2 2 
82 0 0 1 1 1 1 3 0 3 0 1 0 0 2 2 0 2 0 0 0 2 47 4 9 4 2 34 3 6 4 2 1 1 1 0 3.78 2 2 2 2 
78 0 0 1 1 1 1 4 0 4 0 1 0 0 10 10 1 10 0 0 0 10 149 16 69 39 19 64 34 50 36 14 3 3 3 2 0.93 13 13 13 10 
824 0 0 2 2 2 1 7 0 6 0 1 0 1 10 10 3 10 0 0 0 10 190 15 88 37 41 87 54 72 40 32 3 3 3 2 0.99 17 17 17 12 
87 0 0 3 3 3 2 14 0 12 2 1 0 1 20 20 4 20 1 0 0 19 505 33 287 90 166 185 150 212 94 118 15 15 16 3 0.64 64 64 67 49 
88 1 7 3 3 3 1 14 0 13 0 1 0 1 23 23 5 23 0 2 0 21 646 58 365 143 199 223 177 260 135 125 13 13 14 5 0.61 67 67 68 27 
74 1 9 4 4 5 1 28 1 21 5 1 8 3 46 38 9 46 4 15 5 22 1868 153 1054 321 685 661 497 730 265 465 54 54 68 6 0.63 203 203 224 67 
83 0 0 1 1 1 1 1 0 1 0 1 0 0 3 3 0 3 3 0 0 0 53 7 8 7 0 38 6 7 7 0 1 1 1 0 4.75 3 3 3 3 
89 0 0 2 2 2 1 14 0 13 0 1 0 2 8 8 7 8 0 2 0 6 274 26 153 63 83 95 74 96 56 40 5 5 5 3 0.62 19 19 19 8 
90 0 0 2 2 2 1 12 0 11 1 1 1 0 12 11 1 12 0 4 3 5 269 21 161 69 91 90 97 122 60 62 5 5 6 1 0.56 25 25 26 14 
100 1 3 2 2 2 1 7 0 7 0 1 0 0 5 5 2 5 0 1 0 4 102 11 48 21 24 43 25 35 21 14 2 2 2 1 0.9 9 9 9 5 
101 0 0 0 0 0 0 0 0 0 0 1 0 0 0 0 36 0 0 0 0 0 119 32 39 38 36 48 37 38 38 0 0 0 0 0 1.23 0 0 0 0 
99 0 0 5 5 6 1 32 2 28 2 1 1 0 7 6 5 7 0 3 0 4 369 30 243 82 158 96 135 173 77 96 18 18 19 3 0.4 37 37 40 9 
98 2 7 6 6 6 1 36 2 31 2 1 1 0 6 5 3 6 0 5 0 1 339 32 219 61 149 88 112 153 63 90 16 16 19 4 0.4 33 33 36 6 
193 0 0 1 1 1 1 5 0 5 0 3 0 0 13 13 4 13 1 2 0 10 252 22 98 48 32 132 43 66 42 24 3 3 3 2 1.35 19 19 19 17 
186 1 3 1 1 1 1 6 0 6 0 1 0 1 7 7 1 7 3 0 0 4 133 13 54 23 21 66 24 37 21 16 3 3 3 2 1.22 9 9 9 7 
191 0 0 1 1 1 1 3 0 3 0 1 0 0 3 3 2 3 3 0 0 0 66 7 16 8 4 43 8 12 8 4 1 1 1 0 2.69 3 3 3 3 
192 0 0 4 4 5 2 16 0 14 1 1 0 1 9 9 6 9 6 1 0 2 308 25 161 56 89 122 80 116 57 59 8 8 11 4 0.76 36 36 41 14 
187 0 0 1 1 1 1 1 0 1 0 1 0 0 3 3 0 3 3 0 0 0 50 5 7 6 0 38 5 6 6 0 1 1 1 0 5.43 3 3 3 3 
194 0 0 4 4 5 3 18 1 15 1 2 0 1 4 4 7 4 4 0 0 0 197 24 81 37 37 92 45 62 33 29 11 11 16 3 1.14 14 14 19 10 
196 1 6 2 2 2 1 6 0 6 0 1 1 1 17 16 5 17 1 1 0 15 301 29 138 51 70 134 72 102 51 51 3 3 6 2 0.97 28 28 31 21 
924 0 0 2 2 2 1 9 0 8 0 3 0 3 21 21 11 21 0 6 0 15 422 52 221 90 105 149 110 158 86 72 8 8 9 5 0.67 40 40 42 29 
197 1 2 2 2 2 1 6 0 6 0 1 0 0 9 9 4 9 1 1 0 7 163 16 70 26 29 77 35 52 25 27 4 4 4 2 1.1 16 16 17 9 
195 1 6 2 2 2 1 9 0 8 0 1 15 5 35 20 14 35 5 2 0 28 850 70 347 172 145 433 135 191 90 101 7 7 7 3 1.25 55 55 59 43 
190 0 0 3 3 3 2 21 0 17 3 1 0 1 25 25 6 25 1 9 0 15 819 55 462 157 310 302 208 292 149 143 26 26 28 8 0.65 77 77 79 39 
184 0 0 1 1 1 1 1 0 1 0 1 0 0 1 1 0 1 1 0 0 0 34 4 5 4 0 25 3 4 4 0 1 1 1 0 5 1 1 1 1 
198 0 0 1 1 2 1 11 0 11 0 2 0 1 3 3 3 3 0 0 0 3 95 11 42 23 16 42 23 28 19 9 2 2 3 1 1 4 4 5 3 
188 0 0 3 3 3 1 13 0 11 1 1 0 3 11 11 9 11 7 0 0 4 303 29 156 46 89 118 78 115 47 68 7 7 8 3 0.76 30 30 31 11 
189 0 0 2 2 2 1 11 0 10 0 1 0 1 11 11 4 11 1 0 0 10 284 30 143 66 63 111 65 89 45 44 7 7 7 2 0.78 23 23 23 11 
185 0 0 0 0 0 0 0 0 0 0 1 0 0 0 0 0 0 0 0 0 0 35 2 5 4 0 28 3 4 4 0 0 0 0 0 5.6 0 0 0 0 
434 0 0 2 2 2 1 4 0 4 0 1 0 0 10 10 0 10 0 0 6 4 150 12 59 22 23 79 25 43 24 19 10 10 10 3 1.34 19 19 19 10 
989 0 0 1 1 1 1 1 0 1 0 1 0 0 1 1 0 1 1 0 0 0 35 4 5 4 0 26 3 4 4 0 1 1 1 0 5.2 1 1 1 1 
567 0 0 1 1 1 1 1 0 1 0 1 0 0 1 1 0 1 1 0 0 0 47 5 8 7 0 34 5 6 6 0 1 1 1 0 4.25 1 1 1 1 
432 0 0 1 1 1 1 4 0 4 0 1 0 0 7 7 6 7 0 0 0 7 139 17 46 26 12 76 25 33 21 12 1 1 1 0 1.65 7 7 7 7 
928 0 0 4 4 4 1 22 1 19 1 1 0 0 4 4 4 4 0 1 0 3 191 19 102 39 57 70 61 80 39 41 10 10 10 5 0.69 16 16 16 4 
431 0 0 1 1 1 1 1 0 1 0 1 0 0 12 12 0 12 12 0 0 0 209 15 26 25 0 168 21 22 22 0 1 1 1 0 6.46 12 12 12 12 
509 0 0 3 3 3 1 11 0 10 0 1 0 6 32 32 5 32 0 5 12 15 712 55 394 119 233 263 199 292 119 173 27 27 32 5 0.67 87 87 98 40 
508 0 0 2 2 3 1 10 0 10 0 3 0 1 28 28 9 28 1 1 8 18 552 50 337 107 198 165 181 250 103 147 7 7 10 3 0.49 66 66 72 38 
428 2 7 3 3 3 1 17 1 14 1 4 0 4 52 52 32 52 3 0 15 34 1298 142 818 233 524 338 421 573 216 357 11 11 11 6 0.41 143 143 145 60 
429 0 0 2 2 2 1 12 0 8 3 1 0 1 4 4 1 4 0 0 1 3 147 13 46 16 23 88 25 34 15 19 5 5 5 2 1.91 8 8 8 4 
430 0 0 1 1 1 1 3 0 3 0 1 0 0 3 3 1 3 0 0 1 2 84 9 21 14 5 54 12 16 13 3 1 1 1 0 2.57 3 3 3 3 
927 0 0 1 1 2 1 6 0 5 0 1 0 1 4 4 1 4 0 0 1 3 108 8 29 10 15 71 15 21 9 12 2 2 3 1 2.45 5 5 6 4 
426 0 0 4 4 4 1 24 1 18 3 2 0 2 11 11 4 11 0 0 3 8 435 38 240 92 148 157 131 172 83 89 8 8 10 5 0.65 39 39 41 11 
427 0 0 1 1 1 1 3 0 3 0 1 0 0 10 10 5 10 0 0 1 9 201 17 44 23 10 140 21 32 22 10 1 1 1 0 3.18 10 10 10 10 
439 1 5 3 3 3 1 14 1 12 1 1 1 6 27 26 9 27 0 0 7 20 589 72 382 126 233 155 209 290 125 165 6 6 6 4 0.41 69 69 70 29 
433 1 3 3 3 3 1 19 1 17 1 1 4 4 19 15 4 19 0 4 6 9 513 52 365 121 235 96 199 269 116 153 7 7 7 3 0.26 63 63 64 23 
996 2 5 2 2 2 1 12 0 10 0 5 0 4 73 73 37 73 1 3 14 55 1457 163 844 252 501 452 428 601 242 359 21 21 22 5 0.54 163 163 174 96 
997 0 0 3 3 3 1 13 0 13 0 1 0 0 8 8 6 8 0 0 4 4 208 15 119 41 75 74 62 83 35 48 4 4 4 2 0.62 21 21 21 10 
1005 0 0 1 1 1 1 5 0 5 0 1 0 1 14 14 5 14 0 0 1 13 297 26 87 29 44 184 37 57 28 29 6 6 6 1 2.11 19 19 19 14 
1006 0 0 2 2 2 1 8 0 7 0 1 0 0 3 3 1 3 0 0 0 3 85 9 27 7 13 49 11 19 7 12 5 5 5 1 1.81 7 7 7 3 
1002 0 0 1 1 2 1 4 0 4 0 1 0 0 4 4 1 4 0 0 1 3 78 8 24 9 10 46 9 15 8 7 2 2 3 1 1.92 5 5 6 4 
999 0 0 3 3 3 1 10 0 9 1 1 0 0 1 1 0 1 0 0 0 1 54 4 13 4 5 37 5 9 4 5 3 3 3 1 2.85 3 3 3 1 
1004 0 0 1 1 1 1 7 0 7 0 1 0 0 3 3 0 3 0 0 2 1 73 6 27 12 12 40 13 18 9 9 2 2 2 1 1.48 4 4 4 3 
1000 0 0 1 1 1 1 5 0 5 0 1 0 0 1 1 0 1 0 0 1 0 51 4 12 8 3 35 7 9 7 2 1 1 1 0 2.92 1 1 1 1 
1007 0 0 2 2 2 1 6 0 5 0 1 0 0 7 7 1 7 0 0 3 4 125 12 52 19 22 61 22 35 17 18 5 5 5 1 1.17 12 12 13 7 
1003 0 0 2 2 2 2 9 0 9 0 1 0 0 4 4 1 4 0 0 3 1 97 9 46 16 25 42 24 32 14 18 3 3 3 2 0.91 7 7 7 6 
995 0 0 2 2 2 1 5 0 5 0 1 0 0 3 3 0 3 0 0 1 2 73 7 20 7 7 46 8 14 7 7 3 3 3 1 2.3 5 5 5 3 
435 0 0 1 1 1 1 1 0 1 0 1 0 0 4 4 0 4 4 0 0 0 76 6 9 8 0 61 7 8 8 0 1 1 1 0 6.78 4 4 4 4 
1009 0 0 1 1 1 1 4 0 4 0 1 0 7 6 6 6 6 0 0 0 6 167 23 49 32 18 96 30 37 27 10 1 1 1 0 1.96 6 6 6 6 
1122 1 1 4 4 4 2 23 1 20 1 1 3 22 19 16 4 19 1 15 0 3 634 60 458 141 350 155 255 325 109 216 21 13 21 3 0.34 82 72 84 32 
1067 0 0 2 2 2 1 8 0 8 0 1 2 2 2 0 0 2 0 0 0 2 225 18 161 142 140 47 18 24 14 10 2 2 2 1 0.29 4 4 4 2 
1066 2 4 5 4 5 2 29 2 25 2 1 0 2 16 16 5 16 0 14 0 2 673 63 468 149 354 181 265 331 118 213 24 16 24 5 0.39 79 69 83 29 
1068 0 0 5 4 6 2 30 1 26 2 1 0 1 13 13 3 13 0 11 0 2 721 42 376 95 276 315 207 271 90 181 28 20 29 7 0.84 65 57 75 28 
1010 1 3 2 2 2 1 5 0 5 0 1 0 2 4 4 1 4 0 0 0 4 82 10 29 12 12 43 13 22 13 9 3 3 3 2 1.48 7 7 7 4 
1065 0 0 3 3 3 1 18 0 17 0 1 0 0 3 3 2 3 0 0 2 1 118 10 67 25 38 41 34 48 25 23 4 4 4 4 0.61 9 9 9 3 
437 1 4 2 2 2 1 9 0 8 1 1 0 0 6 6 1 6 0 0 0 6 124 10 61 23 32 53 37 49 23 26 4 4 5 2 0.87 10 10 11 8 
1012 0 0 2 2 2 1 8 0 7 0 1 0 0 4 4 2 4 0 0 2 2 98 10 39 15 20 49 19 28 13 15 4 4 4 2 1.26 8 8 8 4 
1011 0 0 1 1 2 1 5 0 5 0 3 0 1 56 56 19 56 0 1 0 55 752 91 330 108 156 331 159 243 113 130 5 5 9 3 1 76 76 88 56 
438 0 0 1 1 1 1 1 0 1 0 1 0 0 1 1 0 1 1 0 0 0 37 2 5 4 0 30 3 4 4 0 1 1 1 0 6 1 1 1 1 
436 0 0 4 4 4 1 37 1 27 12 1 6 2 6 0 0 6 0 0 0 6 352 18 196 82 124 162 137 161 79 82 6 6 6 4 0.83 24 24 24 6 
440 1 5 4 4 5 1 29 1 24 3 1 0 24 24 24 6 24 0 7 6 11 926 88 657 215 459 181 371 489 211 278 12 12 12 8 0.28 107 107 108 30 
1017 0 0 1 1 1 1 3 0 3 0 1 0 0 1 1 0 1 0 0 0 1 36 4 9 6 1 23 5 7 6 1 1 1 1 0 2.56 1 1 1 1 
285 0 0 1 1 1 1 4 0 4 0 1 0 1 12 12 5 12 0 0 1 11 199 23 72 33 26 104 34 50 30 20 3 3 3 2 1.44 16 16 16 12 
219 0 0 1 1 1 1 1 0 1 0 1 0 0 1 1 0 1 0 0 0 1 46 4 11 10 0 31 6 7 7 0 1 1 1 0 2.82 1 1 1 1 
1018 0 0 2 2 2 2 7 0 7 0 1 0 0 3 3 1 3 0 0 0 3 72 7 30 13 11 35 13 24 15 9 3 3 3 2 1.17 7 7 7 5 
221 0 0 1 1 1 1 1 0 1 0 1 0 0 1 1 0 1 1 0 0 0 39 4 6 5 0 29 4 5 5 0 1 1 1 0 4.83 1 1 1 1 
715 0 0 1 1 1 1 8 0 8 0 3 1 4 6 5 1 6 0 0 1 5 164 15 81 38 44 68 31 38 28 10 2 2 2 1 0.84 7 7 7 6 
222 0 0 3 3 3 1 12 0 11 0 2 0 2 7 7 5 7 0 2 0 5 183 18 111 46 56 54 61 87 50 37 7 7 7 4 0.49 19 19 20 7 
1016 0 0 1 1 1 1 4 0 4 0 1 0 0 3 3 2 3 0 0 0 3 72 9 25 16 5 38 15 19 15 4 1 1 1 0 1.52 3 3 3 3 
1019 0 0 1 1 1 1 1 0 1 0 1 0 0 2 2 0 2 0 0 0 2 49 5 10 9 0 34 7 8 8 0 1 1 1 0 3.4 2 2 2 2 
218 0 0 1 1 1 1 1 0 1 0 1 0 0 9 9 0 9 8 0 0 1 130 13 24 23 0 93 18 19 19 0 1 1 1 0 3.88 9 9 9 9 
220 1 3 1 1 1 1 4 0 4 0 1 0 0 12 12 8 12 0 0 0 12 204 24 73 39 22 107 41 54 33 21 1 1 1 0 1.47 12 12 12 12 
1037 0 0 1 1 1 1 1 0 1 0 1 0 0 1 1 0 1 1 0 0 0 26 4 6 5 0 16 3 4 4 0 1 1 1 0 2.67 1 1 1 1 
355 3 5 2 2 2 1 7 0 7 0 2 0 1 15 15 9 15 0 0 3 12 276 32 141 66 61 103 74 98 53 45 3 3 3 2 0.73 23 23 23 15 
217 0 0 1 1 1 1 8 0 8 0 8 0 0 19 19 3 19 1 1 2 15 228 24 133 50 66 71 55 80 53 27 3 3 3 2 0.53 22 22 22 19 
794 3 3 1 1 1 1 7 0 7 0 2 0 1 10 10 3 10 0 0 0 10 184 19 100 52 41 65 53 67 41 26 2 2 2 1 0.65 13 13 13 10 
591 2 4 2 2 2 1 14 0 13 0 2 2 1 17 15 4 17 0 4 2 11 334 26 224 77 134 84 124 169 85 84 9 9 9 5 0.38 41 41 42 25 
242 0 0 3 3 3 1 12 0 11 0 4 0 2 28 28 15 28 10 3 8 7 637 53 360 103 217 224 180 260 100 160 10 10 12 3 0.62 77 77 80 37 
888 0 0 2 2 2 1 7 0 6 1 1 0 0 3 3 1 3 0 0 0 3 72 9 29 14 9 34 13 19 12 7 2 2 2 1 1.17 5 5 5 3 
799 0 0 2 2 2 2 4 0 4 0 1 0 0 3 3 0 3 0 0 0 3 64 5 16 6 4 43 4 10 6 4 3 3 3 2 2.69 5 5 5 5 
586 0 0 1 1 1 1 3 0 3 0 1 0 0 5 5 5 5 0 0 1 4 116 13 33 22 9 70 20 25 19 6 1 1 1 0 2.12 5 5 5 5 
540 0 0 2 2 2 1 9 0 8 0 1 0 0 3 3 1 3 0 0 1 2 89 10 36 19 16 43 24 30 18 12 4 4 4 2 1.19 6 6 6 3 
573 0 0 1 1 1 1 1 0 1 0 1 0 0 3 3 0 3 2 0 0 1 72 6 13 12 0 53 8 9 9 0 1 1 1 0 4.08 3 3 3 3 
598 0 0 3 3 3 2 13 0 13 0 4 1 0 15 14 9 15 7 4 1 3 464 34 237 98 116 193 120 181 96 85 6 6 7 4 0.81 48 48 52 28 
256 0 0 4 4 4 2 24 0 20 2 7 1 3 17 16 14 17 3 3 1 10 624 53 358 100 221 213 166 244 95 149 14 14 15 7 0.59 68 68 72 38 
581 0 0 2 2 3 2 10 0 9 0 2 0 0 12 12 7 12 2 1 1 8 270 28 136 53 71 110 71 104 52 52 6 6 8 4 0.81 27 27 31 22 
457 0 0 2 2 2 1 11 1 9 1 5 0 0 14 14 3 14 4 1 3 6 220 31 145 51 82 44 68 97 52 45 9 9 9 1 0.3 25 25 25 17 
284 0 0 2 2 2 1 10 0 9 0 8 0 2 36 36 18 36 6 3 6 21 720 74 391 147 195 255 182 266 130 136 12 12 16 6 0.65 77 77 85 51 
798 0 0 3 3 3 2 10 0 9 0 1 0 0 4 4 3 4 0 1 0 3 109 10 49 17 24 50 23 34 16 18 4 4 4 2 1.02 10 10 10 6 
810 0 0 1 1 1 1 1 0 1 0 1 0 0 3 3 0 3 3 0 0 0 47 5 7 6 0 35 5 6 6 0 1 1 1 0 5 3 3 3 3 
252 0 0 1 1 1 1 3 0 3 0 1 0 0 3 3 1 3 2 0 1 0 68 9 19 10 5 40 11 15 10 5 1 1 1 0 2.11 3 3 3 3 
236 0 0 3 3 3 1 11 0 10 0 5 1 1 18 17 5 18 3 5 0 10 387 34 223 69 128 130 112 166 73 93 13 13 16 4 0.58 47 47 51 23 
235 0 0 1 1 1 1 2 0 2 0 1 0 0 4 4 2 4 2 0 0 2 62 9 16 10 3 37 10 13 10 3 1 1 1 0 2.31 4 4 4 4 
265 0 0 2 2 2 1 7 1 5 0 1 4 4 5 1 2 5 0 1 0 4 121 21 46 18 24 54 23 34 17 17 5 5 5 2 1.17 9 9 9 5 
1020 0 0 4 4 4 1 16 0 15 1 1 4 0 4 0 0 4 0 2 0 2 140 7 68 20 47 65 37 51 21 30 7 7 7 2 0.96 16 15 16 4 
590 0 0 1 1 1 1 8 0 8 0 1 0 0 1 1 0 1 0 0 1 0 46 4 13 8 3 29 4 6 5 1 1 1 1 0 2.23 1 1 1 1 
546 3 6 5 5 5 3 26 1 23 1 5 2 8 16 14 5 16 0 0 5 11 584 50 415 151 247 120 215 290 111 179 35 35 39 6 0.29 78 78 87 48 
804 0 0 1 1 1 1 4 0 4 0 1 0 0 3 3 2 3 0 0 0 3 67 7 22 10 7 38 11 16 10 6 2 2 2 1 1.73 4 4 4 3 
1021 0 0 2 2 2 1 6 0 6 0 4 1 4 13 12 5 13 2 3 0 8 257 25 111 45 52 121 56 80 46 34 6 6 6 3 1.09 22 22 22 13 
1024 0 0 1 1 1 1 3 0 3 0 1 0 0 1 1 0 1 0 0 0 1 29 3 7 4 1 19 3 5 4 1 1 1 1 0 2.71 1 1 1 1 
552 0 0 1 1 1 1 8 0 8 0 1 0 0 1 1 0 1 0 0 1 0 48 4 13 9 2 31 4 6 5 1 1 1 1 0 2.38 1 1 1 1 
277 0 0 2 2 2 1 7 0 7 0 5 0 0 20 20 12 20 1 2 3 14 366 42 176 63 82 148 86 127 60 67 10 10 10 3 0.84 35 35 35 23 
282 1 4 2 2 2 2 11 0 10 0 5 0 1 31 31 14 31 3 5 2 21 627 65 329 101 184 234 161 232 101 131 11 11 13 3 0.71 70 70 75 51 
255 0 0 1 1 1 1 4 0 4 0 5 4 4 25 21 4 25 22 0 0 3 382 42 146 50 68 194 69 106 52 54 5 5 5 2 1.33 34 34 34 28 
246 0 0 3 3 4 1 16 0 15 1 2 1 4 5 4 6 5 4 1 0 0 191 19 93 28 55 79 50 72 30 42 6 6 7 3 0.85 17 17 18 5 
856 0 0 3 3 3 2 24 0 20 3 3 0 1 10 10 4 10 1 1 0 8 276 26 158 48 95 93 88 120 48 72 14 14 15 3 0.59 31 31 32 21 
262 0 0 3 3 3 2 14 0 11 2 1 2 2 3 1 0 3 0 1 0 2 76 7 40 14 26 29 20 29 13 16 4 4 4 2 0.72 8 8 8 5 
580 0 0 2 2 2 1 8 0 8 0 2 3 3 7 4 0 7 0 3 0 4 124 12 64 22 35 48 30 44 22 22 3 3 3 2 0.75 13 13 13 7 
908 0 0 1 1 1 1 2 0 2 0 1 0 1 9 9 0 9 0 1 0 8 64 12 30 15 6 22 10 20 15 5 1 1 1 0 0.73 9 9 9 9 
544 0 0 1 1 1 1 1 0 1 0 1 0 0 2 2 1 2 2 0 0 0 61 7 13 12 2 41 9 10 10 0 1 1 1 0 3.15 2 2 2 2 
1109 1 2 1 1 1 1 3 0 3 0 1 0 0 9 9 1 9 0 0 4 5 105 14 41 19 12 50 16 26 14 12 4 4 4 2 1.22 12 12 12 12 
1110 0 0 1 1 1 1 3 0 3 0 1 0 0 5 5 1 5 0 0 3 2 62 10 25 14 5 27 9 15 10 5 1 1 1 0 1.08 5 5 5 5 
260 0 0 1 1 1 1 3 0 3 0 1 4 15 5 1 0 5 0 1 0 4 169 21 33 22 20 115 20 26 22 4 1 1 2 0 3.48 5 5 6 5 
714 0 0 2 2 2 2 6 0 6 0 3 0 2 3 3 0 3 0 1 0 2 68 5 29 11 14 34 10 17 9 8 3 3 3 1 1.17 6 6 6 5 
451 0 0 2 2 2 1 13 0 12 0 1 0 1 5 5 4 5 0 2 0 3 181 17 82 33 45 82 51 66 34 32 4 4 4 3 1 11 11 11 5 
857 0 0 2 2 2 1 12 0 12 0 2 0 1 5 5 2 5 0 0 0 5 102 12 51 19 22 39 22 32 17 15 4 4 5 3 0.76 10 10 11 5 
802 0 0 1 1 1 1 3 0 3 0 1 0 0 6 6 1 6 0 0 0 6 79 10 24 11 6 45 10 17 11 6 1 1 1 0 1.88 6 6 6 6 
587 0 0 1 1 1 1 4 0 4 0 1 0 1 6 6 2 6 6 0 0 0 109 11 37 14 16 61 17 26 14 12 3 3 3 2 1.65 8 8 8 8 
245 0 0 1 1 1 1 1 0 1 0 1 0 0 1 1 0 1 1 0 0 0 44 3 5 4 0 36 3 4 4 0 1 1 1 0 7.2 1 1 1 1 
592 0 0 1 1 1 1 1 0 1 0 1 0 0 1 1 0 1 1 0 0 0 37 4 5 4 0 28 3 4 4 0 1 1 1 0 5.6 1 1 1 1 
1075 0 0 1 1 1 1 4 0 4 0 1 0 1 5 5 1 5 0 0 0 5 58 10 29 13 11 19 17 23 13 10 1 1 1 0 0.66 5 5 5 5 
1029 0 0 2 2 2 1 3 0 3 0 1 2 1 2 0 0 2 0 0 0 2 45 5 14 9 4 26 7 10 8 2 2 2 2 0 1.86 3 3 3 2 
1032 0 0 3 3 3 1 11 0 10 0 1 0 1 5 5 2 5 1 1 0 3 101 13 65 25 36 23 33 49 26 23 7 7 7 4 0.35 14 14 14 7 
582 1 4 1 1 2 1 4 0 4 0 1 1 3 5 4 1 5 0 1 0 4 115 12 32 15 15 71 15 23 14 9 3 3 4 1 2.22 7 7 8 7 
1034 0 0 4 4 4 4 19 0 18 1 1 0 2 5 5 3 5 5 0 0 0 208 14 108 31 68 86 51 76 33 43 9 9 9 5 0.8 22 22 22 19 
1031 0 0 1 1 1 1 4 0 4 0 1 0 0 5 5 2 5 1 0 0 4 76 8 25 9 9 43 10 17 9 8 2 2 2 1 1.72 6 6 6 5 
238 0 0 2 2 2 1 9 0 9 0 1 3 3 19 16 6 19 13 5 0 1 399 33 210 72 122 156 112 157 73 84 5 5 5 3 0.74 40 40 40 19 
248 0 0 1 1 1 1 1 0 1 0 1 0 0 1 1 0 1 1 0 0 0 35 4 5 4 0 26 3 4 4 0 1 1 1 0 5.2 1 1 1 1 
247 0 0 2 2 3 1 13 0 11 1 5 0 2 23 23 21 23 13 2 0 8 624 68 303 85 174 253 148 227 93 134 13 13 14 5 0.83 57 57 59 28 
800 0 0 2 2 2 1 12 0 11 0 6 1 1 18 17 4 18 1 1 0 16 330 33 246 86 141 51 121 172 82 90 5 5 6 3 0.21 40 40 41 26 
584 0 0 1 1 1 1 1 0 1 0 1 0 0 8 8 1 8 8 0 0 0 124 12 17 16 1 95 15 16 16 0 1 1 1 0 5.59 8 8 8 8 
594 0 0 3 3 3 3 11 0 11 0 1 0 1 1 1 1 1 0 0 0 1 68 6 36 17 17 29 19 23 15 8 3 3 3 2 0.81 3 3 3 3 
595 0 0 3 3 3 1 14 0 13 0 7 1 6 39 38 24 39 7 10 0 22 1033 96 592 222 345 345 307 434 215 219 16 16 18 9 0.58 118 118 125 56 
541 0 0 2 2 2 1 12 0 11 0 1 0 1 8 8 3 8 3 1 0 4 213 18 112 40 66 83 59 82 40 42 6 6 6 3 0.74 19 19 19 8 
542 0 0 2 2 2 1 9 0 8 0 1 0 5 6 6 2 6 1 1 0 4 164 17 72 32 37 75 36 52 31 21 6 6 6 5 1.04 14 14 14 6 
583 0 0 2 2 2 2 6 0 6 0 1 0 0 4 4 2 4 0 0 2 2 91 10 38 19 13 43 18 27 17 10 3 3 3 2 1.13 8 8 8 8 
819 0 0 1 1 1 1 4 0 3 0 1 0 0 9 9 2 9 0 0 1 8 134 17 49 22 15 68 22 34 19 15 3 3 3 1 1.39 11 11 11 9 
813 1 2 2 2 2 1 7 0 7 0 1 0 0 7 7 3 7 0 0 0 7 155 15 68 33 24 72 30 42 23 19 4 4 4 2 1.06 11 11 11 7 
801 0 0 1 1 1 1 1 0 1 0 1 0 0 1 1 0 1 0 0 0 1 54 4 11 10 0 39 6 7 7 0 1 1 1 0 3.55 1 1 1 1 
882 2 3 5 5 5 1 21 0 20 1 1 0 0 7 7 2 7 0 1 4 2 242 13 160 41 100 69 80 116 37 79 10 10 11 3 0.43 34 34 37 7 
887 0 0 1 1 1 1 3 0 3 0 2 0 2 9 9 1 9 0 0 1 8 107 16 47 26 12 44 23 34 24 10 1 1 1 0 0.94 9 9 9 9 
907 0 0 1 1 1 1 11 0 11 0 1 0 0 2 2 6 2 0 0 0 2 99 11 38 26 11 50 22 25 18 7 1 1 1 0 1.32 2 2 2 2 
717 0 0 2 2 2 1 7 0 6 0 2 0 2 12 12 6 12 0 1 0 11 219 26 116 51 50 77 51 71 40 31 4 4 4 2 0.66 20 20 20 12 
1023 0 0 2 2 2 1 6 0 6 0 1 0 0 2 2 1 2 0 0 0 2 54 7 24 14 6 23 13 17 13 4 2 2 2 1 0.96 3 3 3 2 
816 0 0 1 1 1 1 4 0 4 0 1 0 0 4 4 2 4 0 0 0 4 77 9 27 14 7 41 13 19 13 6 2 2 2 1 1.52 5 5 5 4 
795 0 0 2 2 2 1 8 0 8 0 1 2 0 3 1 0 3 0 2 0 1 74 5 29 12 11 40 11 17 8 9 2 2 2 1 1.38 5 5 5 3 
271 0 0 3 3 3 2 16 0 11 4 1 2 1 3 1 0 3 0 1 0 2 76 7 39 11 24 30 18 27 10 17 4 4 4 2 0.77 8 8 8 5 
1027 0 0 1 1 1 1 6 0 6 0 2 0 0 3 3 1 3 0 0 1 2 58 8 22 11 9 28 11 15 11 4 2 2 2 0 1.27 4 4 4 3 
275 0 0 9 8 10 2 48 1 41 6 2 1 4 20 19 12 20 0 4 0 16 1211 79 888 230 637 253 451 620 229 391 69 48 76 6 0.28 180 152 199 44 
912 1 5 4 4 5 2 21 0 20 0 4 0 0 25 25 13 25 1 0 18 6 771 62 619 258 373 94 318 419 215 204 12 11 16 5 0.15 104 98 124 60 
814 0 0 2 2 2 2 7 0 6 0 1 0 0 5 5 2 5 0 0 0 5 98 10 46 22 16 42 20 31 18 13 3 3 3 2 0.91 10 10 10 9 
803 0 0 3 3 3 3 14 0 14 0 1 0 0 1 1 0 1 0 0 0 1 51 4 24 12 8 23 8 12 7 5 3 3 3 2 0.96 3 3 3 3 
274 0 0 1 1 1 1 4 0 4 0 1 0 0 4 4 2 4 1 0 0 3 77 9 26 14 6 42 12 18 12 6 2 2 2 1 1.62 5 5 5 4 
257 0 0 2 2 2 1 11 0 9 0 1 0 0 7 7 4 7 1 1 0 5 166 20 93 35 45 53 46 64 28 36 5 5 7 4 0.57 15 15 17 7 
268 0 0 1 1 1 1 4 0 4 0 1 0 0 7 7 6 7 1 0 1 5 123 16 47 25 14 65 27 35 22 13 1 1 1 0 1.38 7 7 7 7 
599 1 5 2 2 2 1 7 0 7 0 3 0 10 42 42 13 42 2 5 1 34 879 93 357 154 196 445 205 280 159 121 8 8 10 4 1.25 74 74 82 57 
885 0 0 1 1 1 1 1 0 1 0 1 0 0 1 1 0 1 0 0 0 1 40 3 8 7 0 29 3 4 4 0 1 1 1 0 3.63 1 1 1 1 
909 0 0 1 1 1 1 5 0 5 0 1 1 0 3 2 2 3 0 1 0 2 77 8 27 16 7 42 16 21 14 7 2 2 2 1 1.56 4 4 4 3 
808 0 0 1 1 1 1 1 0 1 0 1 0 0 2 2 0 2 2 0 0 0 44 5 7 6 0 32 5 6 6 0 1 1 1 0 4.57 2 2 2 2 
883 0 0 1 1 1 1 7 0 7 0 1 0 0 3 3 2 3 0 0 2 1 74 9 31 18 9 34 14 18 12 6 2 2 2 0 1.1 4 4 4 3 
237 1 6 2 2 2 1 12 0 10 1 11 9 22 86 77 35 86 49 14 0 23 2128 214 1032 284 624 882 503 752 282 470 13 13 13 5 0.85 201 201 206 102 
543 0 0 1 1 1 1 1 0 1 0 1 0 0 3 3 0 3 3 0 0 0 56 6 9 8 0 41 7 8 8 0 1 1 1 0 4.56 3 3 3 3 
555 0 0 3 3 3 2 11 0 10 1 1 0 0 6 6 4 6 1 1 0 4 144 17 74 23 41 57 34 51 19 32 5 5 6 3 0.77 16 16 17 14 
456 0 0 2 2 2 1 6 0 6 0 1 0 0 3 3 1 3 1 0 0 2 69 8 26 9 12 35 10 16 9 7 2 2 2 1 1.35 5 5 5 3 
593 0 0 1 1 1 1 4 0 4 0 2 1 2 5 4 1 5 0 1 0 4 110 13 44 28 13 53 27 35 28 7 2 2 2 1 1.2 6 6 6 5 
815 0 0 1 1 1 1 7 0 6 0 1 0 0 5 5 3 5 0 0 0 5 109 11 49 23 19 49 24 32 20 12 3 3 3 2 1 7 7 7 7 
812 0 0 3 3 3 1 11 0 11 0 1 0 0 8 8 6 8 0 5 0 3 200 18 110 38 58 72 56 74 31 43 5 5 6 2 0.65 22 22 25 8 
239 0 0 1 1 1 1 1 0 1 0 1 0 0 2 2 0 2 2 0 0 0 49 4 9 8 0 36 7 8 8 0 1 1 1 0 4 2 2 2 2 
258 0 0 3 2 3 1 12 0 11 0 1 0 2 40 40 11 40 0 0 32 8 1001 70 501 142 303 430 194 293 118 175 27 16 29 3 0.86 109 98 112 46 
263 0 0 2 2 2 1 7 0 7 0 2 0 1 11 11 6 11 1 0 2 8 218 26 101 38 49 92 52 73 36 37 3 3 4 2 0.91 19 19 20 11 
807 0 0 2 2 2 1 8 0 7 0 2 0 0 8 8 4 8 1 1 0 6 174 16 80 32 34 78 36 55 29 26 7 7 7 4 0.97 17 17 17 8 
267 0 0 2 2 2 1 5 0 5 0 3 0 0 17 17 6 17 3 0 0 14 237 32 113 46 45 92 49 77 40 37 8 8 10 2 0.81 28 28 31 17 
455 0 0 2 2 2 2 7 0 7 0 1 0 0 8 8 3 8 2 0 0 6 145 14 62 21 34 69 33 50 23 27 4 4 4 2 1.11 16 16 16 13 
1028 0 0 1 1 1 1 10 0 10 0 2 1 0 12 11 2 12 0 1 0 11 156 17 92 32 52 47 44 58 36 22 2 2 2 1 0.51 13 13 13 12 
458 0 0 2 2 2 1 9 0 9 0 4 0 0 19 19 14 19 1 2 2 14 377 44 190 69 91 143 93 136 63 73 8 8 8 4 0.75 39 39 39 19 
549 0 0 1 1 1 1 4 0 4 0 2 0 0 5 5 3 5 2 1 0 2 104 11 30 14 10 63 14 22 14 8 2 2 3 1 2.1 6 6 7 5 
249 0 0 1 1 1 1 7 0 6 0 1 0 0 11 11 4 11 10 0 1 0 214 18 93 42 43 103 48 67 38 29 3 3 3 4 1.11 15 15 16 11 
1026 0 0 2 2 2 1 7 0 7 0 5 0 0 20 20 12 20 1 2 3 14 363 45 173 64 81 145 86 124 60 64 9 9 9 1 0.84 34 34 34 22 
597 0 0 3 3 3 1 14 0 14 0 1 2 3 5 3 4 5 0 3 0 2 183 16 88 30 52 79 51 68 30 38 4 4 4 2 0.9 14 14 14 5 
811 0 0 1 1 1 1 3 0 3 0 1 1 0 4 3 1 4 0 0 0 4 64 6 16 7 4 42 6 11 7 4 1 1 1 0 2.63 4 4 4 4 
251 0 0 1 1 1 1 1 0 1 0 1 0 0 1 1 0 1 1 0 0 0 34 3 5 4 0 26 3 4 4 0 1 1 1 0 5.2 1 1 1 1 
820 0 0 1 1 1 1 4 0 4 0 1 0 0 6 6 2 6 0 0 0 6 89 11 31 13 11 47 14 22 13 9 2 2 2 1 1.52 7 7 7 6 
797 0 0 2 2 2 1 5 0 5 0 3 0 0 17 17 5 17 0 0 1 16 252 33 125 59 45 94 55 83 49 34 4 4 4 4 0.75 26 26 26 20 
250 0 0 2 2 3 1 16 1 14 0 2 0 2 7 7 1 7 0 0 2 5 226 19 131 66 69 76 76 96 64 32 8 8 9 2 0.58 17 17 19 7 
281 0 0 3 3 3 2 12 0 10 0 2 0 1 21 21 16 21 0 5 3 13 527 52 268 83 152 207 125 182 76 106 8 8 10 4 0.77 56 56 61 32 
279 0 0 3 3 3 2 11 0 10 1 3 0 1 22 22 13 22 2 3 1 16 521 55 277 94 152 189 143 198 81 117 15 15 23 9 0.68 58 58 69 34 
452 0 0 1 1 1 1 4 0 4 0 1 0 0 4 4 2 4 1 0 2 1 60 9 26 13 9 25 14 20 13 7 2 2 2 1 0.96 5 5 5 4 
254 0 0 1 1 2 1 5 0 4 0 3 0 0 24 24 3 24 3 0 3 18 340 36 133 47 54 171 59 95 45 50 7 7 7 3 1.29 35 35 37 29 
269 0 0 7 6 8 4 31 2 24 5 1 1 1 3 2 3 3 1 2 0 0 172 16 85 23 54 71 48 69 28 41 19 16 20 3 0.84 22 19 23 13 
243 0 0 1 1 1 1 1 0 1 0 1 0 0 6 6 0 6 6 0 0 0 77 8 11 10 0 58 9 10 10 0 1 1 1 0 5.27 6 6 6 6 
1036 0 0 1 1 1 1 1 0 1 0 1 0 0 1 1 0 1 0 0 0 1 36 3 5 4 0 28 3 4 4 0 1 1 1 0 5.6 1 1 1 1 
809 0 0 1 1 1 1 3 0 3 0 1 0 0 5 5 1 5 1 0 1 3 71 11 26 13 7 34 10 17 11 6 2 2 2 1 1.31 6 6 6 5 
817 0 0 1 1 1 1 1 0 1 0 1 0 0 1 1 0 1 0 0 0 1 35 3 5 4 0 27 3 4 4 0 1 1 1 0 5.4 1 1 1 1 
272 0 0 2 2 2 2 9 0 9 0 2 0 4 28 28 13 28 2 11 0 15 704 52 312 121 164 340 156 220 109 111 13 13 13 4 1.09 61 61 63 47 
450 0 0 1 1 1 1 6 0 6 0 1 0 0 7 7 3 7 0 0 0 7 130 13 54 18 26 63 26 38 18 20 3 3 3 3 1.17 10 10 10 9 
264 0 0 1 1 1 1 1 0 1 0 1 0 0 1 1 0 1 1 0 0 0 34 3 5 4 0 26 3 4 4 0 1 1 1 0 5.2 1 1 1 1 
911 0 0 1 1 1 1 3 0 3 0 1 0 0 2 2 0 2 0 0 0 2 41 5 13 8 2 23 5 8 6 2 1 1 1 0 1.77 2 2 2 2 
240 3 6 2 2 2 1 9 0 8 0 6 0 15 129 129 50 129 0 2 21 106 2447 233 1289 428 768 929 593 868 404 464 15 15 15 5 0.72 254 254 260 156 
270 0 0 3 3 4 1 14 0 13 0 3 0 2 12 12 7 12 3 4 0 5 320 30 192 64 113 98 98 136 59 77 12 12 13 7 0.51 38 34 42 16 
1108 1 2 2 2 2 2 10 1 8 0 4 0 0 10 10 9 10 0 0 2 8 262 39 130 65 56 93 70 96 60 36 5 5 5 3 0.72 21 21 21 17 
253 0 0 1 1 1 1 3 0 3 0 1 0 0 5 5 0 5 1 0 0 4 87 8 22 11 5 57 10 16 11 5 1 1 1 0 2.59 5 5 5 5 
596 0 0 2 2 2 1 9 0 9 0 1 0 0 3 3 2 3 0 0 0 3 80 8 39 17 18 33 22 29 16 13 3 3 3 2 0.85 5 5 5 3 
553 0 0 4 4 5 1 18 0 17 0 1 0 0 2 2 1 2 0 0 0 2 90 6 51 26 24 33 30 40 26 14 7 7 8 4 0.65 8 8 9 2 
889 0 0 1 1 1 1 8 0 7 0 1 0 0 3 3 4 3 0 0 2 1 86 11 36 21 11 39 19 23 15 8 2 2 2 0 1.08 4 4 4 3 
280 0 0 1 1 1 1 3 0 3 0 1 0 0 9 9 2 9 1 0 0 8 112 14 43 18 16 55 21 32 18 14 2 2 3 1 1.28 10 10 11 9 
818 0 0 1 1 1 1 5 0 5 0 1 0 0 5 5 5 5 0 0 0 5 114 13 45 20 19 56 28 35 17 18 2 2 2 1 1.24 6 6 6 5 
910 1 4 1 1 1 1 8 0 7 0 1 0 3 5 5 8 5 0 1 0 4 164 20 61 33 32 83 42 50 31 19 3 3 3 1 1.36 7 7 7 5 
1035 0 0 3 3 3 1 13 0 13 0 3 0 0 7 7 8 7 0 1 0 6 220 23 121 48 61 76 67 91 42 49 9 9 9 3 0.63 21 21 21 10 
571 0 0 1 1 1 1 1 0 1 0 1 0 0 3 3 0 3 3 0 0 0 59 7 9 8 0 43 7 8 8 0 1 1 1 0 4.78 3 3 3 3 
570 0 0 2 2 2 1 5 0 5 0 1 0 0 2 2 2 2 1 0 0 1 65 7 18 8 6 40 9 13 8 5 2 2 2 1 2.22 3 3 3 2 
585 0 0 1 1 1 1 1 0 1 0 1 0 0 2 2 0 2 2 0 0 0 52 6 7 6 0 39 5 6 6 0 1 1 1 0 5.57 2 2 2 2 
886 0 0 2 2 3 1 10 0 9 0 4 0 3 13 13 9 13 0 0 1 12 283 34 151 51 81 98 77 111 52 59 15 15 16 4 0.65 32 32 34 17 
1076 0 0 1 1 1 1 3 0 3 0 1 1 1 1 0 0 1 0 0 0 1 42 4 8 5 2 30 4 6 5 1 1 1 1 0 3.75 1 1 1 1 
453 0 0 0 0 0 0 0 0 0 0 1 0 0 0 0 3 0 0 0 0 0 39 5 6 5 3 28 4 5 5 0 0 0 0 0 4.67 0 0 0 0 
572 0 0 1 1 1 1 1 0 1 0 1 0 0 1 1 0 1 1 0 0 0 36 3 4 3 0 29 2 3 3 0 1 1 1 0 7.25 1 1 1 1 
1022 0 0 1 1 1 1 6 0 6 0 2 0 0 3 3 1 3 0 0 1 2 58 8 22 11 9 28 11 15 11 4 2 2 2 0 1.27 4 4 4 3 
548 0 0 6 4 7 2 20 0 19 0 1 11 1 11 0 0 11 0 0 0 11 377 16 235 45 166 126 102 144 45 99 15 8 15 5 0.54 71 39 72 20 
241 0 0 2 2 2 1 6 0 6 0 1 0 1 9 9 3 9 6 1 2 0 176 16 71 29 33 89 38 53 27 26 4 4 4 2 1.25 14 14 14 9 
822 0 0 1 1 1 1 8 0 8 0 1 0 0 1 1 0 1 0 0 1 0 52 4 13 8 3 35 4 6 5 1 1 1 1 0 2.69 1 1 1 1 
805 2 6 3 3 3 2 15 0 14 0 3 2 1 14 12 5 14 0 2 3 9 360 27 234 85 125 101 113 159 64 95 17 17 19 4 0.43 43 43 46 29 
806 0 0 1 1 1 1 8 0 8 0 1 0 0 1 1 0 1 0 0 1 0 54 4 13 9 2 37 4 6 5 1 1 1 1 0 2.85 1 1 1 1 
1074 0 0 2 2 2 1 15 0 13 2 1 1 2 2 1 0 2 0 1 0 1 76 7 35 19 16 34 17 22 13 9 3 3 3 1 0.97 4 4 4 2 
278 0 0 2 2 2 1 7 0 7 0 5 0 1 23 23 13 23 1 1 2 19 396 44 210 86 93 142 98 139 67 72 5 5 5 4 0.68 36 36 36 26 
259 0 0 3 3 4 1 14 1 12 1 3 0 0 11 11 10 11 0 1 2 8 317 39 163 56 90 115 81 116 52 64 14 14 17 6 0.71 32 32 39 13 
880 0 0 1 1 2 1 5 0 5 0 1 0 0 2 2 2 2 0 0 0 2 60 7 19 12 4 34 9 12 9 3 1 1 2 0 1.79 2 2 3 2 
879 0 0 2 2 2 2 10 0 10 0 1 0 0 2 2 0 2 0 0 0 2 67 6 32 19 10 29 17 22 15 7 3 3 3 1 0.91 4 4 4 4 
864 0 0 4 4 4 4 16 0 16 0 1 0 0 3 3 3 3 0 0 1 2 120 10 62 25 31 48 30 45 20 25 7 7 7 3 0.77 13 13 13 13 
862 0 0 1 1 1 1 1 0 1 0 1 0 0 1 1 0 1 0 0 0 1 42 4 9 8 0 29 5 6 6 0 1 1 1 0 3.22 1 1 1 1 
865 0 0 2 2 2 1 8 0 7 0 2 1 0 21 20 4 21 1 1 0 19 297 32 204 94 96 61 95 129 82 47 14 5 14 4 0.3 41 32 41 25 
860 0 0 4 4 4 4 15 0 15 0 1 0 0 2 2 0 2 0 0 0 2 78 6 42 22 17 30 23 29 18 11 6 6 6 3 0.71 7 7 7 7 
874 0 0 1 1 1 1 1 0 1 0 1 0 1 1 1 0 1 0 0 0 1 46 5 9 8 1 32 6 7 7 0 1 1 1 0 3.56 1 1 1 1 
876 0 0 1 1 1 1 1 0 1 0 1 0 0 4 4 0 4 0 0 0 4 57 7 13 12 0 37 11 12 12 0 1 1 1 0 2.85 4 4 4 4 
871 0 0 1 1 1 1 6 0 6 0 1 0 0 1 1 0 1 0 0 0 1 44 4 13 10 1 27 6 8 7 1 1 1 1 0 2.08 1 1 1 1 
1033 0 0 1 1 1 1 4 0 4 0 1 0 0 1 1 0 1 0 0 0 1 37 4 10 7 1 23 5 7 6 1 1 1 1 0 2.3 1 1 1 1 
859 0 0 2 2 2 2 7 0 7 0 1 0 0 2 2 2 2 0 0 1 1 71 7 24 11 9 40 13 18 11 7 3 3 3 2 1.67 4 4 4 4 
873 0 0 3 3 3 1 14 0 14 0 1 0 0 2 2 1 2 0 0 0 2 78 6 42 22 20 30 28 35 22 13 5 5 5 3 0.71 6 6 6 2 
872 0 0 1 1 1 1 4 0 4 0 1 0 0 2 2 1 2 0 0 1 1 60 7 19 13 3 34 11 14 11 3 1 1 1 0 1.79 2 2 2 2 
877 0 0 2 2 2 1 6 0 6 0 1 0 0 2 2 1 2 0 0 0 2 57 6 21 12 7 30 14 18 12 6 2 2 2 1 1.43 3 3 3 2 
861 0 0 2 2 2 1 12 0 11 1 1 0 0 1 1 0 1 0 0 0 1 54 4 20 12 7 30 11 14 11 3 2 2 2 1 1.5 2 2 2 1 
866 0 0 2 2 2 1 11 0 10 1 1 0 0 1 1 0 1 0 0 0 1 52 4 19 12 6 29 11 14 11 3 2 2 2 1 1.53 2 2 2 1 
863 0 0 1 1 1 1 4 0 4 0 1 0 0 2 2 1 2 0 0 0 2 53 6 16 11 2 31 7 10 8 2 1 1 1 0 1.94 2 2 2 2 
881 0 0 1 1 2 1 5 0 5 0 1 0 0 2 2 2 2 0 0 0 2 60 7 19 12 4 34 9 12 9 3 1 1 2 0 1.79 2 2 3 2 
870 0 0 1 1 1 1 6 0 6 0 1 0 0 1 1 0 1 0 0 0 1 46 4 13 10 1 29 6 8 7 1 1 1 1 0 2.23 1 1 1 1 
867 0 0 3 3 3 2 11 0 10 0 1 0 0 4 4 1 4 0 0 0 4 119 8 61 31 26 50 32 41 26 15 3 3 3 2 0.82 10 10 10 6 
869 0 0 2 2 2 1 12 0 11 0 1 0 0 4 4 3 4 0 2 0 2 139 14 67 36 26 58 39 49 30 19 4 4 4 3 0.87 8 8 9 4 
875 0 0 2 2 2 1 7 0 7 0 1 0 0 2 2 0 2 0 0 0 2 55 5 22 13 6 28 10 14 10 4 2 2 2 1 1.27 3 3 3 2 
868 0 0 1 1 1 1 4 0 4 0 1 0 0 3 3 2 3 0 0 2 1 69 8 21 10 7 40 10 15 10 5 2 2 2 1 1.9 4 4 4 3 
878 0 0 2 2 2 1 6 0 6 0 1 0 0 2 2 1 2 0 0 0 2 57 6 21 12 7 30 14 18 12 6 2 2 2 1 1.43 3 3 3 2 
894 0 0 1 1 1 1 1 0 1 0 1 0 0 7 7 0 7 7 0 0 0 96 10 13 12 0 73 11 12 12 0 1 1 1 0 5.62 7 7 7 7 
890 0 0 1 1 1 1 4 0 4 0 5 0 1 34 34 3 34 1 0 0 33 294 42 200 90 75 52 78 127 69 58 5 5 5 3 0.26 45 45 45 38 
893 0 0 2 2 2 1 6 0 6 0 1 0 0 4 4 3 4 0 0 0 4 90 10 33 14 14 47 18 25 14 11 2 2 2 1 1.42 6 6 6 4 
891 0 0 1 1 1 1 3 0 3 0 1 0 0 5 5 1 5 0 0 0 5 82 9 25 13 7 48 12 18 12 6 1 1 1 0 1.92 5 5 5 5 
892 0 0 1 1 1 1 6 0 6 0 1 0 0 7 7 1 7 0 0 0 7 109 11 54 18 23 44 21 37 18 19 3 3 3 1 0.81 10 10 10 9 
1111 0 0 1 1 1 1 2 0 2 0 1 0 0 5 5 2 5 0 0 1 4 60 8 26 17 6 26 12 17 13 4 1 1 1 0 1 5 5 5 5 
579 0 0 2 2 2 1 8 0 7 0 1 0 2 6 6 4 6 1 0 0 5 124 17 57 21 29 50 29 42 21 21 7 7 8 5 0.88 12 12 13 6 
574 0 0 2 2 2 1 7 0 7 0 1 0 1 6 6 3 6 0 1 0 5 96 9 54 15 29 33 28 41 16 25 3 3 3 2 0.61 12 12 12 8 
577 0 0 1 1 1 1 4 0 4 0 1 0 0 4 4 2 4 0 0 0 4 58 6 22 10 8 30 12 17 10 7 1 1 1 0 1.36 4 4 4 4 
575 0 0 1 1 1 1 1 0 1 0 1 0 0 3 3 0 3 3 0 0 0 46 6 7 6 0 33 5 6 6 0 1 1 1 0 4.71 3 3 3 3 
576 0 0 2 2 3 1 8 0 8 0 1 0 0 4 4 4 4 0 0 0 4 80 10 42 12 25 28 21 30 12 18 5 5 7 2 0.67 9 9 11 4 
578 0 0 2 2 2 1 5 0 5 0 1 0 0 4 4 1 4 0 0 0 4 65 8 29 12 12 28 13 20 12 8 2 2 2 1 0.97 6 6 6 4 
901 0 0 1 1 1 1 3 0 3 0 1 1 0 4 3 1 4 0 0 1 3 75 8 20 11 4 47 10 15 11 4 1 1 1 0 2.35 4 4 4 4 
1087 0 0 2 2 2 1 7 0 7 0 1 0 0 5 5 2 5 0 0 1 4 80 12 52 24 22 16 26 37 23 14 2 2 2 1 0.31 9 9 9 5 
895 0 0 3 3 3 1 12 0 11 0 1 0 0 3 3 5 3 0 1 0 2 120 11 51 26 23 58 30 41 24 17 4 4 4 2 1.14 8 8 8 3 
902 0 0 3 3 3 1 15 0 14 1 1 0 0 2 2 3 2 0 0 0 2 97 9 42 24 17 46 24 30 20 10 3 3 3 2 1.1 5 5 5 2 
906 0 0 4 4 4 1 16 0 16 0 1 0 0 2 2 5 2 0 0 0 2 107 10 48 25 21 49 27 37 23 14 5 5 5 3 1.02 7 7 7 2 
1079 0 0 2 2 3 2 9 0 9 0 1 0 0 5 5 2 5 0 1 0 4 101 13 72 38 26 16 36 51 31 20 5 5 6 2 0.22 12 12 13 9 
903 0 0 1 1 1 1 1 0 1 0 1 0 0 3 3 0 3 0 0 0 3 51 6 10 9 0 35 7 8 8 0 1 1 1 0 3.5 3 3 3 3 
1101 2 2 1 1 1 1 6 0 6 0 1 0 0 14 14 9 14 0 1 0 13 162 31 108 37 58 23 58 77 33 44 2 2 2 1 0.21 18 18 18 14 
1081 0 0 4 4 4 3 15 0 15 0 1 0 0 9 9 4 9 0 7 0 2 245 17 167 68 104 61 95 131 62 69 10 10 10 2 0.37 35 35 36 25 
1088 0 0 3 3 3 2 13 0 13 0 1 3 0 3 0 0 3 0 0 0 3 72 7 49 21 25 16 19 30 16 14 3 3 3 2 0.33 9 9 9 7 
896 0 0 4 4 4 1 15 0 15 0 1 0 0 3 3 6 3 0 1 0 2 133 12 61 27 31 60 34 49 26 23 5 5 5 3 0.98 11 11 11 3 
1089 0 0 3 3 3 2 11 0 10 0 1 0 0 5 5 2 5 0 1 0 4 107 13 78 39 31 16 39 55 32 23 6 6 6 3 0.21 13 13 13 9 
904 0 0 3 3 3 1 15 0 14 1 1 0 0 2 2 2 2 0 0 0 2 93 8 41 23 17 44 23 29 19 10 3 3 3 2 1.07 5 5 5 2 
897 0 0 6 6 6 2 31 2 27 1 1 0 0 3 3 3 3 0 1 0 2 168 17 107 55 58 44 59 79 48 31 10 10 10 4 0.41 17 17 19 5 
1077 0 0 2 2 3 1 10 0 10 0 1 0 0 5 5 2 5 0 1 0 4 109 16 77 43 30 16 39 55 36 19 4 4 5 2 0.21 11 11 13 5 
898 0 0 3 3 4 2 25 0 23 1 2 3 0 13 10 10 13 0 1 2 10 365 26 233 77 143 106 124 159 69 90 7 7 12 3 0.45 35 35 54 22 
1086 1 2 3 3 3 2 12 0 10 0 2 1 0 15 14 8 15 0 4 1 10 317 36 205 80 103 76 97 145 77 68 18 18 19 7 0.37 41 41 42 32 
1080 0 0 2 2 2 1 10 0 10 0 1 0 0 7 7 4 7 0 1 0 6 120 17 86 26 47 17 43 62 25 37 6 6 6 3 0.2 16 16 16 9 
900 0 0 2 2 2 1 10 0 10 0 1 0 0 2 2 2 2 0 0 0 2 77 7 32 20 10 38 17 23 16 7 3 3 3 2 1.19 4 4 4 2 
1083 3 3 4 4 4 1 28 2 25 1 1 4 4 17 13 6 17 0 9 5 3 639 68 488 202 328 83 247 318 159 159 10 10 10 3 0.17 63 63 71 23 
1102 1 2 4 4 6 3 19 2 15 1 1 0 0 3 3 2 3 0 0 0 3 101 16 54 16 33 31 24 38 17 21 11 11 15 4 0.57 13 13 17 10 
905 0 0 2 2 2 1 7 0 7 0 1 0 0 2 2 2 2 0 0 0 2 69 7 25 16 7 37 14 18 13 5 2 2 2 1 1.48 3 3 3 2 
1090 0 0 3 3 3 2 12 0 11 0 1 0 0 5 5 3 5 0 1 0 4 115 14 84 40 34 17 42 60 34 26 8 8 9 5 0.2 15 15 16 10 
899 0 0 3 3 3 2 15 0 14 1 1 0 0 2 2 1 2 0 0 0 2 96 6 38 17 22 52 22 29 15 14 3 3 3 1 1.37 6 6 6 4 
1085 0 0 1 1 1 1 4 0 4 0 1 0 0 7 7 3 7 0 1 0 6 78 16 42 19 14 20 21 30 17 13 2 2 2 1 0.48 8 8 8 7 
1082 0 0 2 2 2 1 9 0 9 0 2 0 0 6 6 3 6 0 0 1 5 133 12 57 20 29 64 27 37 19 18 2 2 2 1 1.12 9 9 10 6 
1078 0 0 6 6 8 6 18 0 18 0 1 0 0 3 3 0 3 0 0 0 3 121 10 73 24 41 39 39 58 26 32 9 9 10 4 0.53 18 18 24 18 
1115 1 1 2 2 2 2 9 0 8 0 1 1 0 6 5 3 6 0 1 2 3 140 15 65 26 31 60 33 48 25 23 5 5 6 3 0.92 13 13 14 9 
1112 1 1 2 2 2 1 11 0 11 0 1 0 0 2 2 4 2 0 0 1 1 61 6 39 26 16 16 27 31 22 9 2 2 2 1 0.41 3 3 3 2 
1113 1 1 1 1 1 1 6 0 6 0 1 0 1 2 2 3 2 0 0 0 2 52 8 28 21 7 16 17 20 16 4 1 1 1 0 0.57 2 2 2 2 
1114 1 1 3 3 3 3 11 0 11 0 1 0 0 3 3 3 3 0 1 0 2 79 12 48 22 23 19 28 39 24 15 5 5 5 4 0.4 9 9 10 9 
1116 1 1 2 2 2 2 6 0 6 0 1 0 0 4 4 3 4 0 1 0 3 57 8 33 13 15 16 18 27 14 13 3 3 4 2 0.48 8 8 9 8 
918 0 0 2 2 2 1 6 0 5 0 1 2 3 9 7 5 9 5 0 0 4 127 18 76 40 35 33 49 63 39 24 3 3 5 1 0.43 14 14 16 11 
838 0 0 3 3 4 1 17 1 14 0 1 0 5 7 7 1 7 0 0 0 7 207 27 134 63 69 46 72 96 55 41 6 6 9 3 0.34 21 21 27 7 
921 0 0 2 2 2 1 6 0 6 0 1 1 0 7 6 4 7 2 1 0 4 113 13 59 27 24 41 33 45 25 20 4 4 5 1 0.69 12 12 13 9 
919 0 0 1 1 1 1 1 0 1 0 1 0 0 2 2 0 2 0 0 0 2 30 5 6 6 0 19 5 6 6 0 1 1 1 0 3.17 2 2 2 2 
920 0 0 4 4 4 1 18 0 15 2 3 0 2 13 13 7 13 0 6 0 7 351 28 239 83 140 86 123 173 84 89 11 8 11 5 0.36 50 46 54 19 
173 0 0 1 1 1 1 4 0 4 0 1 0 0 9 9 8 9 0 0 0 9 177 21 59 33 16 97 32 42 26 16 1 1 1 0 1.64 9 9 9 9 
753 1 3 1 1 1 1 4 0 3 0 1 0 1 12 12 0 12 0 0 4 8 182 26 65 32 26 91 47 56 31 25 1 1 1 0 1.4 12 12 12 12 
172 1 2 1 1 1 1 1 0 1 0 1 0 0 10 10 3 10 10 0 0 0 206 16 27 26 3 163 22 23 23 0 1 1 1 0 6.04 10 10 10 10 
180 0 0 1 1 1 1 4 0 4 0 1 0 1 5 5 0 5 0 0 0 5 65 8 29 13 9 28 10 18 10 8 3 3 3 1 0.97 7 7 7 7 
720 2 5 2 2 2 1 9 0 9 0 2 1 1 30 29 13 30 0 4 4 22 548 61 334 110 175 153 176 242 97 145 7 7 8 3 0.46 63 63 70 34 
751 0 0 1 1 1 1 1 0 1 0 1 0 0 8 8 0 8 8 0 0 0 104 11 19 18 0 74 17 18 18 0 1 1 1 0 3.89 8 8 8 8 
174 0 0 0 0 0 0 0 0 0 0 1 0 0 0 0 5 0 0 0 0 0 53 6 8 7 5 39 6 7 7 0 0 0 0 0 4.88 0 0 0 0 
538 1 3 1 1 2 1 6 0 5 0 1 0 1 11 11 2 11 0 1 0 10 137 20 82 42 30 35 41 60 40 20 4 4 7 3 0.43 16 16 24 11 
176 0 0 1 1 1 1 4 0 4 0 1 0 1 5 5 0 5 0 0 0 5 64 8 29 13 9 27 10 18 10 8 3 3 3 1 0.93 7 7 7 7 
175 0 0 2 2 2 1 5 0 5 0 1 0 0 5 5 1 5 0 0 0 5 72 8 34 14 12 30 13 22 11 11 3 3 3 1 0.88 8 8 8 7 
730 0 0 3 3 3 1 12 0 10 1 1 0 4 26 26 11 26 0 0 15 11 778 54 324 95 187 401 161 234 90 144 17 17 18 3 1.24 79 79 88 37 
722 0 0 1 1 1 1 1 0 1 0 1 0 0 3 3 0 3 3 0 0 0 59 5 8 7 0 46 6 7 7 0 1 1 1 0 5.75 3 3 3 3 
733 0 0 3 3 3 2 12 0 11 0 1 0 0 6 6 4 6 0 1 0 5 165 16 86 39 39 63 43 61 34 27 5 5 5 4 0.73 16 16 18 10 
723 0 0 1 1 1 1 1 0 1 0 1 0 0 2 2 0 2 2 0 0 0 59 5 7 6 0 47 5 6 6 0 1 1 1 0 6.71 2 2 2 2 
727 0 0 6 6 7 1 27 1 23 2 1 0 1 2 2 5 2 0 0 0 2 121 9 69 30 36 43 43 57 29 28 9 9 11 3 0.62 12 12 14 2 
729 0 0 1 1 1 1 3 0 3 0 1 0 0 2 2 1 2 0 0 0 2 47 5 13 8 2 29 7 10 8 2 1 1 1 0 2.23 2 2 2 2 
731 0 0 2 2 2 1 10 0 9 0 1 4 1 12 8 5 12 0 4 0 8 257 24 131 49 71 103 75 102 48 54 4 4 5 2 0.79 24 24 28 14 
721 0 0 3 3 3 2 13 0 12 1 2 0 3 13 13 6 13 0 0 6 7 351 24 193 66 106 134 90 131 59 72 7 7 8 4 0.69 40 40 44 24 
726 0 0 2 2 2 1 4 0 4 0 1 0 0 2 2 1 2 0 0 0 2 58 5 14 7 3 39 6 10 7 3 2 2 2 1 2.79 3 3 3 2 
725 0 0 2 2 2 1 7 0 6 0 1 0 0 4 4 1 4 0 0 1 3 70 8 33 14 14 29 15 22 13 9 3 3 3 2 0.88 6 6 6 4 
728 0 0 3 3 3 1 12 0 11 0 1 0 1 4 4 4 4 0 0 1 3 111 15 67 33 32 29 41 51 30 21 6 6 7 2 0.43 11 11 12 4 
724 0 0 1 1 1 1 3 0 3 0 1 0 0 8 8 4 8 0 0 0 8 66 12 34 17 8 20 16 25 17 8 1 1 1 0 0.59 8 8 8 8 
732 0 0 4 4 4 2 11 0 11 0 1 0 1 3 3 1 3 1 0 0 2 112 8 48 16 25 56 24 34 16 18 5 5 6 2 1.17 11 11 13 6 
1120 1 2 3 3 4 1 16 1 13 1 1 10 8 15 5 7 15 0 7 0 8 420 46 259 106 155 117 160 210 109 101 9 9 10 3 0.45 47 47 53 22 
966 0 0 1 1 1 1 4 0 4 0 1 0 1 10 10 2 10 0 0 3 7 154 18 68 38 22 68 36 48 32 16 5 5 5 2 1 14 14 14 10 
773 0 0 2 2 2 1 7 0 7 0 3 0 1 28 28 4 28 0 2 5 21 275 22 159 41 80 94 67 110 58 52 4 4 5 3 0.59 42 42 49 33 
780 2 3 1 1 1 1 5 0 4 0 2 0 1 19 19 7 19 0 0 4 15 220 31 115 50 54 74 60 85 47 38 3 3 6 1 0.64 23 23 26 21 
770 1 2 0 0 0 0 0 0 0 0 1 0 0 0 0 12 0 0 0 0 0 89 10 16 16 12 63 15 16 16 0 0 0 0 0 3.94 0 0 0 0 
765 0 0 1 1 1 1 1 0 1 0 1 0 0 6 6 0 6 6 0 0 0 153 9 22 21 0 122 14 15 15 0 1 1 1 0 5.55 6 6 6 6 
772 1 5 2 2 2 1 6 0 5 0 1 0 0 18 18 6 18 0 0 7 11 286 30 128 52 56 128 63 96 51 45 6 6 6 2 1 31 31 34 20 
1057 0 0 1 1 1 1 1 0 1 0 1 0 0 1 1 0 1 1 0 0 0 30 2 4 3 0 24 2 3 3 0 1 1 1 0 6 1 1 1 1 
1056 0 0 1 1 1 1 3 0 3 0 1 0 1 3 3 1 3 0 0 0 3 69 8 18 12 4 43 11 15 12 3 1 1 1 0 2.39 3 3 3 3 
1059 0 0 1 1 1 1 6 0 6 0 1 0 3 4 4 2 4 0 0 2 2 78 9 34 15 15 35 15 26 16 10 2 2 2 1 1.03 5 5 5 4 
785 0 0 1 1 1 1 1 0 1 0 1 0 0 8 8 0 8 8 0 0 0 151 13 19 18 0 119 17 18 18 0 1 1 1 0 6.26 8 8 8 8 
776 0 0 1 1 1 1 1 0 1 0 1 0 0 3 3 0 3 3 0 0 0 75 6 9 8 0 60 7 8 8 0 1 1 1 0 6.67 3 3 3 3 
778 0 0 2 2 3 1 11 0 10 1 1 0 1 3 3 2 3 0 0 0 3 96 9 48 25 19 40 31 38 24 14 3 3 5 2 0.83 6 6 8 3 
768 0 0 1 1 1 1 1 0 1 0 1 0 0 4 4 0 4 4 0 0 0 75 9 11 11 0 55 10 11 11 0 1 1 1 0 5 4 4 4 4 
790 0 0 1 1 1 1 2 0 1 0 2 0 1 14 14 0 14 7 0 0 7 152 13 38 17 14 101 21 29 23 6 1 1 1 0 2.66 14 14 14 14 
1050 0 0 3 3 3 2 10 0 8 1 4 2 3 15 13 6 15 3 5 0 7 289 35 155 48 79 99 64 104 42 62 11 11 13 4 0.64 39 39 44 29 
775 0 0 2 2 2 1 4 0 4 0 1 0 0 2 2 1 2 0 0 0 2 41 6 14 7 4 21 7 11 7 4 2 2 2 1 1.5 3 3 3 2 
774 2 1 1 1 1 1 3 0 3 0 1 1 16 1 0 0 1 0 0 0 1 71 18 21 19 17 32 18 20 19 1 1 1 1 0 1.52 1 1 1 1 
1118 1 1 2 2 2 1 6 0 5 0 4 7 4 49 42 5 49 24 11 0 14 546 61 329 94 173 157 129 213 79 134 9 8 10 3 0.48 94 92 100 65 
1119 3 1 2 2 2 1 10 0 9 0 2 0 2 17 17 6 17 0 2 0 15 363 34 192 69 97 137 96 144 70 74 5 5 6 3 0.71 40 40 42 19 
771 4 3 4 4 4 1 17 1 15 1 4 6 22 36 30 12 36 7 17 0 12 1043 102 643 184 413 299 338 497 199 298 23 23 25 5 0.47 138 138 147 46 
779 0 0 2 2 2 1 5 0 5 0 1 0 0 16 16 4 16 0 0 0 16 224 26 113 46 48 85 54 82 43 39 5 5 6 2 0.75 26 26 28 18 
789 0 0 1 1 1 1 1 0 1 0 1 0 0 3 3 0 3 3 0 0 0 59 5 11 10 0 43 8 9 9 0 1 1 1 0 3.91 3 3 3 3 
787 1 4 3 3 3 1 11 0 9 0 1 3 2 16 13 2 16 2 7 1 6 363 31 198 83 107 135 116 155 86 69 7 7 7 3 0.68 40 40 42 16 
786 1 5 3 3 3 1 15 1 13 1 1 3 1 12 9 2 12 2 2 1 7 375 32 207 85 118 137 130 164 85 79 7 7 7 3 0.66 32 32 35 14 
788 1 3 2 2 3 1 11 0 9 1 2 0 1 22 22 7 22 6 5 5 6 474 54 269 114 139 152 142 195 100 95 11 11 11 5 0.57 52 52 56 30 
1051 0 0 3 3 3 1 13 0 11 1 2 1 1 10 9 4 10 1 3 4 2 252 21 142 53 76 92 67 103 48 55 9 9 9 5 0.65 27 27 28 13 
1054 1 2 3 3 4 2 22 1 16 4 1 0 0 8 8 6 8 1 1 3 3 279 27 173 86 94 79 107 136 82 54 8 8 8 4 0.46 26 26 28 15 
1055 3 3 2 2 2 1 12 0 9 2 2 0 1 17 17 5 17 1 9 6 1 381 32 200 73 112 153 97 136 71 65 6 4 6 3 0.77 38 36 39 17 
1052 0 0 1 1 1 1 1 0 1 0 1 0 0 1 1 0 1 1 0 0 0 28 4 5 5 0 19 4 5 5 0 1 1 1 0 3.8 1 1 1 1 
1053 0 0 2 2 2 1 10 0 8 1 4 0 1 8 8 3 8 4 1 0 3 141 17 77 30 38 47 38 56 33 23 5 5 5 4 0.61 16 16 17 11 
767 0 0 3 3 3 2 11 0 10 1 1 0 1 7 7 1 7 1 0 0 6 147 13 86 30 44 48 42 68 35 33 3 3 4 2 0.56 19 19 21 11 
766 1 3 2 2 2 1 9 0 8 0 2 0 1 15 15 2 15 0 1 2 12 276 25 166 69 76 85 85 126 68 58 4 4 4 2 0.51 33 33 35 19 
782 1 4 3 3 3 1 14 0 12 1 3 3 2 23 20 2 23 3 9 1 10 482 40 312 105 183 132 166 234 110 124 8 8 8 3 0.42 69 69 74 32 
781 1 5 3 3 4 2 18 1 15 1 2 1 1 18 17 9 18 0 6 2 10 516 53 349 139 197 115 200 265 134 131 9 9 9 5 0.33 58 58 63 34 
783 0 0 2 2 3 1 9 0 8 0 2 0 2 19 19 8 19 5 3 5 6 349 41 218 100 99 91 117 157 84 73 7 7 8 4 0.42 40 40 49 23 
1058 0 0 4 4 5 1 28 1 19 8 1 1 1 5 4 5 5 2 1 1 1 226 20 128 53 71 81 71 96 52 44 13 11 13 4 0.63 22 20 23 5 
745 0 0 1 1 1 1 3 0 3 0 1 0 1 9 9 3 9 2 0 0 7 92 14 45 21 16 33 24 35 21 14 2 2 2 1 0.73 11 11 11 9 
748 0 0 2 2 2 1 5 0 5 0 1 0 2 8 8 3 8 0 0 5 3 144 17 51 20 23 76 26 38 20 18 3 3 4 2 1.49 12 12 13 8 
742 0 0 1 1 2 1 3 0 3 0 1 0 0 4 4 1 4 0 0 0 4 50 7 22 10 6 21 8 14 8 6 2 2 2 1 0.95 5 5 6 4 
743 0 0 2 2 3 2 12 0 10 0 2 0 1 15 15 5 15 0 4 2 9 368 31 202 73 112 136 103 142 67 75 5 5 5 3 0.67 37 35 39 24 
739 0 0 1 1 1 1 3 0 3 0 1 1 2 9 8 0 9 0 1 0 8 76 14 40 18 14 22 16 28 16 12 3 3 4 1 0.55 11 11 12 11 
968 0 0 1 1 1 1 2 0 2 0 1 0 1 8 8 1 8 0 0 0 8 108 14 31 16 8 63 14 23 16 7 2 2 2 0 2.03 9 9 9 8 
747 0 0 2 2 2 1 4 0 4 0 1 0 1 5 5 1 5 0 0 0 5 91 12 35 15 12 44 14 23 12 11 3 3 3 1 1.26 8 8 9 7 
749 0 0 1 1 1 1 3 0 3 0 1 0 1 3 3 0 3 0 0 0 3 67 8 20 14 4 39 12 16 13 3 1 1 1 0 1.95 3 3 3 3 
738 0 0 2 2 2 1 6 0 6 0 6 0 0 27 27 8 27 0 8 1 18 341 39 198 71 93 104 90 146 75 71 4 4 5 3 0.53 46 46 49 34 
740 0 0 1 1 1 1 1 0 1 0 1 0 0 8 8 0 8 8 0 0 0 124 11 15 14 0 98 13 14 14 0 1 1 1 0 6.53 8 8 8 8 
744 0 0 1 1 1 1 1 0 1 0 1 0 0 4 4 0 4 4 0 0 0 64 6 9 8 0 49 7 8 8 0 1 1 1 0 5.44 4 4 4 4 
750 0 0 3 3 3 2 10 0 10 0 1 0 1 6 6 2 6 0 1 0 5 145 14 76 27 41 55 36 52 26 26 7 7 7 2 0.72 15 15 16 11 
969 0 0 1 1 1 1 3 0 3 0 1 0 0 1 1 0 1 0 0 0 1 27 2 5 3 1 20 2 4 3 1 1 1 1 0 4 1 1 1 1 
736 1 2 2 2 3 2 9 0 7 1 1 0 1 22 22 8 22 0 1 4 17 361 47 207 69 96 107 102 152 63 89 5 5 7 3 0.52 49 49 55 35 
735 0 0 2 2 2 1 6 0 6 0 2 0 1 6 6 0 6 0 0 4 2 102 8 52 27 20 42 27 37 25 12 2 2 3 1 0.81 9 9 10 6 
734 0 0 3 2 3 1 11 0 10 0 2 0 1 19 19 9 19 0 2 1 16 390 43 250 97 127 97 141 191 98 93 12 12 13 3 0.39 48 46 53 27 
967 0 0 1 1 1 1 3 0 2 0 1 0 0 3 3 0 3 0 0 0 3 55 6 15 11 1 34 7 11 10 1 1 1 1 0 2.27 3 3 3 3 
761 1 5 3 3 3 1 10 0 9 0 2 0 1 28 28 3 28 6 5 1 16 509 38 299 98 163 172 146 216 99 117 6 6 6 4 0.58 74 74 82 41 
755 0 0 2 2 2 2 11 0 10 0 11 1 1 52 51 7 52 5 12 4 31 736 93 501 136 281 142 225 336 147 189 7 7 9 3 0.28 116 116 125 92 
758 2 3 4 4 4 2 17 1 15 0 1 0 1 7 7 2 7 1 2 0 4 194 23 133 51 76 38 78 109 56 53 7 7 8 3 0.29 26 26 28 15 
762 0 0 3 3 3 1 13 0 12 0 2 1 1 12 11 2 12 1 6 1 4 289 24 185 67 109 84 106 140 60 80 8 8 8 3 0.45 33 33 35 12 
1062 0 0 3 3 4 1 17 1 14 2 2 1 1 17 16 5 17 5 8 1 3 438 40 255 91 143 144 120 176 89 87 8 8 9 4 0.56 53 53 60 17 
757 0 0 2 2 2 1 5 0 5 0 2 0 1 16 16 7 16 8 2 0 6 273 29 123 51 54 121 61 86 46 40 6 6 6 4 0.98 29 27 30 21 
759 0 0 4 4 5 2 16 0 16 0 1 3 1 11 8 0 11 1 6 0 4 313 20 208 77 117 89 95 140 66 74 10 10 12 8 0.43 47 47 55 20 
756 1 5 3 3 4 2 14 0 12 2 2 2 3 24 22 13 24 0 7 3 14 581 51 359 124 194 174 179 260 118 142 19 19 20 5 0.48 82 82 92 44 
763 0 0 0 0 0 0 0 0 0 0 1 0 0 0 0 21 0 0 0 0 0 80 10 27 26 21 43 25 26 26 0 0 0 0 0 1.59 0 0 0 0 
760 1 3 2 2 2 1 7 0 6 0 2 1 0 14 13 2 14 1 0 1 12 204 20 118 39 57 67 52 80 39 41 4 4 4 2 0.57 29 29 29 18 
970 1 5 5 4 5 2 22 1 18 2 6 2 8 21 19 14 21 0 2 0 19 696 83 433 129 266 183 224 328 141 187 31 31 33 3 0.42 95 91 103 47 
754 2 5 3 3 3 1 12 0 9 1 3 2 12 60 58 15 60 13 17 2 28 1496 126 657 194 378 715 322 474 189 285 9 9 10 4 1.09 157 156 178 78 
971 2 1 1 1 1 1 4 0 4 0 1 0 0 7 7 1 7 1 0 0 6 122 11 42 24 13 69 20 29 20 9 2 2 2 1 1.64 8 8 8 7 
1061 0 0 1 1 1 1 2 0 2 0 12 0 0 71 73 29 73 17 0 0 56 385 86 276 120 85 25 119 193 112 81 1 1 1 0 0.09 73 73 73 73 
1060 0 0 3 3 3 1 15 1 13 0 4 4 1 19 15 4 19 0 6 0 13 342 45 263 73 172 36 120 167 75 92 13 13 14 2 0.14 55 50 60 23 
1092 0 0 4 4 4 1 22 2 19 1 1 0 0 3 3 4 3 0 0 0 3 123 19 76 30 40 28 40 51 28 23 9 9 10 2 0.37 11 11 12 3 
1095 1 3 1 1 1 1 3 0 3 0 1 0 0 29 29 12 29 0 0 0 29 342 50 157 79 48 135 87 117 70 47 1 1 1 0 0.86 29 29 29 29 
1093 3 2 1 1 1 1 6 0 6 0 8 7 0 18 11 2 18 0 1 8 9 217 19 98 27 53 100 36 56 32 24 4 4 4 2 1.02 21 21 21 21 
1096 0 0 1 1 1 1 1 0 1 0 1 0 0 1 1 0 1 1 0 0 0 36 4 5 4 0 27 3 4 4 0 1 1 1 0 5.4 1 1 1 1 
1097 0 0 2 2 2 1 9 0 7 1 1 0 0 3 3 2 3 0 0 0 3 83 11 30 11 14 42 14 21 11 10 4 4 5 2 1.4 6 6 7 3 
1099 0 0 3 3 3 1 15 0 14 0 1 0 2 2 2 0 2 0 0 0 2 76 8 39 16 21 29 23 30 16 14 5 5 5 2 0.74 6 6 6 2 
1098 2 3 3 3 3 1 26 1 23 2 1 0 3 5 5 4 5 0 0 0 5 266 23 134 42 95 109 53 73 34 39 8 8 10 4 0.81 15 15 17 5 
1094 0 0 0 0 0 0 0 0 0 0 1 0 0 0 0 0 0 0 0 0 0 24 1 3 2 0 20 1 2 2 0 0 0 0 0 6.67 0 0 0 0 
46 1 4 2 2 2 1 7 0 7 0 1 0 0 22 22 4 22 0 0 0 22 386 32 173 39 93 181 71 133 50 83 6 6 6 3 1.05 46 46 50 22 
848 0 0 3 3 3 2 12 0 11 1 1 0 0 21 21 3 21 9 2 1 9 423 44 253 68 151 126 114 182 67 115 9 9 9 3 0.5 62 62 68 37 
849 0 0 2 2 2 1 7 0 6 0 1 0 0 7 7 4 7 1 0 0 6 94 13 57 17 28 25 28 42 17 25 4 4 5 1 0.44 13 13 15 9 
707 0 0 2 2 2 1 7 0 7 0 3 0 0 9 9 7 9 0 2 0 7 181 20 78 24 45 83 34 52 23 29 4 4 5 2 1.06 18 18 21 9 
1123 1 1 1 1 1 1 1 0 1 0 1 0 0 5 5 0 5 0 0 0 5 38 8 10 10 0 20 4 10 10 0 1 1 1 0 2 5 5 5 5 
708 1 2 3 3 3 2 15 0 13 1 4 2 1 16 14 12 16 2 4 0 10 409 41 263 69 154 105 131 183 68 115 5 5 6 3 0.4 48 48 52 34 
706 0 0 1 1 1 1 1 0 1 0 3 0 0 5 5 0 5 5 0 0 0 95 12 13 10 0 70 7 10 10 0 1 1 1 0 5.38 5 5 5 5 
933 0 0 1 1 1 1 1 0 1 0 1 0 0 1 1 0 1 1 0 0 0 39 4 5 4 0 30 3 4 4 0 1 1 1 0 6 1 1 1 1 
25 1 3 2 1 2 1 5 0 5 0 1 0 7 30 30 5 30 4 0 8 18 417 42 176 54 95 199 74 114 53 61 7 2 7 1 1.13 53 44 55 30 
45 0 0 1 1 1 1 1 0 1 0 1 0 0 8 8 0 8 8 0 0 0 89 9 12 11 0 68 10 11 11 0 1 1 1 0 5.67 8 8 8 8 
462 0 0 1 1 1 1 1 0 1 0 1 0 0 1 1 0 1 1 0 0 0 30 2 4 3 0 24 2 3 3 0 1 1 1 0 6 1 1 1 1 
33 0 0 1 1 1 1 3 0 3 0 1 0 0 2 2 0 2 0 0 0 2 47 4 9 4 2 34 3 6 4 2 1 1 1 0 3.78 2 2 2 2 
26 0 0 1 1 1 1 1 0 1 0 1 0 0 4 4 0 4 4 0 0 0 57 5 7 6 0 45 5 6 6 0 1 1 1 0 6.43 4 4 4 4 
27 0 0 1 1 1 1 1 0 1 0 1 0 0 4 4 0 4 4 0 0 0 65 6 11 10 0 48 7 8 8 0 1 1 1 0 4.36 4 4 4 4 
44 0 0 2 2 2 1 8 0 7 1 1 0 2 11 11 2 11 0 1 0 10 232 21 95 34 44 116 47 73 35 38 3 3 3 2 1.22 18 18 18 13 
39 1 7 2 2 2 1 11 0 9 1 1 1 0 31 30 6 31 0 0 5 26 614 65 303 80 171 247 130 202 65 137 8 8 9 5 0.82 70 70 76 34 
63 0 0 1 1 1 1 3 0 3 0 1 0 2 9 9 2 9 0 0 0 9 120 18 48 22 19 54 23 34 21 13 2 2 3 1 1.13 10 10 11 9 
463 0 0 1 1 1 1 3 0 3 0 1 0 0 2 2 1 2 0 0 0 2 47 6 11 6 2 30 5 8 6 2 1 1 1 0 2.73 2 2 2 2 
850 0 0 1 1 2 1 6 0 6 0 3 0 3 26 26 4 26 3 1 0 22 365 40 163 46 94 162 76 115 50 65 4 4 7 2 0.99 37 37 41 28 
32 0 0 1 1 1 1 3 0 3 0 1 0 0 2 2 0 2 0 0 0 2 47 4 9 4 2 34 3 6 4 2 1 1 1 0 3.78 2 2 2 2 
35 0 0 1 1 1 1 3 0 3 0 1 0 1 9 9 2 9 0 0 0 9 119 17 39 20 11 63 19 29 20 9 1 1 1 0 1.62 9 9 9 9 
28 0 0 2 2 2 1 7 0 6 0 1 0 0 53 53 9 53 0 0 3 50 914 79 397 109 212 438 172 277 103 174 15 15 17 6 1.1 96 96 100 62 
36 0 0 1 1 1 1 1 0 1 0 1 0 0 4 4 0 4 4 0 0 0 67 6 10 9 0 51 7 8 8 0 1 1 1 0 5.1 4 4 4 4 
464 1 6 6 6 6 4 29 2 17 9 2 5 0 10 5 0 10 6 4 0 0 375 37 195 43 113 147 73 140 52 88 23 23 27 6 0.75 55 55 64 36 
24 0 0 1 1 1 1 4 0 4 0 1 0 0 15 15 4 15 0 0 0 15 209 23 74 30 27 112 36 54 28 26 2 2 2 1 1.51 16 16 16 15 
37 3 6 2 2 2 1 10 0 8 1 2 0 1 52 52 6 52 0 1 0 51 994 101 478 154 258 415 205 322 132 190 19 19 21 5 0.87 104 104 113 68 
40 4 9 4 4 4 2 20 2 15 2 3 0 2 63 63 21 63 1 23 3 36 1872 216 1024 268 657 634 463 728 266 462 22 22 24 5 0.62 223 223 245 104 
43 0 0 1 1 1 1 3 0 3 0 1 0 0 2 2 0 2 0 0 0 2 48 4 9 4 2 35 3 6 4 2 1 1 1 0 3.89 2 2 2 2 
42 0 0 3 3 3 1 8 0 8 0 1 0 0 11 11 2 11 0 1 0 10 196 18 103 33 50 75 36 78 40 38 4 4 4 2 0.73 32 32 32 13 
38 1 3 1 1 1 1 1 0 1 0 1 0 0 9 9 0 9 9 0 0 0 126 13 21 20 0 92 14 15 15 0 1 1 1 0 4.38 9 9 9 9 
64 0 0 4 4 4 2 15 0 14 0 3 1 2 24 23 5 24 0 6 2 16 598 41 366 100 209 191 158 257 101 156 18 18 19 6 0.52 93 93 107 52 
929 0 0 4 4 4 2 16 0 15 1 2 3 7 14 11 6 14 0 10 0 4 321 22 221 52 138 78 109 160 56 104 8 8 9 4 0.35 51 51 52 22 
129 0 0 1 1 1 1 5 0 5 0 1 0 2 8 8 2 8 0 0 0 8 160 17 65 34 28 78 40 50 32 18 3 3 3 1 1.2 10 10 10 8 
128 1 2 3 3 3 2 11 0 10 0 1 0 1 8 8 2 8 0 0 0 8 223 19 103 38 55 101 56 78 40 38 6 6 7 2 0.98 22 22 24 12 
846 0 0 1 1 1 1 3 0 3 0 1 0 2 11 11 0 11 0 2 0 9 125 18 43 20 13 64 19 31 20 11 1 1 1 0 1.49 11 11 11 11 
130 0 0 1 1 1 1 3 0 3 0 1 0 0 6 6 2 6 0 0 0 6 106 11 30 16 9 65 16 23 16 7 1 1 1 0 2.17 6 6 6 6 
558 0 0 3 3 3 1 16 0 13 1 1 0 2 7 7 5 7 0 2 0 5 240 23 115 27 68 102 46 69 26 43 6 6 6 2 0.89 21 21 21 7 
930 0 0 1 1 1 1 1 0 1 0 1 0 0 3 3 0 3 3 0 0 0 52 5 7 6 0 40 5 6 6 0 1 1 1 0 5.71 3 3 3 3 
931 0 0 1 1 1 1 1 0 1 0 1 0 0 1 1 0 1 1 0 0 0 41 3 5 4 0 33 3 4 4 0 1 1 1 0 6.6 1 1 1 1 
847 0 0 1 1 1 1 1 0 1 0 1 0 0 2 2 0 2 2 0 0 0 46 4 5 4 0 37 3 4 4 0 1 1 1 0 7.4 2 2 2 2 
981 0 0 2 2 2 1 9 0 8 1 1 0 2 4 4 4 4 0 1 0 3 113 13 51 24 23 49 30 41 25 16 4 4 5 4 0.96 8 8 9 4 
978 1 2 3 3 4 2 16 0 15 0 1 1 1 12 11 6 12 0 6 0 6 366 26 214 57 137 128 100 146 51 95 8 8 9 3 0.6 40 40 46 27 
975 2 3 2 2 2 1 11 0 11 0 5 0 3 24 24 4 24 3 1 10 10 495 39 275 70 180 182 138 195 73 122 6 6 9 4 0.66 51 51 56 30 
982 0 0 1 1 1 1 3 0 3 0 1 0 0 9 9 3 9 0 0 0 9 108 15 39 18 11 54 19 29 18 11 1 1 1 0 1.38 9 9 9 9 
977 0 0 1 1 1 1 1 0 1 0 1 0 0 1 1 0 1 1 0 0 0 30 2 4 3 0 24 2 3 3 0 1 1 1 0 6 1 1 1 1 
976 0 0 3 3 3 1 9 0 9 0 1 3 1 4 1 0 4 0 1 0 3 98 8 48 13 24 42 19 31 13 18 7 7 7 2 0.88 11 11 11 4 
974 0 0 3 3 3 2 24 1 16 6 1 0 2 2 2 0 2 0 0 0 2 97 11 44 15 25 42 24 32 15 17 5 5 5 2 0.95 6 6 6 4 
973 0 0 3 3 3 1 17 0 15 1 1 0 1 5 5 3 5 0 2 1 2 168 14 99 42 56 55 58 75 40 35 7 7 8 3 0.56 13 13 14 5 
983 1 2 2 2 2 1 8 0 7 1 1 0 1 3 3 0 3 0 0 1 2 82 8 32 15 14 42 15 21 14 7 3 3 3 2 1.31 5 5 5 3 
980 0 0 1 1 1 1 6 0 6 0 1 1 0 3 2 3 3 0 1 0 2 69 8 30 15 11 31 18 23 15 8 2 2 2 1 1.03 4 4 4 3 
979 0 0 1 1 1 1 3 0 3 0 1 0 0 3 3 2 3 0 0 0 3 47 6 16 8 4 25 8 12 8 4 1 1 1 0 1.56 3 3 3 3 
68 0 0 1 1 1 1 3 0 3 0 1 0 0 8 8 0 8 4 0 0 4 106 14 36 19 13 56 21 28 19 9 3 3 3 3 1.56 10 10 10 10 
711 0 0 1 1 1 1 4 0 3 0 1 4 2 16 12 2 16 8 2 0 6 142 25 77 35 30 40 38 57 35 22 2 2 4 1 0.52 18 18 20 16 
712 0 0 2 2 2 1 6 0 5 0 1 3 4 12 9 1 12 5 1 0 6 175 21 85 32 44 69 47 67 34 33 4 4 4 2 0.81 19 19 19 14 
709 0 0 2 2 2 1 6 0 5 0 1 1 2 10 9 2 10 3 1 0 6 142 20 71 26 33 51 31 48 25 23 3 3 4 2 0.72 16 16 17 12 
710 0 0 2 2 2 1 6 0 6 0 1 2 1 13 11 3 13 4 2 0 7 179 19 106 34 53 54 51 75 34 41 4 4 6 2 0.51 22 22 25 15 
916 0 0 1 1 1 1 3 0 3 0 1 0 0 4 4 1 4 3 0 0 1 60 8 23 13 6 29 13 18 13 5 2 2 2 0 1.26 5 5 5 4 
67 1 7 3 2 3 2 8 0 8 0 1 27 5 49 22 0 49 2 13 0 34 757 61 456 116 272 240 198 292 111 181 27 16 27 5 0.53 127 94 133 109 
950 0 0 1 1 1 1 3 0 3 0 1 1 1 15 14 1 15 1 0 2 12 119 20 79 45 20 20 35 52 35 17 2 2 2 1 0.25 16 16 16 15 
949 0 0 1 1 1 1 4 0 4 0 2 0 1 21 21 4 21 4 2 2 13 215 34 119 42 52 62 48 79 36 43 3 3 3 2 0.52 29 29 29 21 
948 0 0 3 3 3 3 13 0 12 0 1 0 1 6 6 1 6 0 0 0 6 145 11 100 37 52 34 48 67 32 35 6 6 6 3 0.34 19 19 20 16 
166 1 3 2 2 2 1 6 0 6 0 1 1 0 9 8 2 9 0 0 0 9 177 16 65 24 35 96 34 50 24 26 5 5 6 2 1.48 15 15 17 11 
943 0 0 1 1 1 1 1 0 1 0 1 0 0 2 2 0 2 2 0 0 0 44 5 6 6 0 33 4 5 5 0 1 1 1 0 5.5 2 2 2 2 
941 0 0 2 2 2 1 10 0 9 0 1 1 0 8 7 0 8 1 0 0 7 170 17 88 38 42 65 45 66 35 31 4 4 4 3 0.74 17 17 17 8 
945 0 0 1 1 1 1 1 0 1 0 1 0 0 3 3 0 3 3 0 0 0 59 6 7 7 0 46 6 7 7 0 1 1 1 0 6.57 3 3 3 3 
947 1 3 2 2 2 1 6 0 6 0 1 0 0 4 4 0 4 1 0 0 3 79 8 34 18 13 37 16 25 17 8 4 4 4 3 1.09 7 7 7 4 
146 0 0 1 1 1 1 1 0 1 0 1 0 0 1 1 0 1 1 0 0 0 34 4 5 4 0 25 3 4 4 0 1 1 1 0 5 1 1 1 1 
154 0 0 1 1 1 1 3 0 3 0 1 0 0 2 2 1 2 0 0 1 1 49 5 13 7 3 31 5 8 5 3 1 1 1 0 2.38 2 2 2 2 
145 0 0 1 1 1 1 1 0 1 0 1 0 0 7 7 0 7 7 0 0 0 90 11 18 17 0 61 16 17 17 0 1 1 1 0 3.39 7 7 7 7 
168 0 0 3 3 3 1 14 0 11 1 1 2 0 12 10 4 12 0 1 1 10 308 30 166 58 91 112 71 112 51 61 13 13 17 4 0.67 37 37 41 12 
163 0 0 1 1 1 1 4 0 4 0 1 0 0 8 8 0 8 0 0 0 8 104 12 47 22 15 45 17 28 16 12 2 2 2 1 0.96 10 10 10 8 
164 0 0 1 1 1 1 1 0 1 0 1 0 0 5 5 0 5 5 0 0 0 68 8 11 10 0 49 8 9 9 0 1 1 1 0 4.45 5 5 5 5 
152 0 0 1 1 1 1 1 0 1 0 1 0 0 13 13 0 13 13 0 0 0 136 16 21 20 0 99 19 20 20 0 1 1 1 0 4.71 13 13 13 13 
153 0 0 1 1 1 1 1 0 1 0 1 0 0 10 10 0 10 10 0 0 0 109 13 16 15 0 80 14 15 15 0 1 1 1 0 5 10 10 10 10 
158 1 7 3 3 3 1 18 1 14 2 1 2 2 23 21 8 23 8 2 0 13 687 82 374 113 238 231 195 280 111 169 11 11 12 4 0.62 76 76 77 31 
159 1 6 2 2 2 1 7 0 6 0 1 0 1 32 32 5 32 9 4 0 19 484 47 243 88 120 194 109 174 84 90 4 4 4 4 0.8 58 58 63 36 
147 0 0 1 1 1 1 1 0 1 0 1 0 0 2 2 0 2 2 0 0 0 43 5 6 5 0 32 4 5 5 0 1 1 1 0 5.33 2 2 2 2 
155 0 0 1 1 1 1 2 0 2 0 1 0 0 4 4 2 4 0 0 2 2 68 8 15 9 3 45 9 12 9 3 1 1 1 0 3 4 4 4 4 
944 0 0 1 1 1 1 1 0 1 0 1 0 0 15 15 0 15 15 0 0 0 200 20 35 34 0 145 23 24 24 0 1 1 1 0 4.14 15 15 15 15 
942 2 6 2 2 2 1 11 0 10 0 2 2 1 36 34 8 36 2 1 21 12 826 71 409 165 240 346 195 272 134 138 8 8 8 3 0.85 78 78 82 52 
936 1 5 2 2 2 1 9 0 9 0 9 0 2 39 39 11 39 0 0 9 30 732 70 414 175 200 248 187 264 135 129 9 9 10 5 0.6 64 64 65 43 
938 0 0 2 2 2 1 7 0 6 0 3 0 2 60 60 7 60 1 4 13 42 779 89 435 168 197 255 166 267 129 138 4 4 4 2 0.59 97 97 99 62 
167 1 2 1 1 1 1 4 0 4 0 1 1 0 6 5 1 6 0 0 0 6 106 10 31 14 12 65 15 22 12 10 1 1 1 0 2.1 6 6 6 6 
157 2 6 2 2 2 1 11 0 9 0 1 0 0 42 42 5 42 0 5 0 37 862 64 451 144 261 347 210 318 137 181 13 13 13 3 0.77 99 99 100 52 
151 0 0 2 2 2 1 7 0 7 0 1 0 1 24 24 0 24 0 2 1 21 373 34 214 91 104 125 98 140 75 65 3 3 3 2 0.58 41 41 41 26 
839 0 0 1 1 1 1 3 0 3 0 1 0 0 3 3 2 3 0 0 0 3 65 8 16 8 4 41 8 12 8 4 1 1 1 0 2.56 3 3 3 3 
149 0 0 1 1 1 1 5 0 5 0 1 0 1 16 16 0 16 0 0 1 15 241 25 113 60 48 103 63 85 54 31 3 3 3 2 0.91 22 22 22 18 
559 0 0 3 3 4 1 15 0 12 2 1 0 1 5 5 1 5 0 0 1 4 142 14 87 40 34 41 38 60 34 26 6 6 6 4 0.47 17 17 18 7 
161 0 0 1 1 1 1 4 0 3 0 1 0 0 17 17 4 17 0 0 0 17 201 27 87 47 23 87 40 59 38 21 2 2 2 1 1 18 18 20 17 
165 0 0 2 2 2 1 6 0 6 0 1 0 0 11 11 4 11 0 2 0 9 195 20 85 32 40 90 41 61 31 30 3 3 3 2 1.06 19 19 19 11 
939 0 0 3 3 3 2 13 0 12 0 2 0 1 20 20 10 20 0 2 14 4 558 43 293 97 170 222 137 196 87 109 14 14 17 4 0.76 56 56 60 36 
946 0 0 3 3 3 1 25 2 20 1 1 0 1 5 5 0 5 0 2 3 0 227 23 122 56 78 82 75 91 48 43 7 7 7 2 0.67 15 15 15 7 
937 0 0 6 6 7 3 36 2 27 6 1 0 1 9 9 0 9 0 5 4 0 525 37 279 94 172 209 140 204 87 117 16 16 18 5 0.75 54 54 63 25 
940 1 5 8 8 10 1 56 3 40 12 1 0 1 9 9 0 9 0 1 8 0 667 46 394 130 268 227 208 292 115 177 46 46 55 5 0.58 74 74 86 12 
148 0 0 1 1 1 1 1 0 1 0 1 0 0 1 1 0 1 1 0 0 0 59 4 5 4 0 50 3 4 4 0 1 1 1 0 10 1 1 1 1 
935 0 0 1 1 2 1 4 0 4 0 1 0 0 4 4 2 4 0 0 0 4 85 11 25 13 8 49 13 19 12 7 2 2 3 1 1.96 5 5 6 4 
1100 0 0 2 2 3 2 8 0 8 0 4 0 0 13 13 5 13 1 2 5 5 223 31 139 48 76 58 63 94 38 56 6 6 7 2 0.42 28 28 36 24 
21 0 0 2 2 2 1 8 0 7 0 1 0 1 31 31 5 31 0 1 12 18 530 51 276 92 130 203 121 193 84 109 6 6 6 3 0.74 66 66 68 36 
22 0 0 1 1 1 1 1 0 1 0 1 0 0 8 8 0 8 8 0 0 0 109 13 24 23 0 72 17 18 18 0 1 1 1 0 3 8 8 8 8 
23 0 0 2 2 2 1 7 0 6 0 1 0 0 11 11 3 11 0 0 1 10 215 19 93 43 40 103 47 65 34 31 3 3 3 2 1.11 17 17 18 11 
19 0 0 2 2 2 1 4 0 4 0 1 0 0 4 4 1 4 0 0 0 4 70 7 24 12 7 39 12 18 12 6 3 3 3 1 1.63 6 6 6 4 
20 0 0 1 1 1 1 1 0 1 0 1 0 0 1 1 0 1 1 0 0 0 35 4 6 5 0 25 4 5 5 0 1 1 1 0 4.17 1 1 1 1 
985 1 2 5 5 5 2 20 1 18 1 1 2 7 14 12 7 14 0 7 0 7 407 41 312 94 188 55 158 233 92 141 19 19 20 5 0.18 69 67 74 26 
377 1 4 3 3 3 2 13 0 12 1 2 0 3 15 15 13 15 0 3 1 11 380 32 230 79 129 118 125 169 75 94 5 5 6 4 0.51 40 40 41 26 
826 0 0 3 3 3 2 15 1 13 0 1 2 0 7 5 2 7 0 3 0 4 167 24 110 29 66 33 52 77 29 48 7 7 7 4 0.3 24 24 24 17 
1063 0 0 1 1 1 1 2 0 2 0 1 0 0 11 11 5 11 0 0 0 11 134 17 47 26 10 70 24 36 26 10 1 1 1 0 1.49 11 11 11 11 
984 0 0 1 1 1 1 3 0 3 0 1 0 0 1 1 0 1 0 0 0 1 26 2 5 3 1 19 2 4 3 1 1 1 1 0 3.8 1 1 1 1 
988 0 0 1 1 1 1 3 0 3 0 1 0 0 1 1 2 1 0 0 0 1 30 4 7 5 1 19 4 6 5 1 1 1 1 0 2.71 1 1 1 1 
378 0 0 4 4 4 2 22 1 17 4 1 0 1 9 9 2 9 1 4 0 4 341 27 187 71 108 127 98 130 59 71 10 10 10 5 0.68 32 32 33 20 
379 0 0 1 1 1 1 7 0 6 0 1 0 1 10 10 6 10 0 0 0 10 207 26 94 45 36 87 43 58 32 26 3 3 3 2 0.93 14 14 14 10 
370 0 0 1 1 1 1 1 0 1 0 1 0 0 4 4 0 4 4 0 0 0 74 8 10 9 0 56 7 8 8 0 1 1 1 0 5.6 4 4 4 4 
372 0 0 2 2 2 2 9 0 8 0 1 0 0 4 4 3 4 0 0 0 4 119 12 44 17 21 63 24 35 18 17 3 3 3 2 1.43 9 9 9 8 
371 0 0 1 1 1 1 3 0 3 0 1 0 0 5 5 4 5 0 0 0 5 105 12 28 14 8 65 15 21 13 8 1 1 1 0 2.32 5 5 5 5 
383 0 0 2 2 2 2 5 0 5 0 2 0 0 9 11 7 11 0 0 0 11 154 16 78 30 35 60 40 59 30 29 4 4 4 2 0.77 19 19 19 16 
1064 0 0 1 1 1 1 1 0 1 0 1 0 0 2 2 0 2 2 0 0 0 51 5 10 10 0 36 7 8 8 0 1 1 1 0 3.6 2 2 2 2 
987 0 0 1 1 1 1 1 0 1 0 1 0 0 6 6 0 6 6 0 0 0 150 11 19 18 0 120 12 13 13 0 1 1 1 0 6.32 6 6 6 6 
986 0 0 1 1 1 1 1 0 1 0 1 0 0 2 2 0 2 2 0 0 0 64 6 13 12 0 45 7 8 8 0 1 1 1 0 3.46 2 2 2 2 
369 1 8 7 7 8 3 40 2 28 8 1 0 1 10 10 7 10 0 0 4 6 526 48 326 96 204 156 163 235 90 145 21 21 27 4 0.48 66 66 76 32 
373 0 0 2 2 2 2 11 0 8 3 1 0 0 4 4 3 4 0 0 1 3 104 12 51 26 19 41 27 35 23 12 3 3 3 2 0.8 7 7 8 6 
375 1 8 7 7 7 1 33 1 27 4 2 1 0 7 6 12 7 1 2 0 4 370 28 234 71 149 108 105 152 60 92 18 18 19 4 0.46 49 49 51 7 
376 0 0 1 1 1 1 5 0 5 0 1 0 0 5 5 4 5 0 0 1 4 111 14 42 20 14 55 22 30 18 12 2 2 2 1 1.31 7 7 7 5 
374 0 0 1 1 1 1 1 0 1 0 1 0 0 3 3 0 3 3 0 0 0 45 7 13 12 0 25 9 10 10 0 1 1 1 0 1.92 3 3 3 3 
380 0 0 6 6 7 3 58 4 40 13 1 0 1 10 10 10 10 0 1 3 6 755 64 459 141 312 237 236 306 118 188 16 16 20 5 0.52 63 63 74 32 
392 0 0 2 2 2 1 9 0 8 0 3 3 4 7 4 0 7 0 2 0 5 161 18 66 33 33 77 33 44 31 13 5 5 5 3 1.17 11 11 11 7 
