1 1 0 0 0 0 0 0 
2 0 0 0 0 0 0 0 
3 0 1 0 0 0 0 0 
4 1 0 0 0 0 0 0 
5 1 0 0 0 0 0 0 
6 1 0 0 0 0 0 0 
7 0 0 0 0 0 0 0 
8 1 0 0 0 0 0 0 
9 9 0 0 0 0 0 0 
10 0 0 0 0 0 0 0 
11 1 0 0 0 0 0 0 
12 0 0 0 0 0 0 0 
13 1 0 0 14 0 0 0 
14 0 0 0 0 0 0 0 
15 0 0 0 0 0 0 0 
16 1 0 0 0 0 0 0 
17 0 0 0 0 0 0 0 
18 1 0 0 0 0 0 0 
19 0 0 0 0 0 0 0 
20 0 0 0 0 0 0 0 
21 1 1 1 1 9 8 0 
22 1 0 0 0 0 0 0 
23 0 0 0 0 0 0 0 
24 1 0 0 15 0 0 0 
25 1 0 0 0 0 0 0 
26 1 0 0 0 0 0 0 
27 1 0 0 0 0 0 0 
28 1 0 0 0 0 0 0 
29 1 0 0 0 0 0 0 
30 0 0 0 0 0 0 0 
31 1 0 0 0 0 0 0 
32 0 0 0 0 0 0 0 
33 1 14 0 0 0 0 0 
34 1 0 0 0 0 0 0 
35 0 0 0 0 0 0 0 
36 1 0 0 0 0 0 0 
37 0 0 0 0 0 0 0 
38 0 0 0 0 0 0 0 
39 0 0 0 0 0 0 0 
40 1 11 0 0 0 0 0 
41 0 0 0 0 0 0 0 
42 1 20 0 2 0 0 0 
43 0 0 0 0 0 0 0 
44 2 12 0 0 0 0 0 
45 1 0 0 0 0 0 0 
46 0 0 0 0 0 0 0 
47 1 0 0 0 0 0 0 
48 1 1 0 0 0 37 0 
49 1 1 0 0 0 37 0 
50 1 0 0 0 0 0 0 
51 1 0 0 0 0 0 0 
52 1 0 0 0 0 0 0 
53 1 0 0 0 0 0 0 
54 1 0 0 0 0 0 0 
55 1 0 0 0 0 0 0 
56 1 0 0 0 0 0 0 
57 1 0 0 0 0 0 0 
58 1 0 0 0 0 0 0 
59 1 2 0 0 0 0 0 
60 4 0 0 0 0 0 0 
61 1 0 0 0 0 0 0 
62 0 0 0 0 0 0 0 
63 1 0 0 0 0 0 0 
64 1 0 0 0 0 0 0 
65 1 0 0 0 0 0 0 
66 1 0 0 0 0 0 0 
67 1 0 0 0 0 0 0 
68 0 0 0 0 0 0 0 
69 1 0 0 0 0 0 0 
70 0 0 0 0 0 0 0 
71 1 0 0 0 0 0 0 
72 1 0 0 0 0 0 0 
73 1 0 0 0 0 0 0 
74 1 0 0 0 0 0 0 
75 0 0 0 0 0 0 0 
76 1 0 0 0 0 0 0 
77 1 0 0 0 0 0 0 
78 1 0 0 0 0 0 0 
79 0 0 0 0 0 0 0 
80 0 0 0 0 0 0 0 
81 0 0 0 0 0 0 0 
82 0 0 0 0 0 0 0 
83 3 0 0 0 0 0 0 
84 0 0 0 0 0 0 0 
85 0 0 0 0 0 0 0 
86 1 0 0 0 0 0 0 
87 1 0 0 0 0 0 0 
88 0 0 0 0 0 0 0 
89 1 0 0 0 0 0 0 
90 0 0 0 0 0 0 0 
91 1 0 0 0 0 0 0 
92 0 0 0 0 0 0 0 
93 1 1 0 0 0 0 0 
94 1 1 0 0 0 0 0 
95 1 0 0 0 0 0 0 
96 1 0 0 0 0 0 0 
97 0 0 0 0 0 0 0 
98 1 0 0 0 0 0 0 
99 1 0 0 0 0 0 0 
100 2 10 0 0 0 0 0 
101 0 0 0 0 0 0 0 
102 1 0 0 0 0 0 0 
103 0 0 0 0 0 0 0 
104 0 0 0 0 0 0 0 
105 0 0 0 0 0 0 0 
106 1 2 0 0 0 0 0 
107 1 1 0 0 0 0 0 
108 1 0 0 0 0 0 0 
109 1 0 0 0 0 2 0 
110 1 10 2 0 0 0 0 
111 21 0 0 0 0 1 0 
112 2 0 0 0 0 44 0 
113 16 1 0 0 0 20 0 
114 1 0 0 0 0 0 0 
115 1 1 0 0 0 0 0 
116 0 0 0 0 0 0 0 
117 0 0 17 0 6 0 0 
118 1 0 0 0 0 0 0 
119 28 1 1 0 1 0 0 
120 1 0 0 0 0 0 0 
121 0 0 0 0 0 0 0 
122 2 0 10 0 0 0 0 
123 1 0 0 0 0 0 0 
124 0 0 0 0 0 0 0 
125 1 0 0 0 0 0 0 
126 1 0 0 0 0 0 0 
127 0 0 0 0 0 0 0 
128 1 2 0 1 0 6 0 
129 0 0 0 0 0 1 0 
130 1 2 0 0 0 0 0 
131 1 2 0 0 0 0 0 
132 1 0 0 0 0 0 0 
133 1 2 0 1 0 0 0 
134 1 0 0 0 0 0 0 
135 1 0 0 0 0 0 0 
136 1 0 0 0 0 0 0 
137 1 0 -1 0 -1 -1 -1 
138 1 0 0 0 0 0 0 
139 6 0 0 0 0 0 0 
140 1 0 2 0 0 0 0 
141 13 4 0 2 7 44 0 
142 1 0 0 0 0 0 0 
143 3 0 0 0 0 0 0 
144 1 0 0 0 0 0 0 
145 2 1 23 0 0 0 0 
146 2 1 1 0 0 19 0 
147 1 0 0 0 0 0 0 
148 1 0 0 0 0 0 0 
149 2 4 0 0 0 3 0 
150 1 0 4 0 0 1 0 
151 1 0 0 0 0 1 0 
152 1 1 0 0 0 0 0 
153 1 0 0 0 0 0 0 
154 1 0 0 0 0 0 0 
155 1 0 0 0 0 0 0 
156 1 2 0 0 0 0 0 
157 1 0 0 0 0 0 0 
158 1 0 0 0 0 0 0 
159 1 0 0 8 0 0 0 
160 1 0 0 0 0 0 0 
161 1 0 0 0 0 0 0 
162 1 0 0 0 0 0 0 
163 1 1 0 0 0 1 0 
164 0 0 0 0 0 0 0 
165 2 0 0 0 0 0 0 
166 1 0 0 0 0 0 0 
167 1 0 0 0 0 0 0 
168 1 0 0 0 0 0 0 
169 1 0 0 0 0 0 0 
170 1 0 0 0 0 0 0 
171 1 0 0 0 0 0 0 
172 1 1 0 0 0 0 0 
173 1 0 0 0 0 0 0 
174 1 1 0 1 0 0 0 
175 1 0 0 0 0 0 0 
176 1 1 0 0 0 0 0 
177 1 0 0 0 0 0 0 
178 0 0 0 0 0 0 0 
179 1 0 0 0 0 0 0 
180 1 0 0 0 0 0 0 
181 6 0 0 0 0 0 0 
182 1 0 0 0 0 0 0 
183 1 0 0 0 0 0 0 
184 1 0 0 0 0 0 0 
185 6 0 0 0 0 0 0 
186 1 0 0 0 0 0 0 
187 1 0 0 0 0 0 0 
188 1 0 0 0 0 0 0 
189 1 0 0 0 0 0 0 
190 1 0 0 0 0 0 0 
191 1 0 0 0 0 0 0 
192 1 0 0 0 0 0 0 
193 1 0 0 0 0 0 0 
194 1 0 0 0 0 0 0 
195 3 0 0 0 0 0 0 
196 2 0 0 0 0 0 0 
197 1 0 0 0 0 0 0 
198 1 0 0 0 0 0 0 
199 1 0 0 0 0 0 0 
200 1 0 0 0 0 0 0 
201 0 0 0 0 0 0 0 
202 0 0 0 0 0 0 0 
203 0 0 0 0 0 0 0 
204 0 0 0 0 0 0 0 
205 1 0 0 0 0 0 0 
206 2 11 0 0 0 0 0 
207 0 0 0 0 0 0 0 
208 0 0 0 0 0 0 0 
209 1 0 0 0 0 0 0 
210 0 0 0 0 0 0 0 
211 0 0 0 0 0 0 0 
212 1 0 0 0 0 0 0 
213 0 0 0 0 0 0 0 
214 -1 0 0 0 0 0 -1 
215 -1 0 0 0 0 0 -1 
216 -1 0 0 0 0 0 -1 
217 -1 0 0 0 0 0 -1 
218 -1 -1 0 -1 0 0 0 
219 -1 -1 0 1 0 2 0 
220 -1 -1 0 -1 0 0 0 
221 -1 -1 0 -1 0 14 0 
222 -1 -1 0 -1 0 0 0 
223 -1 -1 0 -1 0 0 0 
224 1 -1 0 -1 2 0 0 
225 1 -1 0 -1 4 0 0 
226 -1 -1 0 -1 6 0 0 
227 -1 -1 0 -1 0 0 0 
228 -1 -1 0 -1 0 0 0 
229 -1 -1 0 -1 0 0 0 
230 -1 -1 0 -1 0 0 0 
231 -1 -1 0 -1 0 0 0 
232 -1 -1 0 -1 0 0 0 
233 -1 1 0 -1 0 0 0 
234 -1 -1 0 -1 0 0 0 
235 -1 -1 0 -1 0 0 0 
236 -1 -1 0 -1 0 0 0 
237 -1 -1 0 -1 0 0 0 
238 -1 -1 0 -1 0 2 0 
239 -1 -1 0 -1 0 0 0 
240 4 -1 0 -1 0 0 0 
241 -1 1 0 -1 0 4 0 
242 -1 45 0 -1 2 0 0 
243 -1 1 0 -1 0 0 0 
244 1 13 0 -1 0 0 0 
245 -1 -1 0 -1 0 0 0 
271 -1 -1 -1 -1 0 0 0 
272 -1 -1 -1 -1 0 0 0 
273 -1 -1 -1 -1 0 3 0 
274 -1 -1 -1 -1 0 0 0 
275 -1 -1 -1 -1 0 0 0 
276 -1 -1 -1 -1 0 0 0 
309 -1 -1 -1 -1 -1 0 -1 
310 -1 -1 -1 -1 3 -1 0 
311 -1 -1 -1 -1 1 -1 0 
312 -1 -1 -1 -1 -1 4 0 
313 -1 -1 -1 -1 -1 5 0 
314 -1 -1 -1 -1 -1 -1 0 
315 -1 -1 -1 -1 -1 -1 0 
316 -1 -1 -1 -1 -1 34 0 
317 -1 -1 -1 -1 -1 -1 0 
318 -1 -1 -1 -1 -1 -1 0 
319 -1 -1 -1 -1 -1 -1 0 
320 -1 -1 -1 -1 -1 5 0 
321 -1 -1 -1 -1 -1 1 0 
322 -1 -1 -1 -1 -1 -1 0 
323 -1 -1 -1 -1 -1 -1 0 
324 -1 -1 -1 -1 1 -1 0 
325 -1 -1 -1 -1 -1 -1 0 
326 -1 -1 -1 -1 -1 20 0 
327 -1 -1 -1 -1 -1 -1 0 
328 -1 -1 -1 -1 -1 -1 0 
329 -1 -1 -1 -1 -1 9 0 
330 -1 -1 -1 -1 -1 -1 0 
331 -1 -1 -1 -1 -1 -1 0 
332 -1 -1 -1 -1 -1 -1 0 
333 -1 -1 -1 -1 -1 -1 0 
334 -1 -1 -1 -1 -1 2 0 
335 -1 -1 -1 -1 -1 -1 0 
336 -1 -1 -1 -1 -1 -1 0 
337 -1 -1 -1 -1 -1 3 0 
338 -1 -1 -1 -1 -1 -1 0 
339 -1 -1 -1 -1 -1 -1 0 
340 -1 -1 -1 -1 -1 -1 0 
341 -1 -1 -1 -1 -1 -1 0 
342 -1 -1 -1 -1 -1 -1 0 
343 -1 -1 -1 -1 -1 1 0 
255 -1 -1 2 -1 -1 -1 -1 
256 -1 -1 7 -1 -1 -1 -1 
257 -1 -1 4 2 -1 -1 -1 
253 -1 -1 3 1 -1 -1 6 
269 -1 -1 3 1 -1 -1 -1 
291 -1 -1 9 -1 -1 -1 -1 
258 -1 -1 2 31 -1 -1 4 
259 -1 -1 1 1 -1 3 11 
261 -1 -1 3 5 -1 -1 8 
262 -1 -1 4 -1 -1 -1 -1 
263 -1 -1 4 -1 -1 -1 -1 
265 -1 -1 13 5 -1 -1 7 
267 -1 -1 8 -1 -1 2 10 
268 -1 -1 8 -1 21 -1 10 
270 -1 -1 1 7 -1 -1 -1 
266 -1 -1 1 -1 -1 -1 -1 
246 -1 -1 5 -1 -1 -1 -1 
250 -1 -1 1 6 -1 2 2 
297 -1 -1 13 -1 -1 -1 -1 
281 -1 -1 1 -1 -1 -1 -1 
294 -1 -1 -1 5 1 -1 8 
254 -1 -1 -1 1 -1 -1 5 
279 -1 -1 -1 2 -1 -1 -1 
290 -1 -1 -1 6 -1 3 -1 
302 -1 -1 -1 1 -1 -1 -1 
292 -1 -1 -1 1 -1 -1 -1 
287 -1 -1 -1 1 -1 -1 -1 
286 -1 -1 -1 1 -1 -1 -1 
303 -1 -1 -1 -1 -1 1 -1 
298 -1 -1 -1 -1 -1 -1 -1 
