99 0 0 1 1 1 1 2 0 2 0 1 0 4 1 1 0 1 0 1 0 0 64 9 11 9 4 44 6 8 8 0 1 1 1 0 4 1 1 1 1 
342 1 1 2 2 2 1 5 0 5 0 1 0 0 4 4 2 4 0 0 0 4 66 10 28 11 10 28 12 19 9 10 3 3 3 1 1 6 6 6 4 
343 2 1 0 0 0 0 0 0 0 0 1 0 0 0 2 5 2 0 0 0 2 33 4 4 3 0 25 1 2 2 0 1 1 1 0 6.25 2 2 2 2 
105 0 0 1 1 1 1 1 0 1 0 1 0 0 7 7 0 7 7 0 0 0 130 12 14 13 0 104 10 11 11 0 1 1 1 0 7.43 7 7 7 7 
101 0 0 1 1 1 1 1 0 1 0 1 0 0 1 1 0 1 1 0 0 0 48 5 5 4 0 38 3 4 4 0 1 1 1 0 7.6 1 1 1 1 
100 0 0 2 2 2 1 7 0 7 0 1 0 0 6 6 1 6 0 0 0 6 144 14 55 21 22 75 24 37 17 20 3 3 3 1 1.36 12 12 12 6 
95 1 2 2 2 3 2 8 0 8 0 1 0 5 14 14 4 14 0 0 0 14 304 28 142 38 81 134 65 96 33 63 9 9 13 2 0.94 34 34 41 25 
109 8 1 1 1 2 1 4 0 4 0 1 0 0 17 17 5 17 0 0 0 17 237 27 99 35 41 111 43 67 27 40 3 3 3 1 1.12 24 24 26 17 
96 0 0 1 1 1 1 3 0 3 0 1 0 1 3 3 0 3 0 0 0 3 71 9 16 9 4 46 7 11 8 3 1 1 1 0 2.88 3 3 3 3 
106 0 0 2 2 2 2 6 0 6 0 1 0 1 5 5 1 5 0 0 0 5 89 14 45 20 20 30 23 33 16 17 4 4 4 2 0.67 9 9 9 8 
227 0 0 1 1 1 1 1 0 1 0 1 0 0 1 1 0 1 1 0 0 0 62 6 10 9 0 46 5 6 6 0 1 1 1 0 4.6 1 1 1 1 
97 0 0 1 1 1 1 1 0 1 0 1 0 0 2 2 0 2 2 0 0 0 44 6 6 5 0 32 4 5 5 0 1 1 1 0 5.33 2 2 2 2 
108 0 0 1 1 1 1 3 0 3 0 1 0 1 3 3 0 3 0 0 0 3 69 7 15 8 4 47 6 10 7 3 1 1 1 0 3.13 3 3 3 3 
98 0 0 1 1 1 1 3 0 3 0 1 0 1 3 3 0 3 0 0 0 3 71 8 16 9 4 47 7 11 8 3 1 1 1 0 2.94 3 3 3 3 
93 0 0 2 2 2 1 8 0 8 0 1 0 1 10 10 3 10 0 0 0 10 179 20 100 35 53 59 48 67 27 40 4 4 5 2 0.59 18 18 19 13 
107 0 0 2 2 2 1 7 0 7 0 1 0 1 7 7 3 7 0 0 0 7 113 15 68 27 32 30 33 47 21 26 4 4 5 2 0.44 13 13 15 10 
94 0 0 2 2 2 1 5 0 5 0 1 0 1 8 8 2 8 0 0 0 8 122 18 61 23 27 43 28 43 19 24 4 4 4 2 0.7 14 14 14 11 
103 0 0 0 0 0 0 0 0 0 0 1 0 3 0 0 0 0 0 0 0 0 69 7 7 6 3 55 5 6 6 0 0 0 0 0 7.86 0 0 0 0 
104 0 0 1 1 1 1 3 0 3 0 1 0 0 2 2 0 2 0 0 0 2 50 6 11 6 2 33 5 8 6 2 1 1 1 0 3 2 2 2 2 
102 0 0 2 2 2 1 6 0 6 0 1 2 0 3 1 0 3 0 1 0 2 83 9 27 11 11 47 11 18 9 9 3 3 3 1 1.74 6 6 6 3 
223 0 0 1 1 1 1 1 0 1 0 1 0 0 4 4 0 4 4 0 0 0 49 8 9 8 0 32 7 8 8 0 1 1 1 0 3.56 4 4 4 4 
46 1 1 1 1 1 1 1 0 1 0 1 0 0 3 3 0 3 3 0 0 0 101 8 21 20 0 72 11 12 12 0 1 1 1 0 3.43 3 3 3 3 
334 3 1 1 1 1 1 1 0 1 0 1 0 0 5 5 0 5 5 0 0 0 130 10 33 32 0 87 15 16 16 0 1 1 1 0 2.64 5 5 5 5 
335 1 2 1 1 1 1 1 0 1 0 1 0 0 2 2 0 2 0 0 0 2 53 4 6 5 0 43 4 5 5 0 1 1 1 0 7.17 2 2 2 2 
47 0 0 1 1 1 1 3 0 3 0 1 0 1 3 3 0 3 0 0 0 3 68 7 15 8 4 46 6 10 7 3 1 1 1 0 3.07 3 3 3 3 
56 0 0 1 1 1 1 3 0 3 0 1 0 1 4 4 0 4 0 0 0 4 61 11 20 10 6 30 9 14 9 5 1 1 1 0 1.5 4 4 4 4 
338 2 2 1 1 1 1 1 0 1 0 1 0 0 2 2 0 2 2 0 0 0 63 4 6 5 0 53 4 5 5 0 1 1 1 0 8.83 2 2 2 2 
82 0 0 1 1 1 1 1 0 1 0 1 0 0 4 4 0 4 4 0 0 0 71 9 10 9 0 52 8 9 9 0 1 1 1 0 5.2 4 4 4 4 
75 0 0 1 1 1 1 1 0 1 0 1 0 0 3 3 0 3 3 0 0 0 71 7 8 7 0 56 6 7 7 0 1 1 1 0 7 3 3 3 3 
85 0 0 1 1 1 1 1 0 1 0 1 0 0 10 10 0 10 10 0 0 0 281 16 42 41 0 223 19 20 20 0 1 1 1 0 5.31 10 10 10 10 
80 0 0 1 1 1 1 1 0 1 0 1 0 0 1 1 0 1 1 0 0 0 60 6 6 5 0 48 4 5 5 0 1 1 1 0 8 1 1 1 1 
77 0 0 1 1 1 1 3 0 3 0 1 0 1 2 2 1 2 0 0 0 2 52 8 14 8 4 30 7 10 7 3 1 1 1 0 2.14 2 2 2 2 
78 0 0 1 1 1 1 3 0 3 0 1 0 1 3 3 0 3 0 0 0 3 73 11 16 9 4 46 7 11 8 3 1 1 1 0 2.88 3 3 3 3 
76 0 0 1 1 1 1 3 0 3 0 1 0 1 3 3 0 3 0 0 0 3 70 8 16 9 4 46 7 11 8 3 1 1 1 0 2.88 3 3 3 3 
79 0 0 1 1 1 1 1 0 1 0 1 0 0 2 2 0 2 2 0 0 0 77 7 11 10 0 59 7 8 8 0 1 1 1 0 5.36 2 2 2 2 
218 1 1 1 1 1 1 1 0 1 0 1 0 0 2 2 0 2 2 0 0 0 81 6 16 15 0 59 8 9 9 0 1 1 1 0 3.69 2 2 2 2 
92 0 0 1 1 1 1 1 0 1 0 1 0 0 1 1 0 1 1 0 0 0 74 7 11 10 0 56 8 9 9 0 1 1 1 0 5.09 1 1 1 1 
84 0 0 1 1 1 1 1 0 1 0 1 0 0 1 1 0 1 1 0 0 0 54 6 6 5 0 42 4 5 5 0 1 1 1 0 7 1 1 1 1 
339 2 1 1 1 1 1 1 0 1 0 1 0 0 2 2 0 2 2 0 0 0 60 7 7 6 0 46 5 6 6 0 1 1 1 0 6.57 2 2 2 2 
81 0 0 1 1 1 1 1 0 1 0 1 0 0 1 1 0 1 1 0 0 0 58 5 5 4 0 48 3 4 4 0 1 1 1 0 9.6 1 1 1 1 
277 1 2 0 0 0 0 0 0 0 0 1 0 0 0 2 4 2 0 0 0 2 55 6 7 6 0 42 2 2 2 0 1 1 1 0 6 2 2 2 2 
278 0 0 0 0 0 0 0 0 0 0 1 0 32 0 0 0 0 0 0 0 0 75 8 37 36 32 30 34 35 35 0 0 0 0 0 0.81 0 0 0 0 
279 1 3 1 1 1 1 5 0 5 0 1 0 1 15 15 6 15 0 0 0 15 243 19 101 44 37 123 46 67 35 32 7 7 7 1 1.22 21 21 21 15 
280 0 0 1 1 1 1 3 0 3 0 1 0 1 2 2 0 2 0 0 0 2 48 6 12 6 4 30 6 9 6 3 1 1 1 0 2.5 2 2 2 2 
247 1 3 1 1 1 1 1 0 1 0 1 0 0 2 2 0 2 2 0 0 0 54 5 8 7 0 41 6 7 7 0 1 1 1 0 5.13 2 2 2 2 
281 2 2 1 1 1 1 1 0 1 0 1 0 0 4 4 0 4 4 0 0 0 81 7 9 8 0 65 6 7 7 0 1 1 1 0 7.22 4 4 4 4 
249 1 3 1 1 1 1 1 0 1 0 1 0 0 1 1 0 1 1 0 0 0 52 4 5 4 0 43 3 4 4 0 1 1 1 0 8.6 1 1 1 1 
282 1 2 1 1 1 1 3 0 3 0 1 0 1 2 2 0 2 0 0 0 2 48 5 11 5 4 32 5 8 5 3 1 1 1 0 2.91 2 2 2 2 
283 1 3 1 1 1 1 3 0 3 0 1 0 0 4 4 2 4 0 0 0 4 76 8 21 10 6 48 10 15 9 6 1 1 1 0 2.29 4 4 4 4 
284 0 0 1 1 1 1 1 0 1 0 1 0 0 3 3 0 3 3 0 0 0 60 6 9 8 0 45 7 8 8 0 1 1 1 0 5 3 3 3 3 
285 0 0 1 1 1 1 1 0 1 0 1 0 0 2 2 0 2 2 0 0 0 67 5 7 6 0 55 5 6 6 0 1 1 1 0 7.86 2 2 2 2 
226 0 0 2 2 2 1 7 0 7 0 1 0 1 4 4 1 4 1 0 0 3 102 12 41 18 17 49 19 28 16 12 3 3 3 2 1.2 8 8 8 4 
224 0 0 3 3 3 2 23 4 10 9 1 0 0 4 4 0 4 1 0 0 3 174 24 56 24 25 94 28 40 21 19 8 8 8 3 1.68 11 11 11 7 
225 0 0 1 1 1 1 4 0 3 0 1 0 0 4 4 0 4 1 0 0 3 79 10 24 15 4 45 11 16 12 4 1 1 1 0 1.88 4 4 4 4 
83 1 1 2 2 2 1 5 0 5 0 1 0 0 4 4 0 4 0 0 0 4 108 10 33 20 8 66 14 19 13 6 2 2 2 0 2 6 6 6 4 
68 1 1 1 1 1 1 1 0 1 0 1 0 0 3 3 0 3 3 0 0 0 82 9 12 11 0 61 10 11 11 0 1 1 1 0 5.08 3 3 3 3 
66 0 0 1 1 1 1 3 0 3 0 1 0 1 4 4 0 4 0 0 0 4 77 11 22 11 7 45 10 15 9 6 1 1 1 0 2.05 4 4 4 4 
71 0 0 1 1 1 1 4 0 4 0 1 0 0 5 5 1 5 0 0 0 5 77 11 34 20 9 33 16 23 16 7 2 2 2 1 0.97 6 6 7 5 
72 0 0 1 1 1 1 3 0 3 0 1 0 1 4 4 0 4 0 0 0 4 77 10 22 11 7 45 10 15 9 6 1 1 1 0 2.05 4 4 4 4 
74 0 0 1 1 1 1 3 0 3 0 1 0 1 4 4 0 4 0 0 0 4 80 10 22 11 7 48 10 15 9 6 1 1 1 0 2.18 4 4 4 4 
73 0 0 2 2 2 1 6 0 5 0 1 0 1 5 5 0 5 0 0 0 5 102 13 43 22 17 46 23 33 21 12 4 4 4 2 1.07 8 8 8 5 
67 0 0 1 1 1 1 3 0 3 0 1 0 1 4 4 0 4 0 0 0 4 84 10 22 11 7 52 10 15 9 6 1 1 1 0 2.36 4 4 4 4 
69 0 0 1 1 1 1 3 0 3 0 1 0 1 4 4 0 4 0 0 0 4 76 10 22 11 7 44 10 15 9 6 1 1 1 0 2 4 4 4 4 
64 1 2 2 2 2 1 7 0 7 0 1 0 0 14 14 5 14 0 1 0 13 198 22 127 46 60 49 65 91 41 50 4 4 4 2 0.39 22 22 23 14 
65 0 0 1 1 1 1 3 0 3 0 1 0 1 4 4 0 4 0 0 0 4 79 10 22 11 7 47 10 15 9 6 1 1 1 0 2.14 4 4 4 4 
70 0 0 1 1 1 1 1 0 1 0 1 0 0 4 4 0 4 4 0 0 0 86 9 9 8 0 68 7 8 8 0 1 1 1 0 7.56 4 4 4 4 
88 0 0 0 0 0 0 0 0 0 0 1 0 0 0 0 0 0 0 0 0 0 58 5 14 13 0 39 8 9 9 0 0 0 0 0 2.79 0 0 0 0 
87 0 0 1 1 1 1 3 0 3 0 1 0 4 1 1 0 1 0 1 0 0 69 9 12 9 5 48 7 9 8 1 1 1 1 0 4 1 1 1 1 
90 1 2 0 0 0 0 0 0 0 0 1 0 12 0 0 0 0 0 0 0 0 140 16 17 16 12 107 13 14 14 0 0 0 0 0 6.29 0 0 0 0 
91 1 1 1 1 1 1 3 0 3 0 1 0 0 13 13 0 13 0 0 0 13 107 19 52 25 13 36 21 35 22 13 1 1 1 0 0.69 13 13 13 13 
86 1 2 1 1 1 1 3 0 3 0 1 0 6 1 1 0 1 0 1 0 0 77 11 14 11 7 52 9 11 10 1 1 1 1 0 3.71 1 1 1 1 
89 1 2 2 2 2 1 7 0 7 0 1 8 0 9 1 0 9 0 1 0 8 129 14 71 18 36 44 25 45 16 29 3 3 3 1 0.62 19 19 19 9 
51 0 0 0 0 0 0 0 0 0 0 1 0 12 0 0 0 0 0 0 0 0 109 14 16 15 12 79 13 14 14 0 0 0 0 0 4.94 0 0 0 0 
50 1 2 1 1 1 1 3 0 3 0 1 0 0 6 6 1 6 0 0 0 6 83 13 34 19 8 36 17 25 17 8 2 2 2 1 1.06 7 7 7 6 
220 0 0 1 1 1 1 7 1 5 1 1 0 0 1 1 0 1 0 0 0 1 58 6 15 12 1 37 8 10 9 1 1 1 1 0 2.47 1 1 1 1 
54 0 0 14 14 15 4 72 6 59 6 1 0 0 2 2 1 2 0 0 0 2 226 22 150 59 88 54 77 109 55 54 27 27 28 4 0.36 28 28 29 7 
219 4 1 5 5 6 2 23 2 21 0 1 0 0 3 3 1 3 0 1 0 2 137 16 88 46 43 33 48 63 38 25 10 10 14 2 0.38 14 14 18 5 
337 4 1 5 4 5 3 18 0 18 0 1 0 0 4 4 1 4 1 2 0 1 131 10 95 36 48 26 43 61 28 33 13 11 13 5 0.27 19 17 19 11 
52 0 0 5 5 6 2 18 2 15 0 1 0 1 2 2 1 2 0 0 0 2 97 14 49 24 21 34 26 36 21 15 8 8 10 2 0.69 9 9 11 4 
53 0 0 3 3 3 1 12 1 10 0 1 0 0 2 2 0 2 0 0 0 2 77 11 34 19 11 32 16 24 16 8 5 5 5 2 0.94 6 6 6 2 
48 2 1 5 5 5 3 19 1 17 0 1 0 0 2 2 0 2 0 0 0 2 92 10 49 21 23 33 25 35 17 18 8 8 8 1 0.67 9 9 9 6 
49 2 1 4 4 4 3 16 1 14 0 1 0 0 2 2 0 2 0 0 0 2 83 10 40 16 18 33 19 28 13 15 7 7 7 1 0.82 8 8 8 5 
221 5 1 5 4 5 1 17 0 16 0 1 0 0 5 5 1 5 0 3 0 2 155 12 107 39 57 36 51 73 35 38 16 14 18 3 0.34 23 21 27 5 
222 0 0 7 7 8 7 29 2 25 2 1 0 0 1 1 0 1 0 0 0 1 99 8 41 22 17 50 23 32 20 12 7 7 8 4 1.22 7 7 8 7 
55 0 0 5 5 5 2 25 1 22 2 1 0 0 3 3 1 3 0 1 0 2 141 13 90 38 45 38 42 60 30 30 8 8 8 5 0.42 16 16 16 6 
63 0 0 4 4 4 3 15 0 15 0 1 1 0 2 1 0 2 0 1 0 1 80 6 37 11 20 37 15 23 10 13 7 7 7 3 1 8 8 8 6 
62 1 1 1 1 1 1 1 0 1 0 1 0 0 1 1 0 1 1 0 0 0 46 2 4 3 0 40 2 3 3 0 1 1 1 0 10 1 1 1 1 
57 1 1 3 3 3 2 11 0 10 1 1 0 0 2 2 1 2 0 0 0 2 75 7 28 11 14 40 13 18 10 8 3 3 3 1 1.43 6 6 6 4 
61 0 0 1 1 1 1 3 0 3 0 1 1 1 1 0 1 1 0 0 0 1 58 5 18 8 6 35 8 11 6 5 1 1 1 0 1.94 1 1 1 1 
58 1 2 5 5 6 3 17 0 16 1 1 0 9 4 4 0 4 0 2 1 1 126 10 81 32 60 38 58 78 32 46 8 8 8 3 0.47 19 19 22 11 
336 1 1 2 2 2 1 6 0 6 0 1 0 0 18 18 9 18 0 3 0 15 223 25 134 38 70 64 78 105 39 66 5 5 5 3 0.48 28 28 29 20 
59 1 2 5 5 5 2 18 0 18 0 1 9 0 10 1 0 10 0 4 0 6 331 17 190 47 115 128 70 116 36 80 11 11 11 6 0.67 48 48 51 15 
60 2 1 4 4 4 2 16 0 15 0 1 9 4 9 0 0 9 0 2 0 7 294 21 170 71 97 103 85 121 63 58 6 6 8 3 0.61 35 35 39 15 
6 0 0 2 2 2 1 11 1 9 1 1 0 0 4 4 2 4 0 0 0 4 105 15 46 16 21 44 19 29 11 18 2 2 2 2 0.96 7 7 7 4 
5 0 0 2 2 2 1 7 0 7 0 1 0 0 12 12 2 12 0 1 1 10 188 25 104 33 47 59 38 64 23 41 3 3 3 2 0.57 20 20 22 12 
7 0 0 1 1 1 1 1 0 1 0 1 0 0 6 6 0 6 6 0 0 0 114 11 12 11 0 91 10 11 11 0 1 1 1 0 7.58 6 6 6 6 
20 0 0 1 1 1 1 1 0 1 0 1 0 0 1 1 0 1 1 0 0 0 45 5 8 7 0 32 4 5 5 0 1 1 1 0 4 1 1 1 1 
3 0 0 1 1 1 1 1 0 1 0 1 0 0 3 3 0 3 3 0 0 0 105 9 22 21 0 74 11 12 12 0 1 1 1 0 3.36 3 3 3 3 
38 0 0 1 1 1 1 1 0 1 0 1 0 0 2 2 0 2 2 0 0 0 71 6 7 6 0 58 4 5 5 0 1 1 1 0 8.29 2 2 2 2 
1 0 0 1 1 1 1 3 0 3 0 1 0 1 2 2 0 2 0 0 0 2 62 8 13 8 3 41 6 9 7 2 1 1 1 0 3.15 2 2 2 2 
19 0 0 1 1 1 1 1 0 1 0 1 0 0 1 1 0 1 1 0 0 0 66 4 7 6 0 55 5 6 6 0 1 1 1 0 7.86 1 1 1 1 
8 0 0 1 1 1 1 3 0 3 0 1 0 1 2 2 0 2 0 0 0 2 60 7 12 7 3 41 5 8 6 2 1 1 1 0 3.42 2 2 2 2 
2 0 0 1 1 1 1 1 0 1 0 1 0 0 2 2 0 2 2 0 0 0 70 6 8 7 0 56 4 5 5 0 1 1 1 0 7 2 2 2 2 
341 3 1 1 1 1 1 1 0 1 0 1 0 0 1 1 0 1 1 0 0 0 54 4 6 5 0 44 4 5 5 0 1 1 1 0 7.33 1 1 1 1 
18 0 0 3 3 3 1 10 0 9 0 1 0 0 12 12 3 12 0 0 4 8 295 32 132 34 76 135 53 88 27 61 4 4 5 3 1.02 31 31 32 12 
17 0 0 1 1 1 1 1 0 1 0 1 0 0 3 3 0 3 3 0 0 0 95 7 11 10 0 77 6 7 7 0 1 1 1 0 7 3 3 3 3 
45 0 0 1 1 1 1 4 0 4 0 1 0 1 2 2 1 2 0 0 0 2 58 10 17 10 5 31 10 13 9 4 1 1 1 0 1.82 2 2 2 2 
340 2 1 1 1 1 1 4 0 4 0 1 0 1 3 3 1 3 0 0 0 3 63 10 22 11 7 31 11 16 10 6 2 2 2 1 1.41 4 4 4 3 
276 0 0 1 1 1 1 1 0 1 0 1 0 0 3 3 0 3 3 0 0 0 78 8 9 8 0 61 7 8 8 0 1 1 1 0 6.78 3 3 3 3 
10 0 0 1 1 1 1 1 0 1 0 1 0 0 13 13 0 13 13 0 0 0 226 20 29 28 0 177 22 23 23 0 1 1 1 0 6.1 13 13 13 13 
4 0 0 3 3 4 2 16 2 12 2 1 1 1 5 4 0 5 0 1 0 4 193 25 85 35 41 86 42 60 28 32 10 10 11 2 1.01 17 17 18 8 
9 0 0 1 1 1 1 1 0 1 0 1 0 0 6 6 0 6 6 0 0 0 152 11 19 18 0 122 13 14 14 0 1 1 1 0 6.42 6 6 6 6 
37 0 0 0 0 0 0 0 0 0 0 1 0 1 0 0 0 0 0 0 0 0 61 6 6 5 1 49 3 4 4 0 0 0 0 0 8.17 0 0 0 0 
36 0 0 1 1 1 1 3 0 3 0 1 0 0 2 2 0 2 0 0 0 2 58 7 15 10 2 36 7 10 8 2 1 1 1 0 2.4 2 2 2 2 
32 0 0 0 0 0 0 0 0 0 0 1 0 3 0 0 0 0 0 0 0 0 78 7 12 11 3 59 6 7 7 0 0 0 0 0 4.92 0 0 0 0 
31 0 0 1 1 1 1 3 0 3 0 1 0 0 4 4 0 4 0 0 0 4 66 9 22 13 4 35 8 13 9 4 1 1 1 0 1.59 4 4 4 4 
28 0 0 2 2 2 1 7 0 7 0 2 6 2 7 1 0 7 0 0 0 7 173 15 70 29 29 88 23 38 17 21 3 3 3 1 1.26 14 14 14 7 
30 0 0 1 1 1 1 1 0 1 0 1 0 0 1 1 0 1 1 0 0 0 43 5 5 4 0 33 3 4 4 0 1 1 1 0 6.6 1 1 1 1 
33 1 2 2 2 2 1 6 0 6 0 1 0 1 9 9 2 9 0 0 0 9 129 18 69 24 31 43 28 44 20 24 3 3 3 1 0.62 15 15 15 9 
35 0 0 0 0 0 0 0 0 0 0 1 0 3 0 0 0 0 0 0 0 0 76 7 6 5 3 63 4 5 5 0 0 0 0 0 10.5 0 0 0 0 
29 0 0 1 1 1 1 3 0 3 0 1 0 0 4 4 0 4 0 0 0 4 68 10 22 13 4 36 11 16 12 4 1 1 1 0 1.64 4 4 4 4 
34 0 0 2 2 2 1 8 0 7 0 1 6 2 7 1 0 7 0 1 0 6 187 16 65 27 30 108 25 41 19 22 3 3 4 1 1.66 15 15 17 7 
11 0 0 6 6 7 5 21 3 14 3 1 0 0 4 4 0 4 0 0 3 1 168 26 62 11 47 82 28 50 11 39 11 11 16 2 1.32 22 22 29 18 
13 2 2 2 2 2 1 7 0 7 0 1 2 1 22 20 6 22 0 3 0 19 406 66 181 52 104 159 79 125 44 81 6 6 8 2 0.88 46 46 53 24 
12 0 0 1 1 1 1 1 0 1 0 1 0 7 1 1 0 1 0 0 0 1 74 12 11 10 7 51 9 10 10 0 1 1 1 0 4.64 1 1 1 1 
15 0 0 1 1 1 1 1 0 1 0 1 0 0 1 1 0 1 0 0 0 1 67 5 10 9 0 52 6 7 7 0 1 1 1 0 5.2 1 1 1 1 
14 0 0 1 1 1 1 0 0 0 0 3 0 0 10 14 4 14 10 0 0 4 161 17 17 16 0 127 13 16 16 0 1 1 1 0 7.47 14 14 14 14 
16 1 2 2 2 2 1 8 0 8 0 1 0 0 24 24 7 24 0 0 0 24 386 46 211 49 127 129 100 151 46 105 8 8 9 2 0.61 52 52 58 26 
41 0 0 1 1 1 1 1 0 1 0 1 0 0 1 1 0 1 1 0 0 0 52 5 7 6 0 40 4 5 5 0 1 1 1 0 5.71 1 1 1 1 
230 1 2 1 1 1 1 1 0 1 0 1 0 0 1 1 0 1 1 0 0 0 65 5 12 11 0 48 5 6 6 0 1 1 1 0 4 1 1 1 1 
228 0 0 1 1 1 1 5 0 5 0 1 0 0 2 2 1 2 1 0 0 1 52 7 19 13 3 26 8 11 8 3 1 1 1 0 1.37 2 2 2 2 
43 0 0 1 1 1 1 1 0 1 0 1 0 0 1 1 0 1 1 0 0 0 69 5 13 12 0 51 5 6 6 0 1 1 1 0 3.92 1 1 1 1 
232 0 0 1 1 1 1 4 0 4 0 1 0 0 2 2 1 2 1 0 0 1 50 7 17 11 3 26 8 11 8 3 1 1 1 0 1.53 2 2 2 2 
42 0 0 2 2 2 1 10 0 9 0 1 1 0 8 7 1 8 0 0 0 8 182 17 95 40 41 71 42 61 27 34 6 6 6 2 0.75 18 18 19 8 
40 0 0 2 2 3 1 8 0 8 0 1 0 0 11 11 5 11 0 0 0 11 260 24 113 32 61 123 48 72 24 48 5 5 6 2 1.09 24 24 28 15 
44 0 0 2 2 2 1 6 0 5 0 1 0 0 8 8 1 8 0 0 0 8 173 18 57 22 27 98 28 43 21 22 2 2 2 1 1.72 14 14 14 8 
233 1 2 1 1 1 1 1 0 1 0 1 0 0 3 3 0 3 3 0 0 0 127 8 18 17 0 101 12 13 13 0 1 1 1 0 5.61 3 3 3 3 
229 0 0 2 2 2 1 5 0 5 0 1 0 0 7 7 1 7 1 0 0 6 93 13 54 28 20 26 26 38 21 17 4 4 4 1 0.48 11 11 11 10 
39 0 0 1 1 1 1 1 0 1 0 1 0 0 3 3 0 3 3 0 0 0 127 8 22 21 0 97 10 11 11 0 1 1 1 0 4.41 3 3 3 3 
231 0 0 2 2 2 1 6 0 6 0 1 0 0 7 7 1 7 1 0 0 6 97 13 57 29 21 28 27 40 22 18 4 4 4 2 0.49 12 12 13 10 
24 1 2 4 4 4 1 22 1 16 5 1 6 1 11 5 0 11 0 2 0 9 366 39 205 78 120 127 103 144 71 73 13 13 20 3 0.62 39 39 49 13 
25 0 0 1 1 1 1 4 0 4 0 1 0 0 2 2 0 2 0 0 0 2 54 6 14 10 1 34 3 6 5 1 1 1 1 0 2.43 2 2 2 2 
26 0 0 1 1 1 1 4 0 4 0 1 0 0 2 2 0 2 0 0 0 2 62 7 16 11 2 39 5 8 6 2 1 1 1 0 2.44 2 2 2 2 
21 4 2 3 3 3 1 14 0 13 0 1 6 7 27 21 3 27 0 4 1 22 680 48 425 190 215 209 183 251 114 137 20 20 20 3 0.49 71 71 73 27 
22 0 0 1 1 1 1 4 0 4 0 1 0 0 2 2 0 2 0 0 0 2 69 7 16 11 2 46 5 8 6 2 1 1 1 0 2.88 2 2 2 2 
236 0 0 1 1 1 1 4 0 4 0 1 0 0 4 4 2 4 1 0 0 3 64 9 26 13 7 29 12 18 11 7 2 2 2 1 1.12 5 5 5 4 
235 0 0 1 1 1 1 4 0 4 0 1 0 0 1 1 0 1 0 0 0 1 45 4 9 6 1 32 4 6 5 1 1 1 1 0 3.56 1 1 1 1 
234 0 0 1 1 1 1 1 0 1 0 1 0 0 1 1 0 1 1 0 0 0 57 4 6 5 0 47 4 5 5 0 1 1 1 0 7.83 1 1 1 1 
23 0 0 1 1 1 1 1 0 1 0 1 0 0 3 3 0 3 3 0 0 0 84 7 12 11 0 65 9 10 10 0 1 1 1 0 5.42 3 3 3 3 
27 0 0 1 1 1 1 2 0 2 0 1 4 3 5 1 0 5 0 1 0 4 73 13 29 16 10 31 10 16 12 4 1 1 2 0 1.07 5 5 6 5 
203 1 1 1 1 1 1 1 0 1 0 1 0 10 2 2 0 2 2 0 0 0 62 7 15 14 10 40 13 14 14 0 1 1 1 0 2.67 2 2 2 2 
202 0 0 1 1 1 1 1 0 1 0 1 0 0 12 12 0 12 12 0 0 0 137 17 16 15 0 104 14 15 15 0 1 1 1 0 6.5 12 12 12 12 
208 0 0 1 1 1 1 1 0 1 0 1 0 0 3 3 0 3 3 0 0 0 73 5 8 7 0 60 4 5 5 0 1 1 1 0 7.5 3 3 3 3 
209 0 0 9 9 9 1 31 0 30 1 1 0 1 1 1 0 1 0 0 0 1 80 7 38 13 23 35 19 29 12 17 9 9 9 2 0.92 9 9 9 1 
199 0 0 2 2 2 1 8 0 8 0 1 0 0 6 6 4 6 0 0 0 6 105 11 62 17 33 32 30 43 15 28 6 6 6 1 0.52 12 12 12 6 
205 0 0 4 4 4 3 12 0 11 0 1 0 1 2 2 0 2 0 1 0 1 81 8 31 12 17 42 15 23 11 12 4 4 4 1 1.35 7 7 7 5 
237 0 0 1 1 1 1 3 0 3 0 1 0 1 2 2 0 2 0 0 0 2 61 7 12 7 3 42 5 8 6 2 1 1 1 0 3.5 2 2 2 2 
211 0 0 1 1 1 1 1 0 1 0 1 0 0 6 6 0 6 6 0 0 0 109 11 11 10 0 87 9 10 10 0 1 1 1 0 7.91 6 6 6 6 
210 0 0 1 1 1 1 1 0 1 0 1 0 0 1 1 0 1 1 0 0 0 48 5 5 4 0 38 3 4 4 0 1 1 1 0 7.6 1 1 1 1 
206 0 0 2 2 2 1 6 0 6 0 1 0 0 7 7 1 7 0 0 0 7 157 15 57 21 23 85 25 39 18 21 3 3 3 1 1.49 13 13 13 7 
200 0 0 1 1 1 1 3 0 3 0 1 0 1 3 3 0 3 0 0 0 3 72 8 16 9 4 48 7 11 8 3 1 1 1 0 3 3 3 3 3 
204 0 0 0 0 0 0 0 0 0 0 1 0 4 0 0 0 0 0 0 0 0 43 4 7 6 4 32 5 6 6 0 0 0 0 0 4.57 0 0 0 0 
201 0 0 1 1 1 1 1 0 1 0 1 0 0 7 7 0 7 7 0 0 0 109 12 11 10 0 86 9 10 10 0 1 1 1 0 7.82 7 7 7 7 
207 0 0 1 1 1 1 1 0 1 0 1 0 0 3 3 0 3 3 0 0 0 60 7 6 5 0 47 4 5 5 0 1 1 1 0 7.83 3 3 3 3 
213 0 0 0 0 0 0 0 0 0 0 1 0 2 0 0 0 0 0 0 0 0 61 5 5 4 2 51 3 4 4 0 0 0 0 0 10.2 0 0 0 0 
212 0 0 1 1 1 1 3 0 3 0 1 0 0 3 3 0 3 0 0 0 3 59 9 17 10 3 33 8 12 9 3 1 1 1 0 1.94 3 3 3 3 
163 1 1 3 3 3 1 10 0 10 0 1 0 0 6 6 1 6 0 0 1 5 153 16 82 37 37 56 43 58 30 28 9 9 11 2 0.68 15 15 17 6 
155 1 2 2 2 2 1 8 0 7 0 1 1 0 8 7 1 8 0 0 0 8 189 20 84 43 32 85 42 56 30 26 5 5 5 1 1.01 14 14 14 8 
161 0 0 1 1 1 1 3 0 3 0 1 0 0 1 1 0 1 0 0 0 1 49 6 11 8 1 32 6 8 7 1 1 1 1 0 2.91 1 1 1 1 
159 1 1 3 3 4 1 18 1 16 0 1 3 5 15 12 6 15 4 2 0 9 471 48 294 108 180 129 168 218 95 123 29 29 32 4 0.44 51 51 54 15 
158 0 0 1 1 1 1 3 0 3 0 1 0 0 1 1 0 1 0 0 0 1 49 6 11 8 1 32 6 8 7 1 1 1 1 0 2.91 1 1 1 1 
333 1 1 2 2 2 1 5 0 5 0 1 0 0 5 5 3 5 1 0 0 4 75 10 40 16 15 25 19 28 13 15 2 2 2 1 0.63 8 8 8 5 
164 0 0 1 1 1 1 1 0 1 0 1 0 0 2 2 0 2 2 0 0 0 70 5 12 11 0 53 3 4 4 0 1 1 1 0 4.42 2 2 2 2 
160 0 0 1 1 1 1 3 0 3 0 1 0 1 3 3 0 3 0 0 0 3 68 9 16 9 4 43 7 11 8 3 1 1 1 0 2.69 3 3 3 3 
275 0 0 2 2 2 1 12 0 9 1 7 26 12 68 42 26 68 34 16 16 2 1319 157 744 239 505 420 452 574 219 355 7 7 7 3 0.56 113 113 115 68 
156 0 0 2 2 2 1 8 0 7 0 2 0 0 8 10 9 10 0 0 1 9 155 16 106 42 52 33 47 64 30 34 5 5 6 2 0.31 17 17 19 10 
274 0 0 1 1 1 1 3 0 3 0 1 0 0 1 1 0 1 0 0 0 1 50 6 11 8 1 33 6 8 7 1 1 1 1 0 3 1 1 1 1 
242 1 2 3 3 4 1 13 0 11 1 2 0 2 12 14 11 14 0 0 2 12 332 32 195 68 110 105 96 130 54 76 22 19 27 4 0.54 38 35 44 18 
244 0 0 1 1 1 1 3 0 3 0 1 0 0 6 6 2 6 0 0 0 6 72 11 30 15 8 31 15 22 14 8 1 1 1 0 1.03 6 6 6 6 
157 1 1 2 2 2 1 5 0 5 0 1 0 0 5 5 1 5 0 0 2 3 112 12 45 24 15 56 24 34 22 12 3 3 3 1 1.24 8 8 8 5 
243 0 0 1 1 1 1 1 0 1 0 1 0 0 1 1 0 1 1 0 0 0 43 5 5 4 0 33 3 4 4 0 1 1 1 0 6.6 1 1 1 1 
162 0 0 1 1 1 1 3 0 3 0 1 0 1 3 3 0 3 0 0 0 3 69 7 15 8 4 47 6 10 7 3 1 1 1 0 3.13 3 3 3 3 
310 4 3 2 2 2 1 6 0 6 0 1 0 0 9 9 7 9 1 2 0 6 161 14 74 32 39 74 43 62 32 30 3 3 4 1 1 17 17 19 9 
151 2 1 4 4 4 2 19 1 17 0 1 0 1 5 5 1 5 0 0 3 2 192 18 124 54 61 50 61 84 46 38 11 11 11 4 0.4 20 20 22 8 
141 4 3 2 2 2 1 7 0 7 0 1 1 0 85 84 20 85 0 2 25 58 1114 194 721 297 331 200 285 411 205 206 13 13 14 4 0.28 130 130 131 87 
313 3 1 3 3 3 1 13 0 12 0 1 0 0 8 8 2 8 0 1 0 7 181 19 133 63 59 29 62 85 45 40 9 9 9 2 0.22 22 22 24 10 
312 3 1 6 6 6 1 25 0 24 0 1 0 1 7 7 4 7 1 0 1 5 263 20 215 81 116 28 101 144 65 79 15 15 15 4 0.13 40 40 44 9 
319 3 2 1 1 1 1 5 0 5 0 1 0 0 14 14 3 14 0 0 0 14 179 22 104 55 39 53 51 71 44 27 4 4 4 3 0.51 19 19 19 16 
239 0 0 2 2 2 1 4 0 4 0 1 0 0 6 6 1 6 0 0 0 6 84 12 39 16 13 33 17 27 14 13 2 2 2 1 0.85 9 9 9 6 
145 1 2 2 2 2 1 6 0 5 0 1 0 1 7 7 1 7 0 0 0 7 145 15 60 26 21 70 29 44 25 19 4 4 4 2 1.17 14 14 14 7 
143 0 0 2 2 2 1 7 0 7 0 1 1 0 6 5 1 6 0 1 0 5 113 13 56 25 22 44 24 38 20 18 5 5 5 3 0.79 12 12 12 6 
138 1 1 3 3 3 1 11 0 11 0 1 0 0 1 1 0 1 0 0 0 1 74 7 23 15 7 44 14 17 13 4 3 3 3 1 1.91 3 3 3 1 
139 0 0 2 2 2 1 6 0 5 0 1 0 0 11 11 4 11 0 0 0 11 270 31 76 26 34 163 28 45 21 24 6 6 9 1 2.14 20 20 23 11 
311 1 2 1 1 1 1 1 0 1 0 1 0 0 1 1 0 1 1 0 0 0 42 2 4 3 0 36 2 3 3 0 1 1 1 0 9 1 1 1 1 
240 0 0 1 1 1 1 4 0 3 0 1 0 0 4 4 0 4 0 0 1 3 82 10 26 15 7 47 14 19 13 6 1 1 1 0 1.81 4 4 4 4 
318 1 2 1 1 2 1 3 0 3 0 1 0 0 2 2 0 2 0 0 0 2 53 6 15 9 3 32 8 11 9 2 1 1 2 0 2.13 2 2 3 2 
153 0 0 5 5 6 4 19 0 19 0 1 0 0 1 1 0 1 0 0 0 1 71 5 31 17 13 35 16 22 15 7 5 5 6 3 1.13 5 5 6 4 
149 2 2 1 1 1 1 7 0 6 0 1 1 0 7 6 0 7 0 0 2 5 227 16 77 45 30 134 52 60 37 23 2 2 2 0 1.74 8 8 8 7 
150 3 2 3 3 3 2 11 0 9 1 1 0 0 7 7 2 7 0 0 2 5 169 20 83 33 37 67 39 58 27 31 11 11 13 1 0.81 18 18 21 15 
144 1 1 2 2 2 1 8 0 8 0 1 0 0 4 4 0 4 0 0 1 3 94 10 50 31 15 34 22 30 20 10 2 2 2 1 0.68 7 7 7 4 
147 0 0 7 6 7 1 38 3 33 2 1 0 1 3 3 1 3 0 0 0 3 186 22 126 52 74 39 59 78 41 37 14 14 14 3 0.31 21 18 22 3 
241 3 1 5 4 5 1 22 1 20 1 1 0 2 6 6 1 6 0 0 2 4 232 24 154 61 87 55 68 95 48 47 13 13 13 3 0.36 28 25 29 8 
238 1 1 1 1 1 1 6 0 6 0 1 0 0 4 4 1 4 0 0 0 4 83 10 44 30 10 29 21 27 20 7 2 2 2 1 0.66 5 5 5 4 
146 12 2 8 7 8 3 51 5 42 4 1 0 0 16 16 24 16 0 4 8 4 1167 150 764 238 483 263 371 480 168 312 32 32 40 6 0.34 124 118 135 46 
325 2 1 2 2 2 1 5 0 5 0 1 0 0 4 4 2 4 0 0 0 4 83 10 32 14 11 41 16 23 13 10 3 3 3 1 1.28 6 6 7 4 
154 1 1 2 2 2 1 8 0 8 0 1 0 0 4 4 0 4 0 0 1 3 95 11 50 31 15 34 22 30 20 10 2 2 2 1 0.68 7 7 7 4 
148 0 0 5 5 6 2 19 2 17 0 1 1 0 2 1 0 2 0 1 0 1 101 13 49 26 23 39 25 35 22 13 6 6 6 3 0.8 9 9 11 4 
140 0 0 1 1 1 1 3 0 3 0 2 0 0 9 9 2 9 1 0 0 8 113 18 58 33 15 38 28 39 25 14 2 2 3 0 0.66 10 10 13 9 
320 12 1 6 4 6 4 25 0 24 0 1 0 0 4 4 1 4 0 0 0 4 155 11 117 37 68 27 60 77 27 50 14 11 15 5 0.23 22 17 23 15 
316 2 1 3 3 3 3 8 0 8 0 1 0 1 1 1 0 1 0 0 1 0 65 6 23 12 8 36 9 14 10 4 3 3 3 2 1.57 3 3 3 3 
314 1 2 1 1 1 1 3 0 3 0 1 0 0 2 2 0 2 0 0 0 2 46 4 11 6 2 31 5 8 6 2 1 1 1 0 2.82 2 2 2 2 
317 1 1 1 1 1 1 3 0 3 0 1 0 0 1 1 0 1 0 0 0 1 48 5 12 9 1 31 7 9 8 1 1 1 1 0 2.58 1 1 1 1 
315 2 1 2 2 2 1 14 1 12 0 2 0 0 10 10 9 10 1 0 0 9 245 34 181 84 89 30 120 141 80 61 11 11 11 5 0.17 21 21 21 14 
152 0 0 2 2 2 1 5 0 5 0 1 0 0 5 5 2 5 0 0 0 5 99 11 41 20 15 48 22 31 19 12 4 4 4 3 1.17 8 8 8 5 
136 0 0 1 1 2 1 5 0 5 0 1 0 0 15 15 5 15 0 0 0 15 166 24 103 38 46 39 53 76 37 39 4 4 4 2 0.38 22 22 23 15 
135 0 0 1 1 1 1 3 0 3 0 1 0 0 3 3 2 3 0 0 0 3 65 9 19 10 5 40 10 14 9 5 1 1 1 0 2.11 3 3 3 3 
323 0 0 1 1 1 1 6 0 6 0 1 0 0 3 3 1 3 0 0 1 2 81 9 30 16 12 42 20 24 14 10 1 1 2 0 1.4 3 3 4 3 
324 1 2 1 1 1 1 3 0 3 0 1 0 0 1 1 0 1 0 0 0 1 39 3 6 3 1 30 2 4 3 1 1 1 1 0 5 1 1 1 1 
321 3 1 1 1 1 1 6 0 6 0 1 0 0 5 5 0 5 0 0 3 2 146 10 48 27 18 88 25 33 22 11 2 2 2 1 1.83 7 7 7 5 
322 1 1 1 1 1 1 3 0 3 0 1 0 0 1 1 0 1 0 0 0 1 48 5 12 9 1 31 7 9 8 1 1 1 1 0 2.58 1 1 1 1 
142 0 0 1 1 1 1 3 0 3 0 1 0 1 2 2 1 2 0 0 0 2 56 9 16 10 4 31 9 12 9 3 1 1 1 0 1.94 2 2 2 2 
286 1 2 2 2 2 1 9 0 9 0 1 0 0 3 3 8 3 2 0 0 1 94 7 46 25 17 41 29 34 21 13 3 3 3 1 0.89 5 5 5 3 
287 1 3 1 1 1 1 7 0 6 0 1 0 0 6 6 5 6 4 0 0 2 140 12 63 33 24 65 33 42 29 13 3 3 3 2 1.03 8 8 8 6 
250 2 3 2 2 2 1 10 0 10 0 3 0 0 22 22 8 22 7 1 0 14 303 36 241 114 132 26 117 157 87 70 4 4 5 1 0.11 38 38 40 32 
288 1 2 1 1 1 1 3 0 3 0 1 0 0 5 5 1 5 0 0 0 5 97 10 30 18 7 57 15 21 15 6 1 1 1 0 1.9 5 5 5 5 
289 1 2 2 2 2 1 10 0 10 0 1 0 0 3 3 3 3 0 0 0 3 85 9 47 22 22 29 31 37 20 17 3 3 3 1 0.62 5 5 5 3 
290 2 2 1 1 1 1 3 0 3 0 1 0 10 24 24 11 24 0 0 0 24 371 38 102 49 48 231 47 73 47 26 2 2 2 1 2.26 26 26 26 24 
291 0 0 1 1 1 1 3 0 3 0 1 0 1 11 11 1 11 0 0 0 11 100 17 57 27 18 26 26 40 25 15 2 2 2 1 0.46 12 12 12 11 
257 0 0 3 3 3 1 11 1 10 0 1 0 0 8 8 1 8 2 4 1 1 173 23 104 47 49 46 45 68 39 29 5 5 5 4 0.44 20 20 22 10 
258 1 3 3 3 3 2 9 0 9 0 1 0 0 15 15 3 15 0 8 4 3 239 27 161 68 90 52 89 132 63 69 8 8 8 3 0.32 41 41 45 27 
292 1 2 3 3 4 2 11 0 11 0 1 0 0 8 8 0 8 0 3 1 4 182 15 111 44 61 56 63 91 47 44 6 6 6 3 0.5 25 25 28 12 
293 1 1 1 1 1 1 3 0 3 0 1 0 1 2 2 1 2 1 0 1 0 50 8 16 10 4 26 9 12 9 3 1 1 1 0 1.63 2 2 2 2 
294 1 3 2 2 3 2 8 0 7 0 1 0 1 28 28 0 28 1 1 14 12 325 40 231 73 130 54 93 168 77 91 6 6 8 5 0.23 67 67 73 56 
251 0 0 8 8 8 8 39 6 33 0 1 0 0 1 1 1 1 0 0 0 1 96 11 47 17 25 38 26 37 18 19 8 8 8 3 0.81 8 8 8 8 
253 0 0 3 3 3 1 15 2 11 1 1 0 0 6 6 1 6 4 2 0 0 165 25 87 38 48 53 49 66 35 31 7 7 7 2 0.61 16 16 16 6 
254 0 0 5 5 6 4 15 0 14 0 1 0 0 14 14 6 14 2 9 0 3 333 32 224 55 138 77 101 170 61 109 19 19 20 6 0.34 63 63 80 51 
259 2 3 2 2 2 2 11 0 10 0 1 0 2 56 56 17 56 8 27 0 21 891 119 626 240 347 147 286 410 179 231 7 7 10 5 0.23 120 120 138 97 
295 0 0 1 1 1 1 5 0 5 0 2 0 0 9 9 2 9 1 1 1 6 105 16 63 27 23 26 28 43 25 18 3 3 3 2 0.41 11 11 11 9 
261 1 3 4 4 5 2 24 1 22 0 1 0 1 3 3 0 3 0 0 0 3 156 11 84 29 48 61 49 66 28 38 7 7 8 3 0.73 13 13 14 6 
296 0 0 2 2 2 1 9 0 9 0 1 0 0 2 2 0 2 0 0 0 2 71 6 31 16 12 34 17 22 15 7 2 2 2 1 1.1 3 3 3 2 
298 0 0 1 1 1 1 4 0 4 0 1 0 1 6 6 2 6 1 1 0 4 86 13 42 18 16 31 23 32 17 15 2 2 2 1 0.74 8 8 8 6 
299 0 0 2 2 3 2 14 0 14 0 1 0 0 4 4 2 4 0 1 0 3 111 10 70 33 36 31 41 52 28 24 3 3 4 3 0.44 9 9 11 6 
300 0 0 1 1 1 1 3 0 3 0 1 0 1 5 5 1 5 1 0 0 4 67 11 25 14 6 31 12 18 13 5 1 1 1 0 1.24 5 5 5 5 
301 0 0 3 3 3 2 15 0 15 0 1 0 0 2 2 0 2 0 0 0 2 79 6 42 23 17 31 23 29 17 12 3 3 4 2 0.74 5 5 6 4 
302 1 3 1 1 1 1 1 0 1 0 1 0 0 9 9 0 9 9 0 0 0 149 11 34 33 0 104 17 18 18 0 1 1 1 0 3.06 9 9 9 9 
303 1 1 2 2 2 1 12 0 11 0 1 4 0 4 0 0 4 4 0 0 0 96 8 59 21 33 29 34 44 20 24 3 3 3 2 0.49 9 9 9 4 
304 0 0 3 3 3 1 10 0 10 0 1 0 0 9 9 4 9 0 2 0 7 171 15 113 33 54 43 50 81 31 50 4 4 4 1 0.38 23 23 23 9 
264 0 0 1 1 1 1 3 0 2 0 1 0 0 27 27 2 27 0 0 0 27 181 31 106 63 17 44 30 59 45 14 2 2 2 1 0.42 28 28 28 27 
265 1 3 4 3 4 2 15 1 13 0 1 0 1 19 19 0 19 0 14 2 3 389 60 276 73 165 53 120 196 78 118 6 6 7 3 0.19 68 65 72 41 
266 0 0 0 0 0 0 0 0 0 0 1 0 0 0 2 5 2 0 0 0 2 40 3 8 7 0 29 1 2 2 0 1 1 1 0 3.63 2 2 2 2 
306 0 0 1 1 1 1 4 0 4 0 1 0 0 4 4 1 4 0 0 0 4 63 9 28 15 7 26 13 19 12 7 2 2 2 1 0.93 5 5 5 4 
267 2 3 5 5 6 5 19 2 16 0 1 0 0 9 9 3 9 0 3 3 3 265 33 173 54 106 59 80 130 56 74 18 13 19 4 0.34 46 41 55 41 
268 1 3 3 3 4 2 11 1 10 0 1 0 2 14 14 0 14 0 13 0 1 253 35 180 66 98 38 87 139 62 77 9 9 11 4 0.21 45 45 52 25 
269 0 0 2 2 2 1 7 0 7 0 1 0 0 8 8 8 8 3 3 1 1 132 17 82 38 35 33 49 63 33 30 2 2 2 1 0.4 13 13 13 8 
307 1 3 1 1 1 1 3 0 3 0 1 0 0 4 4 3 4 0 0 0 4 55 7 21 10 6 27 11 16 10 6 1 1 1 0 1.29 4 4 4 4 
308 0 0 2 2 4 1 7 0 7 0 1 1 21 23 22 7 23 2 5 10 6 359 31 216 78 143 113 120 169 77 92 7 7 19 3 0.52 50 48 87 32 
297 1 2 2 2 2 1 8 0 7 0 1 0 0 7 7 3 7 0 0 0 7 157 16 72 35 35 69 44 56 34 22 5 5 5 3 0.96 12 12 12 10 
305 1 3 2 2 2 1 8 0 7 0 1 0 0 7 7 3 7 0 0 0 7 169 16 76 41 35 77 49 61 39 22 6 6 6 3 1.01 13 13 13 10 
113 5 1 1 1 1 1 6 0 5 0 1 0 0 33 33 5 33 0 0 7 26 352 47 225 88 115 80 120 168 79 89 3 3 3 1 0.36 47 47 48 35 
129 2 1 3 3 4 1 17 2 13 2 1 0 0 8 8 5 8 0 0 2 6 298 41 125 34 69 133 52 77 27 50 7 7 8 1 1.06 25 25 29 8 
111 3 2 2 2 2 1 5 0 5 0 1 0 0 14 14 1 14 0 0 5 9 182 22 94 44 42 66 45 66 35 31 3 3 3 1 0.7 21 21 22 14 
326 2 1 3 3 3 1 12 0 11 0 2 0 2 14 14 6 14 1 1 2 10 275 29 192 53 103 56 80 127 47 80 12 12 14 4 0.29 38 38 43 14 
245 0 0 1 1 1 1 3 0 3 0 1 0 1 1 1 0 1 0 0 0 1 50 6 9 6 2 35 4 6 5 1 1 1 1 0 3.89 1 1 1 1 
131 2 2 2 2 2 1 9 0 9 0 1 0 0 17 17 8 17 0 0 3 14 293 33 198 78 94 65 84 124 57 67 4 4 4 2 0.33 37 37 37 17 
128 4 1 4 4 4 1 19 1 18 0 1 0 0 7 7 3 7 0 0 2 5 282 28 158 62 80 97 79 109 50 59 14 14 14 3 0.61 30 30 30 10 
132 0 0 4 4 4 1 26 3 20 2 1 0 0 2 2 1 2 0 0 0 2 129 19 57 28 25 54 28 37 21 16 6 6 6 1 0.95 8 8 8 2 
134 1 2 3 3 4 2 16 0 14 2 1 0 0 3 3 4 3 0 0 2 1 129 11 70 37 30 49 40 49 29 20 6 6 8 2 0.7 9 9 11 5 
328 2 1 1 1 1 1 5 0 5 0 2 0 1 3 3 3 3 0 0 1 2 73 11 33 22 8 29 20 25 19 6 1 1 1 0 0.88 3 3 3 3 
331 2 1 1 1 1 1 5 0 5 0 1 0 0 7 7 2 7 3 0 0 4 95 12 54 30 17 29 25 35 22 13 2 2 3 1 0.54 9 9 10 7 
110 0 0 3 3 3 1 11 1 10 0 2 0 0 7 7 4 7 1 0 0 6 180 22 90 32 46 68 41 65 33 32 6 6 6 3 0.76 20 20 20 7 
332 5 1 2 2 2 1 7 0 7 0 1 0 0 3 3 2 3 0 0 0 3 97 9 35 16 13 53 19 27 16 11 3 3 3 1 1.51 7 7 7 3 
133 0 0 2 2 2 1 6 0 6 0 1 0 0 10 10 4 10 0 0 0 10 137 20 78 34 36 39 41 58 32 26 3 3 3 1 0.5 18 18 23 10 
130 0 0 2 2 2 1 5 0 5 0 1 0 0 9 9 3 9 0 0 0 9 119 18 62 25 25 39 30 45 23 22 2 2 2 1 0.63 15 15 15 9 
327 2 1 2 2 2 1 8 0 8 0 1 0 0 42 42 5 42 3 3 0 36 468 56 387 133 204 25 177 270 120 150 8 8 8 1 0.06 83 83 83 42 
329 7 1 2 2 2 1 8 0 7 0 2 0 0 28 28 5 28 1 3 2 22 342 44 241 78 120 57 109 163 68 95 11 11 12 4 0.24 52 52 54 30 
114 0 0 3 3 4 1 20 3 14 2 1 0 0 7 7 2 7 0 0 3 4 287 42 125 55 64 122 60 82 42 40 7 6 9 2 0.98 24 22 26 7 
273 4 1 1 1 1 1 8 0 8 0 1 2 0 2 0 0 2 0 0 0 2 87 5 25 12 12 57 14 17 11 6 1 1 1 0 2.28 2 2 2 2 
112 3 1 2 2 3 1 12 1 10 1 4 0 1 20 20 9 20 0 0 8 12 436 57 246 71 136 138 98 157 56 101 10 10 13 3 0.56 49 49 54 20 
330 2 1 1 1 1 1 3 0 3 0 1 0 0 1 1 0 1 0 0 0 1 48 5 9 6 1 34 5 7 6 1 1 1 1 0 3.78 1 1 1 1 
115 0 0 2 2 2 1 7 0 7 0 1 0 0 13 13 1 13 0 1 0 12 161 20 110 37 49 31 43 70 23 47 6 6 7 2 0.28 26 26 27 13 
122 1 1 1 1 1 1 6 0 5 0 1 0 0 12 12 8 12 0 0 3 9 236 38 101 51 36 98 53 70 40 30 3 3 3 2 0.97 17 17 17 12 
124 1 1 1 1 1 1 5 0 5 0 1 0 0 13 13 4 13 0 0 4 9 171 22 83 34 31 66 37 55 26 29 3 3 3 1 0.8 17 17 17 13 
118 1 1 2 2 2 1 6 0 6 0 1 0 0 2 2 1 2 0 0 0 2 78 11 20 10 6 49 9 13 8 5 2 2 2 1 2.45 3 3 3 2 
126 1 1 1 1 1 1 4 0 3 0 1 0 0 4 4 0 4 0 0 4 0 75 8 24 14 5 43 9 14 9 5 1 1 1 0 1.79 4 4 4 4 
117 1 3 3 3 3 1 19 2 15 1 2 0 0 30 30 13 30 0 1 14 15 837 125 503 124 315 210 227 331 100 231 12 12 16 5 0.42 86 86 93 32 
116 1 1 1 1 1 1 1 0 1 0 1 0 0 2 2 0 2 2 0 0 0 70 7 11 10 0 52 6 7 7 0 1 1 1 0 4.73 2 2 2 2 
121 0 0 1 1 1 1 1 0 1 0 1 0 0 1 1 0 1 0 0 0 1 46 4 7 6 0 35 3 4 4 0 1 1 1 0 5 1 1 1 1 
127 0 0 3 3 3 1 9 0 8 0 1 0 0 4 4 3 4 0 0 0 4 126 20 42 15 18 66 17 28 13 15 4 4 4 2 1.57 10 10 10 4 
120 1 1 2 2 2 1 6 0 6 0 2 0 0 17 17 7 17 0 0 0 17 325 51 133 43 68 143 63 93 41 52 6 6 8 3 1.08 29 29 32 21 
119 2 3 2 2 2 1 7 0 6 0 2 0 0 25 25 6 25 0 0 4 21 388 46 187 67 86 158 82 123 56 67 9 9 11 2 0.84 38 38 40 25 
123 1 1 2 2 2 1 10 1 7 1 1 0 0 7 7 4 7 0 0 0 7 196 32 63 18 33 103 27 42 16 26 5 5 5 2 1.63 13 13 13 7 
125 1 1 2 2 2 1 6 1 5 0 1 0 0 2 2 2 2 0 0 0 2 67 8 16 7 6 43 7 12 6 6 2 2 2 1 2.69 4 4 4 2 
191 0 0 1 1 1 1 4 0 3 1 1 0 0 2 2 0 2 0 0 0 2 53 6 15 11 1 32 7 10 9 1 1 1 1 0 2.13 2 2 2 2 
187 0 0 2 2 2 1 5 0 5 0 1 0 0 5 5 1 5 0 0 3 2 108 12 40 17 15 57 18 27 15 12 3 3 3 1 1.43 8 8 8 5 
172 0 0 1 1 1 1 4 0 4 0 1 0 1 25 25 9 25 0 0 0 25 365 50 134 50 58 181 71 100 47 53 2 2 3 1 1.35 28 28 29 25 
174 0 0 1 1 1 1 3 0 3 0 1 0 1 9 9 3 9 0 0 0 9 103 18 48 26 13 37 20 31 20 11 2 2 2 1 0.77 10 10 12 9 
197 0 0 2 2 2 1 5 0 5 0 1 0 0 2 2 0 2 0 0 0 2 53 6 17 9 4 30 7 11 7 4 2 2 2 1 1.76 3 3 3 2 
195 0 0 5 5 5 2 19 0 17 2 1 0 0 4 4 0 4 0 0 0 4 126 9 79 20 42 38 29 50 17 33 9 9 9 3 0.48 20 20 21 6 
173 0 0 3 3 3 1 10 0 10 0 1 0 0 2 2 1 2 0 0 0 2 68 8 29 10 12 31 11 18 8 10 4 4 4 1 1.07 6 6 6 2 
170 0 0 3 3 3 1 12 0 12 0 1 0 0 2 2 0 2 0 0 0 2 69 7 32 11 14 30 13 20 9 11 5 5 5 1 0.94 6 6 6 2 
168 0 0 3 3 4 1 11 0 11 0 1 0 0 4 4 0 4 0 0 0 4 95 8 55 19 25 32 22 36 16 20 7 7 9 2 0.58 13 13 16 4 
184 0 0 2 2 2 1 6 0 6 0 1 0 0 3 3 0 3 0 0 0 3 66 7 29 13 9 30 12 19 10 9 3 3 4 1 1.03 6 6 7 3 
188 1 2 3 3 3 2 12 0 11 0 1 0 0 12 12 5 12 0 3 0 9 221 20 166 47 87 39 71 112 43 69 10 10 11 3 0.23 39 39 40 18 
190 0 0 3 3 3 1 18 2 16 0 1 0 0 1 1 0 1 0 0 0 1 74 9 26 15 12 39 14 18 12 6 3 3 3 2 1.5 3 3 3 1 
175 0 0 3 3 3 1 14 0 14 0 1 0 2 7 7 1 7 0 0 0 7 206 16 152 44 97 39 68 92 40 52 10 10 11 3 0.26 22 22 23 7 
177 0 0 3 3 3 1 15 1 14 0 1 0 0 1 1 0 1 0 0 0 1 70 8 24 13 10 38 13 17 11 6 3 3 3 2 1.58 3 3 3 1 
189 0 0 4 4 4 1 14 0 13 0 1 2 0 5 3 0 5 0 0 3 2 129 15 80 30 41 35 41 63 31 32 5 5 6 3 0.44 18 18 19 7 
183 0 0 1 1 1 1 3 0 3 0 1 0 1 2 2 0 2 0 0 0 2 59 7 12 7 3 40 5 8 6 2 1 1 1 0 3.33 2 2 2 2 
169 0 0 2 2 3 1 9 0 8 0 3 6 7 8 2 1 8 0 1 1 6 259 31 105 43 55 123 48 69 35 34 7 7 9 2 1.17 18 18 20 10 
272 0 0 1 1 1 1 3 0 3 0 1 0 0 4 4 0 4 0 0 0 4 63 8 24 15 4 32 12 17 13 4 1 1 1 0 1.33 4 4 4 4 
271 1 2 1 1 1 1 3 0 3 0 1 0 0 1 1 0 1 0 0 0 1 47 5 11 8 1 31 6 8 7 1 1 1 1 0 2.82 1 1 1 1 
196 0 0 3 3 4 1 13 0 12 0 1 1 0 4 3 0 4 0 1 0 3 110 10 63 23 34 37 23 35 19 16 5 5 7 3 0.59 11 11 17 4 
166 0 0 5 5 6 3 28 2 25 1 1 0 1 3 3 0 3 0 1 0 2 142 17 91 34 54 34 50 67 30 37 11 11 13 2 0.37 16 16 18 9 
176 0 0 3 3 3 1 12 0 12 0 1 0 1 7 7 1 7 0 0 0 7 180 15 106 37 57 60 61 80 35 45 6 6 6 2 0.57 18 18 18 7 
167 0 0 3 3 3 1 15 1 14 0 1 0 0 1 1 0 1 0 0 0 1 70 8 24 13 10 38 13 17 11 6 3 3 3 2 1.58 3 3 3 1 
178 0 0 2 2 2 2 6 0 5 0 1 0 0 7 7 3 7 0 1 0 6 123 16 51 23 21 56 32 48 23 25 9 9 9 2 1.1 16 16 16 13 
194 0 0 5 5 5 3 14 0 13 1 1 0 1 3 3 1 3 1 1 0 1 113 9 51 24 30 56 35 50 23 27 7 7 7 2 1.1 14 14 14 8 
185 0 0 5 5 6 1 19 0 19 0 1 0 0 4 4 0 4 0 0 0 4 130 9 88 23 51 33 34 54 20 34 10 10 11 2 0.38 19 19 22 4 
165 0 0 3 3 3 1 12 0 11 0 1 0 2 12 12 2 12 0 2 2 8 248 21 172 53 97 56 86 123 46 77 5 5 7 2 0.33 33 33 35 12 
186 0 0 3 3 3 1 18 2 16 0 1 0 0 1 1 0 1 0 0 0 1 74 9 26 15 12 39 14 18 12 6 3 3 3 2 1.5 3 3 3 1 
180 0 0 3 3 3 1 10 0 10 0 1 0 0 3 3 0 3 0 0 0 3 78 7 41 15 16 30 15 25 11 14 5 5 5 1 0.73 9 9 9 3 
192 1 1 1 1 1 1 4 0 4 0 1 0 0 4 4 0 4 0 0 0 4 67 9 27 17 5 31 12 18 14 4 2 2 2 1 1.15 5 5 5 4 
179 1 1 1 1 1 1 4 0 4 0 1 0 0 4 4 0 4 0 0 0 4 67 9 27 17 5 31 12 18 14 4 2 2 2 1 1.15 5 5 5 4 
181 1 1 4 4 5 1 22 1 18 3 1 0 0 5 5 0 5 0 0 0 5 194 17 106 30 65 71 38 60 24 36 10 10 13 2 0.67 21 21 26 5 
171 0 0 4 4 4 2 13 0 13 0 1 2 0 6 4 0 6 0 2 0 4 170 12 96 30 50 62 40 64 27 37 6 6 7 3 0.65 23 23 26 11 
193 0 0 3 3 3 1 13 0 12 0 1 1 0 12 11 0 12 0 2 2 8 256 24 177 67 93 56 91 127 54 73 7 7 7 6 0.32 33 33 35 14 
198 0 0 3 3 3 1 18 2 16 0 1 0 0 1 1 0 1 0 0 0 1 74 9 26 15 12 39 14 18 12 6 3 3 3 2 1.5 3 3 3 1 
182 1 1 3 3 3 1 9 0 9 0 1 0 0 4 4 0 4 0 0 0 4 98 9 52 19 22 37 21 33 16 17 5 5 5 2 0.71 11 11 12 4 
