216 0 0 1 1 1 1 1 0 1 0 1 0 0 1 1 0 1 1 0 0 0 75 2 12 11 0 62 7 8 8 0 1 1 1 0 5.17 1 1 1 1 
217 0 0 0 0 0 0 0 0 0 0 1 0 0 0 0 0 0 0 0 0 0 58 2 11 10 0 46 6 7 7 0 0 0 0 0 4.18 0 0 0 0 
214 0 0 0 0 0 0 0 0 0 0 1 0 0 0 0 0 0 0 0 0 0 49 2 11 10 0 37 6 7 7 0 0 0 0 0 3.36 0 0 0 0 
215 0 0 0 0 0 0 0 0 0 0 1 0 0 0 0 0 0 0 0 0 0 50 2 11 10 0 38 6 7 7 0 0 0 0 0 3.45 0 0 0 0 
99 1 1 1 1 1 1 2 0 2 0 1 0 4 1 1 0 1 0 1 0 0 64 9 11 9 4 44 6 8 8 0 1 1 1 0 4 1 1 1 1 
105 2 1 1 1 1 1 1 0 1 0 1 0 0 7 7 0 7 7 0 0 0 130 12 14 13 0 104 10 11 11 0 1 1 1 0 7.43 7 7 7 7 
101 2 2 1 1 1 1 1 0 1 0 1 0 0 1 1 0 1 1 0 0 0 48 5 5 4 0 38 3 4 4 0 1 1 1 0 7.6 1 1 1 1 
100 2 2 2 2 2 1 7 0 7 0 1 0 0 6 6 1 6 0 0 0 6 144 14 55 21 22 75 24 37 17 20 3 3 3 1 1.36 12 12 12 6 
95 1 2 3 3 3 2 9 0 9 0 1 0 5 12 12 4 12 0 0 0 12 289 26 135 35 79 128 62 91 30 61 9 9 13 2 0.95 32 32 39 23 
109 1 1 1 1 1 1 4 0 4 0 1 0 0 10 10 3 10 0 0 0 10 145 22 51 19 21 72 25 37 17 20 2 2 2 1 1.41 12 12 12 10 
96 1 1 1 1 1 1 3 0 3 0 1 0 1 3 3 0 3 0 0 0 3 71 9 16 9 4 46 7 11 8 3 1 1 1 0 2.88 3 3 3 3 
106 2 1 2 2 2 2 6 0 6 0 1 0 1 5 5 1 5 0 0 0 5 90 14 46 20 21 30 24 35 16 19 5 5 5 2 0.65 10 10 10 9 
227 3 1 1 1 1 1 1 0 1 0 1 0 0 1 1 0 1 1 0 0 0 62 6 10 9 0 46 5 6 6 0 1 1 1 0 4.6 1 1 1 1 
97 1 1 1 1 1 1 1 0 1 0 1 0 0 2 2 0 2 2 0 0 0 44 6 6 5 0 32 4 5 5 0 1 1 1 0 5.33 2 2 2 2 
108 1 1 1 1 1 1 3 0 3 0 1 0 1 3 3 0 3 0 0 0 3 69 7 15 8 4 47 6 10 7 3 1 1 1 0 3.13 3 3 3 3 
98 1 1 1 1 1 1 3 0 3 0 1 0 1 3 3 0 3 0 0 0 3 71 8 16 9 4 47 7 11 8 3 1 1 1 0 2.94 3 3 3 3 
93 2 1 2 2 2 1 8 0 8 0 1 0 1 10 10 3 10 0 0 0 10 180 20 101 35 54 59 49 69 27 42 5 5 6 2 0.58 19 19 20 14 
107 2 1 2 2 2 2 7 0 7 0 1 0 1 7 7 3 7 0 0 0 7 114 15 69 27 33 30 34 49 21 28 5 5 6 2 0.43 14 14 16 11 
94 2 1 2 2 2 2 6 0 6 0 1 0 1 8 8 2 8 0 0 0 8 123 18 62 23 28 43 29 45 19 26 5 5 5 2 0.69 15 15 15 12 
103 1 1 0 0 0 0 0 0 0 0 1 0 3 0 0 0 0 0 0 0 0 69 7 7 6 3 55 5 6 6 0 0 0 0 0 7.86 0 0 0 0 
104 1 1 1 1 1 1 3 0 3 0 1 0 0 2 2 0 2 0 0 0 2 50 6 11 6 2 33 5 8 6 2 1 1 1 0 3 2 2 2 2 
102 1 1 2 2 2 1 6 0 6 0 1 2 0 3 1 0 3 0 1 0 2 83 9 27 11 11 47 11 18 9 9 3 3 3 1 1.74 6 6 6 3 
223 1 1 1 1 1 1 1 0 1 0 1 0 0 4 4 0 4 4 0 0 0 49 8 9 8 0 32 7 8 8 0 1 1 1 0 3.56 4 4 4 4 
46 1 1 1 1 1 1 1 0 1 0 1 0 0 3 3 0 3 3 0 0 0 98 8 20 19 0 70 11 12 12 0 1 1 1 0 3.5 3 3 3 3 
47 1 1 1 1 1 1 3 0 3 0 1 0 1 3 3 0 3 0 0 0 3 68 7 15 8 4 46 6 10 7 3 1 1 1 0 3.07 3 3 3 3 
56 1 1 1 1 1 1 3 0 3 0 1 0 1 4 4 0 4 0 0 0 4 61 11 20 10 6 30 9 14 9 5 1 1 1 0 1.5 4 4 4 4 
82 1 1 1 1 1 1 1 0 1 0 1 0 0 4 4 0 4 4 0 0 0 71 9 10 9 0 52 8 9 9 0 1 1 1 0 5.2 4 4 4 4 
75 1 1 1 1 1 1 1 0 1 0 1 0 0 3 3 0 3 3 0 0 0 71 7 8 7 0 56 6 7 7 0 1 1 1 0 7 3 3 3 3 
85 1 1 1 1 1 1 1 0 1 0 1 0 0 10 10 0 10 10 0 0 0 281 16 42 41 0 223 19 20 20 0 1 1 1 0 5.31 10 10 10 10 
80 1 1 1 1 1 1 1 0 1 0 1 0 0 1 1 0 1 1 0 0 0 60 6 6 5 0 48 4 5 5 0 1 1 1 0 8 1 1 1 1 
77 1 1 1 1 1 1 3 0 3 0 1 0 1 2 2 1 2 0 0 0 2 52 8 14 8 4 30 7 10 7 3 1 1 1 0 2.14 2 2 2 2 
78 1 1 1 1 1 1 3 0 3 0 1 0 1 3 3 0 3 0 0 0 3 73 11 16 9 4 46 7 11 8 3 1 1 1 0 2.88 3 3 3 3 
76 1 1 1 1 1 1 3 0 3 0 1 0 1 3 3 0 3 0 0 0 3 70 8 16 9 4 46 7 11 8 3 1 1 1 0 2.88 3 3 3 3 
79 1 1 1 1 1 1 1 0 1 0 1 0 0 2 2 0 2 2 0 0 0 77 7 11 10 0 59 7 8 8 0 1 1 1 0 5.36 2 2 2 2 
218 1 1 1 1 1 1 1 0 1 0 1 0 0 2 2 0 2 2 0 0 0 80 6 15 15 0 59 8 9 9 0 1 1 1 0 3.93 2 2 2 2 
92 0 0 1 1 1 1 1 0 1 0 1 0 0 1 1 0 1 1 0 0 0 74 7 11 10 0 56 8 9 9 0 1 1 1 0 5.09 1 1 1 1 
84 1 1 1 1 1 1 1 0 1 0 1 0 0 1 1 0 1 1 0 0 0 54 6 6 5 0 42 4 5 5 0 1 1 1 0 7 1 1 1 1 
81 1 1 1 1 1 1 1 0 1 0 1 0 0 1 1 0 1 1 0 0 0 58 5 5 4 0 48 3 4 4 0 1 1 1 0 9.6 1 1 1 1 
246 2 2 1 1 1 1 1 0 1 0 1 0 0 4 4 0 4 4 0 0 0 43 6 8 7 0 29 5 6 6 0 1 1 1 0 3.63 4 4 4 4 
247 2 2 1 1 1 1 1 0 1 0 1 0 0 2 2 0 2 0 0 0 2 43 5 7 7 0 31 6 7 7 0 1 1 1 0 4.43 2 2 2 2 
248 2 2 1 1 1 1 3 0 3 0 1 0 1 4 4 0 4 0 0 0 4 55 8 15 7 5 32 6 11 7 4 1 1 1 0 2.13 4 4 4 4 
249 2 2 1 1 1 1 1 0 1 0 1 0 0 1 1 0 1 1 0 0 0 45 3 3 3 0 39 2 3 3 0 1 1 1 0 13 1 1 1 1 
226 2 1 2 2 2 1 9 2 7 0 1 0 1 2 2 0 2 0 0 0 2 77 11 24 14 8 42 13 18 13 5 3 3 3 1 1.75 4 4 4 2 
224 2 1 3 3 3 2 23 4 10 9 1 0 0 4 4 0 4 0 0 0 4 172 25 57 25 26 90 29 41 22 19 8 8 8 3 1.58 11 11 11 7 
225 2 1 1 1 1 1 5 1 3 0 1 0 0 4 4 0 4 0 0 0 4 86 12 25 16 5 49 12 17 13 4 1 1 1 0 1.96 4 4 4 4 
83 1 1 2 2 2 1 5 0 5 0 1 0 0 2 2 0 2 0 0 0 2 76 8 22 15 4 47 11 14 11 3 2 2 2 0 2.14 3 3 3 2 
68 1 1 1 1 1 1 1 0 1 0 1 0 0 3 3 0 3 3 0 0 0 84 9 13 12 0 62 11 12 12 0 1 1 1 0 4.77 3 3 3 3 
66 1 1 1 1 1 1 3 0 3 0 1 0 1 4 4 0 4 0 0 0 4 77 11 22 11 7 45 10 15 9 6 1 1 1 0 2.05 4 4 4 4 
71 1 1 1 1 1 1 4 0 4 0 1 0 0 5 5 1 5 0 0 0 5 77 11 34 20 9 33 16 23 16 7 2 2 2 1 0.97 6 6 7 5 
72 1 1 1 1 1 1 3 0 3 0 1 0 1 4 4 0 4 0 0 0 4 77 10 22 11 7 45 10 15 9 6 1 1 1 0 2.05 4 4 4 4 
74 1 1 1 1 1 1 3 0 3 0 1 0 1 4 4 0 4 0 0 0 4 80 10 22 11 7 48 10 15 9 6 1 1 1 0 2.18 4 4 4 4 
73 1 1 2 2 2 1 6 0 5 0 1 0 1 5 5 0 5 0 0 0 5 102 13 43 22 17 46 23 33 21 12 4 4 4 2 1.07 8 8 8 5 
67 1 1 1 1 1 1 3 0 3 0 1 0 1 4 4 0 4 0 0 0 4 84 10 22 11 7 52 10 15 9 6 1 1 1 0 2.36 4 4 4 4 
69 1 1 1 1 1 1 3 0 3 0 1 0 1 4 4 0 4 0 0 0 4 76 10 22 11 7 44 10 15 9 6 1 1 1 0 2 4 4 4 4 
64 1 1 2 2 2 1 9 0 8 0 1 0 0 11 11 5 11 0 0 0 11 184 25 116 45 54 43 63 85 40 45 5 5 5 2 0.37 19 19 20 11 
65 1 1 1 1 1 1 3 0 3 0 1 0 1 4 4 0 4 0 0 0 4 79 10 22 11 7 47 10 15 9 6 1 1 1 0 2.14 4 4 4 4 
70 1 2 1 1 1 1 1 0 1 0 1 0 0 4 4 0 4 4 0 0 0 82 9 9 8 0 64 7 8 8 0 1 1 1 0 7.11 4 4 4 4 
88 0 0 0 0 0 0 0 0 0 0 1 0 0 0 0 0 0 0 0 0 0 59 7 13 12 0 39 8 9 9 0 0 0 0 0 3 0 0 0 0 
87 1 1 1 1 1 1 3 0 3 0 1 0 4 1 1 0 1 0 1 0 0 69 9 12 9 5 48 7 9 8 1 1 1 1 0 4 1 1 1 1 
90 1 1 0 0 0 0 0 0 0 0 1 0 11 0 0 0 0 0 0 0 0 130 15 15 14 11 100 12 13 13 0 0 0 0 0 6.67 0 0 0 0 
91 1 1 1 1 1 1 3 0 3 0 1 0 0 12 12 0 12 0 0 0 12 99 18 48 23 12 33 20 33 21 12 1 1 1 0 0.69 12 12 12 12 
86 1 1 1 1 1 1 3 0 3 0 1 0 5 1 1 0 1 0 1 0 0 70 10 13 10 6 47 8 10 9 1 1 1 1 0 3.62 1 1 1 1 
89 1 1 2 2 2 1 6 0 6 0 1 6 0 7 1 0 7 0 1 0 6 96 12 54 14 27 30 18 33 12 21 3 3 3 1 0.56 14 14 14 7 
51 1 1 0 0 0 0 0 0 0 0 1 0 12 0 0 0 0 0 0 0 0 109 14 16 15 12 79 13 14 14 0 0 0 0 0 4.94 0 0 0 0 
50 1 1 1 1 1 1 3 0 3 0 1 0 0 6 6 1 6 0 0 0 6 80 13 33 18 8 34 16 24 16 8 2 2 2 1 1.03 7 7 7 6 
220 1 2 1 1 1 1 7 1 5 1 1 0 0 1 1 0 1 0 0 0 1 58 6 15 12 1 37 8 10 9 1 1 1 1 0 2.47 1 1 1 1 
54 1 1 13 13 14 3 68 7 55 6 1 0 0 2 2 1 2 0 0 0 2 220 23 144 61 82 53 74 104 56 48 25 25 26 4 0.37 26 26 27 5 
219 1 1 4 4 4 1 21 2 19 0 1 0 0 3 3 1 3 0 1 0 2 129 15 81 39 40 33 37 50 31 19 8 8 8 3 0.41 12 12 12 3 
52 1 1 5 5 6 1 17 2 15 0 1 0 1 2 2 0 2 0 0 0 2 92 13 45 21 19 34 22 32 18 14 8 8 10 2 0.76 9 9 11 2 
53 1 1 3 3 3 1 12 1 10 0 1 0 0 2 2 0 2 0 0 0 2 77 11 34 19 11 32 16 24 16 8 5 5 5 2 0.94 6 6 6 2 
48 3 1 6 6 7 3 25 2 22 0 1 0 0 2 2 1 2 0 0 0 2 112 13 66 28 30 33 33 46 24 22 11 11 12 3 0.5 12 12 13 6 
49 3 1 7 7 7 4 28 3 24 0 1 0 0 2 2 1 2 0 0 0 2 118 15 70 29 33 33 35 49 25 24 12 12 13 3 0.47 13 13 14 7 
221 1 1 4 4 5 2 16 1 15 0 1 0 0 3 3 1 3 0 1 0 2 110 12 64 25 30 34 30 43 23 20 7 7 9 3 0.53 12 12 14 6 
222 1 1 7 7 7 7 28 2 24 2 1 0 0 1 1 0 1 0 0 0 1 86 8 39 20 16 39 21 30 18 12 7 7 7 4 1 7 7 7 7 
55 1 1 5 5 5 2 25 1 22 2 1 0 0 3 3 1 3 0 1 0 2 140 13 89 38 44 38 41 59 30 29 8 8 8 5 0.43 16 16 16 6 
63 1 1 4 4 4 3 15 0 15 0 1 1 0 2 1 0 2 0 1 0 1 80 6 37 11 20 37 15 23 10 13 7 7 7 3 1 8 8 8 6 
62 0 0 1 1 1 1 1 0 1 0 1 0 0 1 1 0 1 1 0 0 0 45 2 3 3 0 40 2 3 3 0 1 1 1 0 13.33 1 1 1 1 
57 1 1 3 3 3 2 11 0 10 1 1 0 0 2 2 1 2 0 0 0 2 74 7 27 11 14 40 13 18 10 8 3 3 3 1 1.48 6 6 6 4 
61 1 1 1 1 1 1 3 0 3 0 1 1 1 1 0 1 1 0 0 0 1 58 5 18 8 6 35 8 11 6 5 1 1 1 0 1.94 1 1 1 1 
58 1 2 5 5 6 3 17 0 16 1 1 0 9 4 4 0 4 0 2 1 1 125 10 80 32 60 38 58 78 32 46 8 8 8 3 0.47 19 19 22 11 
59 2 2 4 4 4 1 16 0 16 0 1 8 0 9 1 0 9 0 4 0 5 286 16 158 42 95 113 60 96 32 64 8 8 10 3 0.72 37 37 40 11 
60 1 1 4 4 4 1 14 0 13 0 1 7 3 7 0 0 7 0 2 0 5 220 18 121 56 68 81 65 89 50 39 6 6 8 3 0.67 25 25 29 9 
6 1 1 2 2 2 1 11 1 9 1 1 0 0 4 4 2 4 0 0 0 4 105 15 46 16 21 44 19 29 11 18 2 2 2 2 0.96 7 7 7 4 
5 0 0 2 2 2 1 8 0 7 0 1 0 0 11 11 2 11 0 0 1 10 182 24 99 30 46 59 36 61 21 40 3 3 3 2 0.6 19 19 21 11 
7 1 1 1 1 1 1 1 0 1 0 1 0 0 6 6 0 6 6 0 0 0 114 11 12 11 0 91 10 11 11 0 1 1 1 0 7.58 6 6 6 6 
20 1 1 1 1 1 1 1 0 1 0 1 0 0 1 1 0 1 1 0 0 0 45 5 8 7 0 32 4 5 5 0 1 1 1 0 4 1 1 1 1 
3 2 1 1 1 1 1 1 0 1 0 1 0 0 3 3 0 3 3 0 0 0 105 9 22 21 0 74 11 12 12 0 1 1 1 0 3.36 3 3 3 3 
38 1 1 1 1 1 1 1 0 1 0 1 0 0 2 2 0 2 2 0 0 0 71 6 7 6 0 58 4 5 5 0 1 1 1 0 8.29 2 2 2 2 
1 1 1 1 1 1 1 3 0 3 0 1 0 1 2 2 0 2 0 0 0 2 62 8 13 8 3 41 6 9 7 2 1 1 1 0 3.15 2 2 2 2 
19 1 1 1 1 1 1 1 0 1 0 1 0 0 1 1 0 1 1 0 0 0 66 4 7 6 0 55 5 6 6 0 1 1 1 0 7.86 1 1 1 1 
8 1 1 1 1 1 1 3 0 3 0 1 0 1 2 2 0 2 0 0 0 2 60 7 12 7 3 41 5 8 6 2 1 1 1 0 3.42 2 2 2 2 
2 1 1 1 1 1 1 1 0 1 0 1 0 0 2 2 0 2 2 0 0 0 70 6 8 7 0 56 4 5 5 0 1 1 1 0 7 2 2 2 2 
18 1 1 3 3 3 1 10 0 9 0 1 0 0 12 12 3 12 0 0 4 8 295 32 132 34 76 135 53 88 27 61 4 4 5 3 1.02 31 31 32 12 
17 1 1 1 1 1 1 1 0 1 0 1 0 0 3 3 0 3 3 0 0 0 95 7 11 10 0 77 6 7 7 0 1 1 1 0 7 3 3 3 3 
45 1 1 1 1 1 1 4 0 4 0 1 0 1 2 2 1 2 0 0 0 2 58 10 17 10 5 31 10 13 9 4 1 1 1 0 1.82 2 2 2 2 
10 1 1 1 1 1 1 1 0 1 0 1 0 0 13 13 0 13 13 0 0 0 227 20 30 29 0 177 23 24 24 0 1 1 1 0 5.9 13 13 13 13 
4 2 1 3 3 4 2 16 2 12 2 1 1 1 5 4 0 5 0 1 0 4 193 25 85 35 41 86 42 60 28 32 10 10 11 2 1.01 17 17 18 8 
9 1 1 1 1 1 1 1 0 1 0 1 0 0 6 6 0 6 6 0 0 0 152 11 19 18 0 122 13 14 14 0 1 1 1 0 6.42 6 6 6 6 
37 1 1 0 0 0 0 0 0 0 0 1 0 1 0 0 0 0 0 0 0 0 56 5 4 3 1 47 2 3 3 0 0 0 0 0 11.75 0 0 0 0 
36 1 1 1 1 1 1 3 0 3 0 1 0 0 2 2 0 2 0 0 0 2 56 7 13 8 2 36 6 9 7 2 1 1 1 0 2.77 2 2 2 2 
32 1 1 0 0 0 0 0 0 0 0 1 0 3 0 0 0 0 0 0 0 0 68 6 8 7 3 54 4 5 5 0 0 0 0 0 6.75 0 0 0 0 
31 1 1 1 1 1 1 3 0 3 0 1 0 0 4 4 0 4 0 0 0 4 65 9 21 12 4 35 8 13 9 4 1 1 1 0 1.67 4 4 4 4 
28 1 1 2 2 2 1 7 0 7 0 2 6 2 7 1 0 7 0 0 0 7 175 17 66 25 29 92 21 36 15 21 3 3 3 1 1.39 14 14 14 7 
30 1 1 1 1 1 1 1 0 1 0 1 0 0 1 1 0 1 1 0 0 0 43 5 5 4 0 33 3 4 4 0 1 1 1 0 6.6 1 1 1 1 
33 2 2 2 2 2 1 6 0 6 0 1 0 1 9 9 2 9 0 0 0 9 122 18 67 22 31 38 27 43 19 24 3 3 3 1 0.57 15 15 15 9 
35 1 1 0 0 0 0 0 0 0 0 1 0 3 0 0 0 0 0 0 0 0 76 7 6 5 3 63 4 5 5 0 0 0 0 0 10.5 0 0 0 0 
29 1 1 1 1 1 1 3 0 3 0 1 0 0 4 4 0 4 0 0 0 4 68 10 22 13 4 36 11 16 12 4 1 1 1 0 1.64 4 4 4 4 
34 1 1 2 2 2 1 8 0 7 0 1 6 2 7 1 0 7 0 1 0 6 187 16 65 27 30 108 25 41 19 22 3 3 4 1 1.66 15 15 17 7 
11 1 1 6 6 7 5 21 3 14 3 1 0 0 4 4 0 4 0 0 3 1 168 26 62 11 47 82 28 50 11 39 11 11 16 2 1.32 22 22 29 18 
13 0 0 2 2 3 1 8 0 7 0 1 2 1 22 20 6 22 0 3 0 19 427 76 191 52 116 160 85 136 45 91 6 6 12 2 0.84 50 50 59 24 
12 0 0 1 1 1 1 1 0 1 0 1 0 7 1 1 0 1 0 0 0 1 74 12 11 10 7 51 9 10 10 0 1 1 1 0 4.64 1 1 1 1 
15 1 1 1 1 1 1 1 0 1 0 1 0 0 1 1 0 1 0 0 0 1 67 5 10 9 0 52 6 7 7 0 1 1 1 0 5.2 1 1 1 1 
14 1 1 1 1 1 1 0 0 0 0 3 0 0 10 14 4 14 10 0 0 4 161 17 17 16 0 127 13 16 16 0 1 1 1 0 7.47 14 14 14 14 
16 1 1 2 2 3 1 9 0 8 0 1 0 0 23 23 7 23 0 0 0 23 397 53 217 48 136 127 101 156 46 110 8 8 15 2 0.59 56 56 66 25 
41 3 2 1 1 1 1 1 0 1 0 1 0 0 1 1 0 1 1 0 0 0 52 5 7 6 0 40 4 5 5 0 1 1 1 0 5.71 1 1 1 1 
230 3 2 1 1 1 1 1 0 1 0 1 0 0 1 1 0 1 1 0 0 0 66 5 12 11 0 49 5 6 6 0 1 1 1 0 4.08 1 1 1 1 
228 3 2 1 1 1 1 5 0 5 0 1 0 0 2 2 1 2 1 0 0 1 52 7 19 13 3 26 8 11 8 3 1 1 1 0 1.37 2 2 2 2 
43 2 1 1 1 1 1 1 0 1 0 1 0 0 1 1 0 1 1 0 0 0 69 5 13 12 0 51 5 6 6 0 1 1 1 0 3.92 1 1 1 1 
232 3 2 1 1 1 1 4 0 4 0 1 0 0 2 2 1 2 1 0 0 1 50 7 17 11 3 26 8 11 8 3 1 1 1 0 1.53 2 2 2 2 
42 5 1 2 2 2 1 10 0 9 0 1 1 1 8 7 1 8 0 0 0 8 186 17 95 40 41 75 41 60 27 33 6 6 6 2 0.79 18 18 19 8 
40 2 1 2 2 3 1 9 0 9 0 1 0 0 11 11 5 11 0 0 0 11 263 24 116 32 64 123 50 75 24 51 5 5 7 2 1.06 25 25 30 16 
44 2 2 2 2 2 1 6 0 5 0 1 0 0 8 8 1 8 0 0 0 8 173 18 57 22 27 98 28 43 21 22 2 2 2 1 1.72 14 14 14 8 
233 6 2 1 1 1 1 1 0 1 0 1 0 0 3 3 0 3 3 0 0 0 118 8 16 15 0 94 10 11 11 0 1 1 1 0 5.88 3 3 3 3 
229 4 2 2 2 2 1 5 0 5 0 1 0 0 7 7 1 7 1 0 0 6 93 13 54 28 20 26 26 38 21 17 4 4 4 1 0.48 11 11 11 10 
39 2 1 1 1 1 1 1 0 1 0 1 0 0 3 3 0 3 3 0 0 0 127 8 22 21 0 97 10 11 11 0 1 1 1 0 4.41 3 3 3 3 
231 4 2 2 2 2 1 6 0 6 0 1 0 0 7 7 1 7 1 0 0 6 97 13 57 29 21 28 27 40 22 18 4 4 4 2 0.49 12 12 13 10 
24 1 2 4 4 4 1 22 1 15 5 1 6 1 11 5 0 11 0 2 0 9 365 39 201 76 116 125 100 141 69 72 12 12 18 3 0.62 39 39 48 15 
25 1 1 1 1 1 1 4 0 4 0 1 0 0 2 2 0 2 0 0 0 2 54 6 14 10 1 34 3 6 5 1 1 1 1 0 2.43 2 2 2 2 
26 1 1 1 1 1 1 4 0 4 0 1 0 0 2 2 0 2 0 0 0 2 62 7 16 11 2 39 5 8 6 2 1 1 1 0 2.44 2 2 2 2 
21 8 2 2 2 2 1 10 0 9 0 1 2 7 23 21 3 23 0 2 0 21 499 40 281 150 111 180 109 152 76 76 9 9 9 3 0.64 44 44 46 23 
22 1 1 1 1 1 1 4 0 4 0 1 0 0 2 2 0 2 0 0 0 2 69 7 16 11 2 46 5 8 6 2 1 1 1 0 2.88 2 2 2 2 
236 3 2 1 1 1 1 4 0 4 0 1 0 0 4 4 2 4 1 0 0 3 64 9 26 13 7 29 12 18 11 7 2 2 2 1 1.12 5 5 5 4 
235 3 2 1 1 1 1 4 0 4 0 1 0 0 1 1 0 1 0 0 0 1 45 4 9 6 1 32 4 6 5 1 1 1 1 0 3.56 1 1 1 1 
234 3 2 1 1 1 1 1 0 1 0 1 0 0 1 1 0 1 1 0 0 0 57 4 6 5 0 47 4 5 5 0 1 1 1 0 7.83 1 1 1 1 
23 2 2 1 1 1 1 1 0 1 0 1 0 0 3 3 0 3 3 0 0 0 84 7 12 11 0 65 9 10 10 0 1 1 1 0 5.42 3 3 3 3 
27 1 1 1 1 1 1 2 0 2 0 1 4 3 5 1 0 5 0 1 0 4 73 13 29 16 10 31 10 16 12 4 1 1 2 0 1.07 5 5 6 5 
203 1 1 1 1 1 1 1 0 1 0 1 0 10 2 2 0 2 2 0 0 0 61 7 14 14 10 40 13 14 14 0 1 1 1 0 2.86 2 2 2 2 
202 1 1 1 1 1 1 1 0 1 0 1 0 0 12 12 0 12 12 0 0 0 137 17 16 15 0 104 14 15 15 0 1 1 1 0 6.5 12 12 12 12 
208 1 1 1 1 1 1 1 0 1 0 1 0 0 3 3 0 3 3 0 0 0 73 5 8 7 0 60 4 5 5 0 1 1 1 0 7.5 3 3 3 3 
209 1 1 9 9 9 1 31 0 30 1 1 0 1 1 1 0 1 0 0 0 1 80 7 38 13 23 35 19 29 12 17 9 9 9 2 0.92 9 9 9 1 
199 1 1 2 2 2 1 8 0 8 0 1 0 0 6 6 4 6 0 0 0 6 105 11 62 17 33 32 30 43 15 28 6 6 6 1 0.52 12 12 12 6 
205 1 1 4 4 4 3 12 0 11 0 1 0 1 2 2 0 2 0 1 0 1 81 8 31 12 17 42 15 23 11 12 4 4 4 1 1.35 7 7 7 5 
237 1 1 1 1 1 1 3 0 3 0 1 0 1 2 2 0 2 0 0 0 2 61 7 12 7 3 42 5 8 6 2 1 1 1 0 3.5 2 2 2 2 
211 1 1 1 1 1 1 1 0 1 0 1 0 0 6 6 0 6 6 0 0 0 109 11 11 10 0 87 9 10 10 0 1 1 1 0 7.91 6 6 6 6 
210 2 2 1 1 1 1 1 0 1 0 1 0 0 1 1 0 1 1 0 0 0 48 5 5 4 0 38 3 4 4 0 1 1 1 0 7.6 1 1 1 1 
206 2 2 2 2 2 1 6 0 6 0 1 0 0 7 7 1 7 0 0 0 7 157 15 57 21 23 85 25 39 18 21 3 3 3 1 1.49 13 13 13 7 
200 1 1 1 1 1 1 3 0 3 0 1 0 1 3 3 0 3 0 0 0 3 72 8 16 9 4 48 7 11 8 3 1 1 1 0 3 3 3 3 3 
204 1 1 0 0 0 0 0 0 0 0 1 0 4 0 0 0 0 0 0 0 0 43 4 7 6 4 32 5 6 6 0 0 0 0 0 4.57 0 0 0 0 
201 1 1 1 1 1 1 1 0 1 0 1 0 0 7 7 0 7 7 0 0 0 109 12 11 10 0 86 9 10 10 0 1 1 1 0 7.82 7 7 7 7 
207 1 1 1 1 1 1 1 0 1 0 1 0 0 3 3 0 3 3 0 0 0 60 7 6 5 0 47 4 5 5 0 1 1 1 0 7.83 3 3 3 3 
213 1 1 0 0 0 0 0 0 0 0 1 0 2 0 0 0 0 0 0 0 0 61 5 5 4 2 51 3 4 4 0 0 0 0 0 10.2 0 0 0 0 
212 1 1 1 1 1 1 3 0 3 0 1 0 0 3 3 0 3 0 0 0 3 59 9 17 10 3 33 8 12 9 3 1 1 1 0 1.94 3 3 3 3 
163 3 1 2 2 3 1 9 0 9 0 1 0 0 6 6 1 6 0 0 1 5 146 15 76 35 33 56 40 54 28 26 9 9 11 2 0.74 14 14 16 6 
155 2 2 2 2 2 1 8 0 8 0 1 1 0 7 6 1 7 0 0 0 7 179 19 75 36 31 85 39 52 27 25 5 5 5 1 1.13 13 13 13 7 
161 1 1 1 1 1 1 3 0 3 0 1 0 0 1 1 0 1 0 0 0 1 49 6 11 8 1 32 6 8 7 1 1 1 1 0 2.91 1 1 1 1 
159 1 1 3 3 3 1 21 1 18 1 1 3 5 14 11 3 14 0 6 0 8 479 51 285 106 191 145 171 217 92 125 11 11 11 3 0.51 45 45 47 17 
158 1 1 1 1 1 1 3 0 3 0 1 0 0 1 1 0 1 0 0 0 1 49 6 11 8 1 32 6 8 7 1 1 1 1 0 2.91 1 1 1 1 
164 1 1 1 1 1 1 1 0 1 0 1 0 0 2 2 0 2 2 0 0 0 70 5 12 11 0 53 3 4 4 0 1 1 1 0 4.42 2 2 2 2 
160 1 1 1 1 1 1 3 0 3 0 1 0 1 3 3 0 3 0 0 0 3 68 9 16 9 4 43 7 11 8 3 1 1 1 0 2.69 3 3 3 3 
156 2 1 2 2 2 1 8 0 7 0 2 0 0 8 10 9 10 0 0 1 9 161 16 106 42 52 39 47 64 30 34 5 5 6 2 0.37 17 17 19 10 
242 4 2 3 3 3 1 12 0 10 1 2 0 2 12 14 11 14 0 0 2 12 326 33 188 67 104 105 94 128 54 74 19 19 24 3 0.56 35 35 41 16 
244 2 1 1 1 1 1 3 0 3 0 1 0 0 6 6 2 6 0 0 0 6 72 11 30 15 8 31 15 22 14 8 1 1 1 0 1.03 6 6 6 6 
157 1 1 2 2 2 1 7 0 6 0 1 0 0 5 5 1 5 0 0 2 3 118 13 50 24 18 56 25 37 22 15 3 3 3 1 1.12 10 10 10 5 
243 2 2 1 1 1 1 1 0 1 0 1 0 0 1 1 0 1 1 0 0 0 43 5 5 4 0 33 3 4 4 0 1 1 1 0 6.6 1 1 1 1 
162 1 1 1 1 1 1 3 0 3 0 1 0 1 3 3 0 3 0 0 0 3 69 7 15 8 4 47 6 10 7 3 1 1 1 0 3.13 3 3 3 3 
151 1 1 4 4 4 2 19 1 17 0 1 0 1 5 5 1 5 0 0 3 2 188 18 122 52 61 48 60 83 45 38 11 11 11 4 0.39 20 20 22 8 
141 3 1 1 1 1 1 6 0 5 0 1 0 0 74 74 18 74 0 2 22 50 858 174 498 224 200 187 199 291 153 138 9 9 9 3 0.38 107 107 107 74 
239 1 1 2 2 2 1 4 0 4 0 1 0 0 6 6 1 6 0 0 0 6 84 12 39 16 13 33 17 27 14 13 2 2 2 1 0.85 9 9 9 6 
145 2 1 2 2 2 1 6 0 6 0 1 0 1 7 7 2 7 0 0 0 7 159 17 69 29 25 73 35 51 28 23 5 5 5 3 1.06 16 16 16 10 
143 2 1 2 2 2 1 7 0 7 0 1 1 0 6 5 1 6 0 1 0 5 113 13 56 25 22 44 24 38 20 18 5 5 5 3 0.79 12 12 12 6 
138 1 1 3 3 3 1 11 1 10 0 1 0 0 1 1 0 1 0 0 0 1 75 8 22 15 6 45 13 16 13 3 3 3 3 1 2.05 3 3 3 1 
139 0 0 2 2 2 1 6 0 5 0 1 0 0 11 11 4 11 0 0 0 11 270 31 76 26 34 163 28 45 21 24 6 6 9 1 2.14 20 20 23 11 
240 2 2 1 1 1 1 4 0 3 0 1 0 0 4 4 0 4 0 0 1 3 82 10 26 15 7 47 14 19 13 6 1 1 1 0 1.81 4 4 4 4 
153 1 1 5 5 6 4 19 0 19 0 1 0 0 1 1 0 1 0 0 0 1 71 5 31 17 13 35 16 22 15 7 5 5 6 3 1.13 5 5 6 4 
149 3 1 1 1 1 1 8 0 7 0 1 0 0 21 21 0 21 0 0 17 4 397 50 238 115 114 110 127 152 90 62 6 6 6 2 0.46 27 27 27 21 
150 2 1 3 3 3 3 13 0 11 2 1 0 0 5 5 2 5 0 0 0 5 150 15 74 31 33 61 36 52 25 27 11 11 13 1 0.82 15 15 17 13 
144 1 1 2 2 2 1 8 0 8 0 1 0 0 4 4 0 4 0 0 1 3 91 10 49 30 15 32 22 30 20 10 2 2 2 1 0.65 7 7 7 4 
147 1 1 7 6 7 1 38 3 33 2 1 0 1 3 3 1 3 0 0 0 3 186 22 126 52 74 39 59 78 41 37 14 14 14 3 0.31 21 18 22 3 
241 3 1 5 4 5 1 25 1 22 1 1 0 1 5 5 1 5 0 0 1 4 201 22 140 58 80 40 64 86 45 41 13 13 13 3 0.29 24 21 27 5 
238 1 1 1 1 1 1 7 0 7 0 1 0 0 3 3 1 3 0 0 0 3 77 9 39 27 9 29 19 24 18 6 2 2 2 1 0.74 4 4 4 3 
146 6 2 8 7 8 3 53 6 42 4 1 0 0 17 17 21 17 0 6 8 3 1243 174 814 248 535 267 393 516 180 336 28 28 31 6 0.33 132 126 141 46 
154 1 1 2 2 2 1 8 0 8 0 1 0 0 4 4 0 4 0 0 1 3 92 11 49 30 15 32 22 30 20 10 2 2 2 1 0.65 7 7 7 4 
148 1 1 5 5 6 2 19 2 17 0 1 1 0 2 1 0 2 0 1 0 1 101 13 49 26 23 39 25 35 22 13 6 6 6 3 0.8 9 9 11 4 
140 1 1 1 1 1 1 3 0 3 0 1 0 0 5 5 1 5 0 0 0 5 79 11 31 19 7 38 15 21 15 6 1 1 2 0 1.23 5 5 7 5 
152 4 1 2 2 2 1 5 0 5 0 1 0 0 5 5 2 5 0 0 0 5 99 11 41 20 15 48 22 31 19 12 4 4 4 3 1.17 8 8 8 5 
136 1 1 1 1 2 1 5 0 5 0 1 0 0 15 15 5 15 0 0 0 15 165 24 102 38 45 39 52 75 37 38 4 4 4 2 0.38 22 22 23 15 
135 0 0 1 1 1 1 3 0 3 0 1 0 0 3 3 2 3 0 0 0 3 65 9 19 10 5 40 10 14 9 5 1 1 1 0 2.11 3 3 3 3 
142 1 1 1 1 1 1 3 0 3 0 1 0 1 2 2 1 2 0 0 0 2 56 9 16 10 4 31 9 12 9 3 1 1 1 0 1.94 2 2 2 2 
250 2 2 1 1 1 1 3 0 3 0 2 0 1 6 6 3 6 0 0 1 5 106 13 41 23 14 52 21 28 21 7 1 1 1 0 1.27 6 6 6 6 
255 2 2 2 2 2 1 7 0 6 0 1 0 2 34 34 8 34 0 3 12 19 404 57 254 92 141 93 128 192 94 98 6 6 8 5 0.37 62 62 67 48 
256 2 2 1 1 1 1 12 2 10 0 1 0 0 1 1 0 1 0 0 0 1 54 6 17 8 7 31 5 7 6 1 1 1 1 0 1.82 1 1 1 1 
257 2 2 3 3 3 1 14 2 11 0 1 0 0 6 6 0 6 0 4 1 1 151 25 83 33 45 43 34 54 29 25 5 5 5 4 0.52 17 17 19 8 
258 2 2 3 3 3 2 11 1 9 0 1 0 0 6 6 3 6 0 3 1 2 137 19 74 26 37 45 33 53 28 25 7 7 7 4 0.61 16 16 19 12 
251 2 2 8 8 8 8 39 6 33 0 1 0 0 1 1 1 1 0 0 0 1 94 11 45 15 25 38 24 35 16 19 8 8 8 3 0.84 8 8 8 8 
252 2 2 0 0 0 0 0 0 0 0 1 0 1 0 0 0 0 0 0 0 0 39 3 8 7 1 29 5 6 6 0 0 0 0 0 3.63 0 0 0 0 
253 2 2 3 3 3 1 12 1 11 0 1 0 0 3 3 0 3 1 2 0 0 91 10 45 20 23 36 24 33 18 15 4 4 4 2 0.8 8 8 8 3 
254 2 2 17 17 17 17 76 8 65 3 1 0 0 1 1 1 1 0 0 0 1 133 12 77 15 48 44 36 56 16 40 17 17 17 5 0.57 17 17 17 17 
259 2 2 2 2 2 2 11 1 10 0 2 0 4 30 30 18 30 0 2 9 19 582 80 369 147 213 134 209 266 116 150 12 12 12 2 0.36 57 57 59 45 
260 2 2 2 2 2 1 6 1 5 0 1 0 0 3 3 2 3 0 0 0 3 75 9 26 12 11 40 13 20 10 10 3 3 3 1 1.54 6 6 6 3 
261 2 2 2 2 2 1 14 1 13 0 1 0 0 1 1 0 1 0 0 0 1 63 5 22 13 9 36 13 16 11 5 2 2 2 1 1.64 2 2 2 1 
262 2 2 5 5 5 1 32 2 19 10 1 0 0 2 2 0 2 0 0 0 2 127 10 50 15 27 67 20 31 14 17 5 5 5 2 1.34 9 9 9 2 
263 2 2 0 0 0 0 0 0 0 0 1 0 31 0 0 0 0 0 0 0 0 73 8 36 35 31 29 33 34 34 0 0 0 0 0 0.81 0 0 0 0 
264 2 2 1 1 1 1 3 0 2 0 1 0 0 27 27 2 27 0 0 0 27 180 31 105 62 17 44 29 58 44 14 2 2 2 1 0.42 28 28 28 27 
265 2 2 3 3 3 2 14 2 11 0 1 0 0 17 17 0 17 0 12 2 3 320 57 221 59 133 42 96 155 61 94 6 6 7 3 0.19 55 53 59 38 
266 2 2 0 0 0 0 0 0 0 0 1 0 0 0 2 4 2 0 0 0 2 39 3 7 6 0 29 1 2 2 0 1 1 1 0 4.14 2 2 2 2 
267 2 2 5 5 7 5 20 2 16 0 1 0 0 6 6 2 6 0 1 2 3 195 26 116 30 74 53 52 86 35 51 18 13 19 3 0.46 32 27 40 28 
268 2 2 2 2 3 2 10 1 8 0 1 0 0 14 14 0 14 0 13 0 1 209 44 130 38 67 35 49 84 29 55 5 5 5 1 0.27 34 34 37 21 
269 2 2 2 2 2 1 9 1 7 0 1 0 0 9 9 8 9 0 2 6 1 152 32 86 38 44 34 52 70 36 34 5 5 6 1 0.4 17 17 18 11 
270 2 2 4 4 4 2 17 1 16 0 1 0 0 3 3 0 3 0 0 1 2 102 11 62 22 35 29 35 52 25 27 7 7 8 3 0.47 12 12 13 5 
113 2 1 1 1 2 1 6 0 6 0 1 0 0 33 33 5 33 0 0 7 26 355 47 228 86 118 81 120 170 78 92 4 4 4 1 0.36 49 49 50 35 
129 1 1 3 3 4 1 17 2 13 2 1 0 0 8 8 5 8 0 0 2 6 294 41 123 32 69 131 51 76 26 50 7 7 8 1 1.07 25 25 29 8 
111 1 2 2 2 2 1 5 0 5 0 1 0 0 14 14 1 14 0 0 5 9 179 22 93 43 42 64 45 66 35 31 3 3 3 1 0.69 21 21 22 14 
245 1 1 1 1 1 1 3 0 3 0 1 0 1 1 1 0 1 0 0 0 1 50 6 9 6 2 35 4 6 5 1 1 1 1 0 3.89 1 1 1 1 
131 4 2 2 2 2 1 8 0 8 0 1 0 0 17 17 8 17 0 0 3 14 282 35 185 77 86 65 81 117 56 61 4 4 4 2 0.35 33 33 33 17 
128 6 1 5 5 5 2 20 1 19 0 1 0 0 6 6 2 6 0 0 2 4 246 23 143 58 72 81 71 98 46 52 14 14 14 3 0.57 27 27 27 9 
132 1 1 4 4 4 1 24 3 18 2 1 0 0 2 2 1 2 0 0 0 2 124 19 52 28 22 54 26 34 21 13 5 5 5 1 1.04 7 7 7 2 
134 2 2 4 4 5 2 23 0 20 3 1 0 0 2 2 4 2 0 0 1 1 122 11 66 36 28 46 40 48 29 19 6 6 8 2 0.7 8 8 10 4 
110 2 2 3 3 3 1 11 1 10 0 2 0 0 7 7 4 7 1 0 0 6 180 23 91 33 46 66 42 66 34 32 6 6 6 3 0.73 20 20 20 7 
133 3 2 2 2 2 1 6 0 6 0 1 0 0 9 9 3 9 0 0 0 9 125 18 68 31 31 39 36 51 29 22 2 2 3 1 0.57 15 15 20 9 
130 3 2 2 2 2 1 5 0 5 0 1 0 0 9 9 3 9 0 0 0 9 119 18 62 25 25 39 30 45 23 22 2 2 2 1 0.63 15 15 15 9 
114 1 1 3 3 4 1 20 3 14 2 1 0 0 7 7 2 7 0 0 3 4 287 42 125 55 64 122 60 82 42 40 7 6 9 2 0.98 24 22 26 7 
112 1 1 3 3 3 1 12 1 10 1 4 0 1 19 19 9 19 0 0 8 11 418 59 229 67 128 135 95 148 53 95 10 10 13 3 0.59 49 49 54 19 
115 2 1 2 2 2 1 7 0 7 0 1 0 0 13 13 1 13 0 1 0 12 161 20 110 37 49 31 43 70 23 47 6 6 7 2 0.28 26 26 27 13 
122 1 1 1 1 1 1 6 0 5 0 1 0 0 12 12 8 12 0 0 3 9 252 40 110 60 36 103 54 71 41 30 3 3 3 2 0.94 17 17 17 12 
124 0 0 1 1 1 1 4 0 4 0 1 0 0 6 6 0 6 0 0 4 2 90 13 38 19 10 39 14 23 13 10 2 2 2 1 1.03 8 8 8 6 
118 0 0 2 2 2 1 6 0 6 0 1 0 0 2 2 1 2 0 0 0 2 81 15 21 11 6 47 10 14 9 5 2 2 2 1 2.24 3 3 3 2 
126 0 0 1 1 1 1 4 0 3 0 1 0 0 4 4 0 4 0 0 4 0 72 8 23 13 5 41 9 14 9 5 1 1 1 0 1.78 4 4 4 4 
117 1 2 3 3 3 1 20 3 15 1 2 0 0 24 24 7 24 0 0 13 11 734 130 401 96 256 208 181 262 77 185 12 12 16 5 0.52 66 66 72 26 
116 1 1 1 1 1 1 1 0 1 0 1 0 0 2 2 0 2 2 0 0 0 66 7 9 8 0 50 5 6 6 0 1 1 1 0 5.56 2 2 2 2 
121 0 0 1 1 1 1 1 0 1 0 1 0 0 1 1 0 1 0 0 0 1 46 4 7 6 0 35 3 4 4 0 1 1 1 0 5 1 1 1 1 
127 0 0 3 3 3 1 9 0 8 0 1 0 0 4 4 3 4 0 0 0 4 126 20 42 15 18 66 17 28 13 15 4 4 4 2 1.57 10 10 10 4 
120 1 1 2 2 2 1 6 0 6 0 2 0 0 17 17 7 17 0 0 0 17 325 52 134 44 68 142 64 94 42 52 6 6 8 3 1.06 29 29 32 21 
119 2 2 2 2 2 1 8 0 7 0 2 0 0 22 22 6 22 0 0 4 18 353 43 181 59 90 132 81 120 51 69 9 9 11 2 0.73 35 35 37 22 
123 1 1 2 2 2 1 10 1 7 1 1 0 0 7 7 4 7 0 0 0 7 196 33 64 19 33 101 28 43 17 26 5 5 5 2 1.58 13 13 13 7 
125 1 1 2 2 2 1 6 1 5 0 1 0 0 2 2 2 2 0 0 0 2 68 9 17 8 6 42 8 13 7 6 2 2 2 1 2.47 4 4 4 2 
191 1 1 1 1 1 1 4 0 3 1 1 0 0 2 2 0 2 0 0 0 2 53 6 15 11 1 32 7 10 9 1 1 1 1 0 2.13 2 2 2 2 
187 1 1 2 2 2 1 5 0 5 0 1 0 0 5 5 1 5 0 0 3 2 108 12 40 17 15 57 18 27 15 12 3 3 3 1 1.43 8 8 8 5 
172 2 1 1 1 1 1 4 0 4 0 1 0 1 25 25 9 25 0 0 0 25 365 50 134 50 58 181 71 100 47 53 2 2 3 1 1.35 28 28 29 25 
174 2 1 1 1 1 1 3 0 3 0 1 0 1 9 9 3 9 0 0 0 9 101 18 46 26 12 37 20 30 20 10 1 1 2 0 0.8 9 9 11 9 
197 1 1 2 2 2 1 5 0 5 0 1 0 0 2 2 0 2 0 0 0 2 53 6 17 9 4 30 7 11 7 4 2 2 2 1 1.76 3 3 3 2 
195 1 1 5 5 5 2 19 0 17 2 1 0 0 4 4 0 4 0 0 0 4 126 9 79 20 42 38 29 50 17 33 9 9 9 3 0.48 20 20 21 6 
173 1 1 3 3 3 1 10 0 10 0 1 0 0 2 2 1 2 0 0 0 2 68 8 29 10 12 31 11 18 8 10 4 4 4 1 1.07 6 6 6 2 
170 1 1 3 3 3 1 12 0 12 0 1 0 0 2 2 0 2 0 0 0 2 69 7 32 11 14 30 13 20 9 11 5 5 5 1 0.94 6 6 6 2 
168 1 1 3 3 4 1 11 0 11 0 1 0 0 4 4 0 4 0 0 0 4 95 8 55 19 25 32 22 36 16 20 7 7 9 2 0.58 13 13 16 4 
184 1 1 2 2 2 1 6 0 6 0 1 0 0 3 3 0 3 0 0 0 3 66 7 29 13 9 30 12 19 10 9 3 3 4 1 1.03 6 6 7 3 
188 1 1 3 3 3 2 10 0 10 0 1 0 0 13 13 6 13 0 4 0 9 211 21 153 42 78 42 61 103 38 65 9 9 9 2 0.27 40 40 40 20 
190 2 2 3 3 3 1 18 2 16 0 1 0 0 1 1 0 1 0 0 0 1 74 9 26 15 12 39 14 18 12 6 3 3 3 2 1.5 3 3 3 1 
175 1 1 3 3 3 1 15 0 15 0 1 0 2 7 7 1 7 0 0 0 7 213 16 160 47 104 38 74 97 42 55 10 10 10 3 0.24 22 22 22 7 
177 2 2 3 3 3 1 15 1 14 0 1 0 0 1 1 0 1 0 0 0 1 70 8 24 13 10 38 13 17 11 6 3 3 3 2 1.58 3 3 3 1 
189 1 1 4 4 4 1 14 0 13 0 1 2 0 5 3 0 5 0 0 3 2 129 15 80 30 41 35 41 63 31 32 5 5 6 3 0.44 18 18 19 7 
183 1 1 1 1 1 1 3 0 3 0 1 0 1 2 2 0 2 0 0 0 2 59 7 12 7 3 40 5 8 6 2 1 1 1 0 3.33 2 2 2 2 
169 2 2 2 2 3 1 9 0 8 0 3 6 7 8 2 1 8 0 1 1 6 259 31 105 43 55 123 48 69 35 34 7 7 9 2 1.17 18 18 20 10 
196 1 1 3 3 4 1 13 0 12 0 1 1 0 4 3 0 4 0 1 0 3 110 10 63 23 34 37 23 35 19 16 5 5 7 3 0.59 11 11 17 4 
166 1 1 3 3 3 1 11 0 11 0 1 0 2 2 2 1 2 0 0 0 2 81 11 40 23 16 30 23 29 20 9 4 4 4 1 0.75 5 5 5 2 
176 2 1 3 3 3 1 12 0 12 0 1 0 1 7 7 1 7 0 0 0 7 182 15 106 37 57 62 61 80 35 45 6 6 6 2 0.58 18 18 18 7 
167 2 2 3 3 3 1 15 1 14 0 1 0 0 1 1 0 1 0 0 0 1 70 8 24 13 10 38 13 17 11 6 3 3 3 2 1.58 3 3 3 1 
178 1 1 2 2 2 2 6 0 5 0 1 0 0 7 7 3 7 0 1 0 6 123 16 51 23 21 56 32 48 23 25 9 9 9 2 1.1 16 16 16 13 
194 1 1 5 5 5 3 14 0 13 1 1 0 1 3 3 1 3 1 1 0 1 113 9 51 24 30 56 35 50 23 27 7 7 7 2 1.1 14 14 14 8 
185 1 1 5 5 6 1 19 0 19 0 1 0 0 4 4 0 4 0 0 0 4 130 9 88 23 51 33 34 54 20 34 10 10 11 2 0.38 19 19 22 4 
165 1 1 3 3 3 1 12 0 11 0 1 0 2 12 12 2 12 0 2 2 8 248 21 172 53 97 56 86 123 46 77 5 5 7 2 0.33 33 33 35 12 
186 2 2 3 3 3 1 18 2 16 0 1 0 0 1 1 0 1 0 0 0 1 74 9 26 15 12 39 14 18 12 6 3 3 3 2 1.5 3 3 3 1 
180 1 1 3 3 3 1 10 0 10 0 1 0 0 3 3 0 3 0 0 0 3 78 7 41 15 16 30 15 25 11 14 5 5 5 1 0.73 9 9 9 3 
192 1 1 1 1 1 1 4 0 4 0 1 0 0 4 4 0 4 0 0 0 4 66 9 26 17 5 31 12 18 14 4 2 2 2 1 1.19 5 5 5 4 
179 1 1 1 1 1 1 4 0 4 0 1 0 0 4 4 0 4 0 0 0 4 66 9 26 17 5 31 12 18 14 4 2 2 2 1 1.19 5 5 5 4 
181 1 1 4 4 5 1 22 1 18 3 1 0 0 5 5 0 5 0 0 0 5 193 17 105 30 65 71 38 60 24 36 10 10 13 2 0.68 21 21 26 5 
171 1 1 4 4 4 2 13 0 13 0 1 2 0 6 4 0 6 0 2 0 4 170 12 96 30 50 62 40 64 27 37 6 6 7 3 0.65 23 23 26 11 
193 1 1 3 3 3 1 13 0 12 0 1 1 0 12 11 0 12 0 2 2 8 256 24 177 67 93 56 91 127 54 73 7 7 7 6 0.32 33 33 35 14 
198 2 2 3 3 3 1 18 2 16 0 1 0 0 1 1 0 1 0 0 0 1 74 9 26 15 12 39 14 18 12 6 3 3 3 2 1.5 3 3 3 1 
182 1 1 3 3 3 1 9 0 9 0 1 0 0 4 4 0 4 0 0 0 4 97 9 51 19 22 37 21 33 16 17 5 5 5 2 0.73 11 11 12 4 
