99 2 2 1 1 1 1 2 0 2 0 1 0 4 1 1 0 1 0 1 0 0 64 9 11 9 4 44 6 8 8 0 1 1 1 0 4 1 1 1 1 
105 2 1 1 1 1 1 1 0 1 0 1 0 0 7 7 0 7 7 0 0 0 124 12 13 12 0 99 10 11 11 0 1 1 1 0 7.62 7 7 7 7 
101 2 1 1 1 1 1 1 0 1 0 1 0 0 1 1 0 1 1 0 0 0 48 5 5 4 0 38 3 4 4 0 1 1 1 0 7.6 1 1 1 1 
100 3 2 2 2 2 1 7 0 7 0 1 0 0 6 6 1 6 0 0 0 6 146 14 57 23 22 75 25 38 18 20 3 3 3 1 1.32 12 12 12 6 
95 2 2 3 3 3 2 9 0 9 0 1 0 5 12 12 4 12 0 0 0 12 289 26 135 35 79 128 62 91 30 61 9 9 13 2 0.95 32 32 39 23 
109 2 2 1 1 1 1 4 0 4 0 1 0 0 10 10 3 10 0 0 0 10 145 22 51 19 21 72 25 37 17 20 2 2 2 1 1.41 12 12 12 10 
96 2 2 1 1 1 1 3 0 3 0 1 0 1 3 3 0 3 0 0 0 3 71 9 16 9 4 46 7 11 8 3 1 1 1 0 2.88 3 3 3 3 
106 2 2 2 2 2 2 6 0 6 0 1 0 0 5 5 1 5 0 0 0 5 88 13 44 18 20 31 22 33 14 19 5 5 5 2 0.7 10 10 10 9 
97 2 1 1 1 1 1 1 0 1 0 1 0 0 2 2 0 2 2 0 0 0 44 6 6 5 0 32 4 5 5 0 1 1 1 0 5.33 2 2 2 2 
108 2 2 1 1 1 1 3 0 3 0 1 0 1 3 3 0 3 0 0 0 3 69 7 15 8 4 47 6 10 7 3 1 1 1 0 3.13 3 3 3 3 
98 2 2 1 1 1 1 3 0 3 0 1 0 1 3 3 0 3 0 0 0 3 71 8 16 9 4 47 7 11 8 3 1 1 1 0 2.94 3 3 3 3 
93 3 2 2 2 2 1 8 0 8 0 1 0 0 10 10 3 10 0 0 0 10 177 19 99 33 53 59 47 67 25 42 5 5 6 2 0.6 19 19 20 14 
107 3 2 2 2 2 2 7 0 7 0 1 0 0 7 7 3 7 0 0 0 7 111 14 67 25 32 30 32 47 19 28 5 5 6 2 0.45 14 14 16 11 
94 3 2 2 2 2 2 6 0 6 0 1 0 0 8 8 2 8 0 0 0 8 120 17 60 21 27 43 27 43 17 26 5 5 5 2 0.72 15 15 15 12 
103 2 1 0 0 0 0 0 0 0 0 1 0 1 0 0 0 0 0 0 0 0 45 4 4 3 1 37 2 3 3 0 0 0 0 0 9.25 0 0 0 0 
104 2 1 1 1 1 1 3 0 3 0 1 0 0 2 2 0 2 0 0 0 2 50 6 11 6 2 33 5 8 6 2 1 1 1 0 3 2 2 2 2 
102 3 2 2 2 2 1 6 0 6 0 1 2 0 3 1 0 3 0 1 0 2 83 9 27 11 11 47 11 18 9 9 3 3 3 1 1.74 6 6 6 3 
46 2 1 1 1 1 1 1 0 1 0 1 0 0 3 3 0 3 3 0 0 0 98 8 20 19 0 70 11 12 12 0 1 1 1 0 3.5 3 3 3 3 
47 2 2 1 1 1 1 3 0 3 0 1 0 1 3 3 0 3 0 0 0 3 68 7 15 8 4 46 6 10 7 3 1 1 1 0 3.07 3 3 3 3 
56 2 2 1 1 1 1 3 0 3 0 1 0 1 4 4 0 4 0 0 0 4 61 11 20 10 6 30 9 14 9 5 1 1 1 0 1.5 4 4 4 4 
82 2 1 1 1 1 1 1 0 1 0 1 0 0 4 4 0 4 4 0 0 0 71 9 10 9 0 52 8 9 9 0 1 1 1 0 5.2 4 4 4 4 
75 2 1 1 1 1 1 1 0 1 0 1 0 0 3 3 0 3 3 0 0 0 71 7 8 7 0 56 6 7 7 0 1 1 1 0 7 3 3 3 3 
85 3 1 1 1 1 1 1 0 1 0 1 0 0 10 10 0 10 10 0 0 0 281 16 42 41 0 223 19 20 20 0 1 1 1 0 5.31 10 10 10 10 
80 2 1 1 1 1 1 1 0 1 0 1 0 0 1 1 0 1 1 0 0 0 60 6 6 5 0 48 4 5 5 0 1 1 1 0 8 1 1 1 1 
77 2 2 1 1 1 1 3 0 3 0 1 0 1 2 2 1 2 0 0 0 2 52 8 14 8 4 30 7 10 7 3 1 1 1 0 2.14 2 2 2 2 
78 3 3 1 1 1 1 3 0 3 0 1 0 1 3 3 0 3 0 0 0 3 73 11 16 9 4 46 7 11 8 3 1 1 1 0 2.88 3 3 3 3 
76 2 2 1 1 1 1 3 0 3 0 1 0 1 3 3 0 3 0 0 0 3 70 8 16 9 4 46 7 11 8 3 1 1 1 0 2.88 3 3 3 3 
79 2 1 1 1 1 1 1 0 1 0 1 0 0 2 2 0 2 2 0 0 0 74 7 10 9 0 57 7 8 8 0 1 1 1 0 5.7 2 2 2 2 
92 2 1 1 1 1 1 1 0 1 0 1 0 0 1 1 0 1 1 0 0 0 74 7 11 10 0 56 8 9 9 0 1 1 1 0 5.09 1 1 1 1 
84 1 1 1 1 1 1 1 0 1 0 1 0 0 1 1 0 1 1 0 0 0 54 6 6 5 0 42 4 5 5 0 1 1 1 0 7 1 1 1 1 
81 2 1 1 1 1 1 1 0 1 0 1 0 0 1 1 0 1 1 0 0 0 58 5 5 4 0 48 3 4 4 0 1 1 1 0 9.6 1 1 1 1 
83 2 2 1 1 1 1 6 0 6 0 1 0 0 2 2 0 2 0 0 0 2 78 8 24 15 6 47 12 15 11 4 1 1 1 0 1.96 2 2 2 2 
68 1 1 1 1 1 1 1 0 1 0 1 0 0 3 3 0 3 3 0 0 0 84 9 13 12 0 62 11 12 12 0 1 1 1 0 4.77 3 3 3 3 
66 2 2 1 1 1 1 3 0 3 0 1 0 1 4 4 0 4 0 0 0 4 77 11 22 11 7 45 10 15 9 6 1 1 1 0 2.05 4 4 4 4 
71 3 2 1 1 1 1 4 0 4 0 1 0 0 5 5 1 5 0 0 0 5 77 11 34 20 9 33 16 23 16 7 2 2 2 1 0.97 6 6 7 5 
72 2 2 1 1 1 1 3 0 3 0 1 0 1 4 4 0 4 0 0 0 4 77 10 22 11 7 45 10 15 9 6 1 1 1 0 2.05 4 4 4 4 
74 2 2 1 1 1 1 3 0 3 0 1 0 1 4 4 0 4 0 0 0 4 80 10 22 11 7 48 10 15 9 6 1 1 1 0 2.18 4 4 4 4 
73 2 2 2 2 2 1 6 0 5 0 1 0 1 5 5 0 5 0 0 0 5 102 13 43 22 17 46 23 33 21 12 4 4 4 2 1.07 8 8 8 5 
67 2 2 1 1 1 1 3 0 3 0 1 0 1 4 4 0 4 0 0 0 4 84 10 22 11 7 52 10 15 9 6 1 1 1 0 2.36 4 4 4 4 
69 2 2 1 1 1 1 3 0 3 0 1 0 1 4 4 0 4 0 0 0 4 76 10 22 11 7 44 10 15 9 6 1 1 1 0 2 4 4 4 4 
64 2 2 2 2 2 1 9 0 8 0 1 0 0 11 11 5 11 0 0 0 11 178 25 116 45 54 37 63 85 40 45 5 5 5 2 0.32 19 19 20 11 
65 2 2 1 1 1 1 3 0 3 0 1 0 1 4 4 0 4 0 0 0 4 79 10 22 11 7 47 10 15 9 6 1 1 1 0 2.14 4 4 4 4 
70 1 1 1 1 1 1 1 0 1 0 1 0 0 4 4 0 4 4 0 0 0 73 9 9 8 0 55 7 8 8 0 1 1 1 0 6.11 4 4 4 4 
88 1 1 0 0 0 0 0 0 0 0 1 0 0 0 0 0 0 0 0 0 0 59 7 13 12 0 39 8 9 9 0 0 0 0 0 3 0 0 0 0 
87 3 2 1 1 1 1 3 0 3 0 1 0 3 1 1 0 1 0 1 0 0 62 8 11 8 4 43 6 8 7 1 1 1 1 0 3.91 1 1 1 1 
90 3 1 0 0 0 0 0 0 0 0 1 0 11 0 0 0 0 0 0 0 0 130 15 15 14 11 100 12 13 13 0 0 0 0 0 6.67 0 0 0 0 
91 4 2 1 1 1 1 3 0 3 0 1 0 0 12 12 0 12 0 0 0 12 99 18 48 23 12 33 20 33 21 12 1 1 1 0 0.69 12 12 12 12 
86 3 2 1 1 1 1 3 0 3 0 1 0 5 1 1 0 1 0 1 0 0 70 10 13 10 6 47 8 10 9 1 1 1 1 0 3.62 1 1 1 1 
89 4 2 2 2 2 1 6 0 6 0 1 6 0 7 1 0 7 0 1 0 6 96 12 54 14 27 30 18 33 12 21 3 3 3 1 0.56 14 14 14 7 
51 5 1 0 0 0 0 0 0 0 0 1 0 11 0 0 0 0 0 0 0 0 102 13 14 13 11 75 12 13 13 0 0 0 0 0 5.36 0 0 0 0 
50 3 2 1 1 1 1 3 0 3 0 1 0 0 6 6 1 6 0 0 0 6 80 13 33 18 8 34 16 24 16 8 2 2 2 1 1.03 7 7 7 6 
54 7 2 13 13 14 3 68 7 55 6 1 0 0 2 2 1 2 0 0 0 2 220 23 144 61 82 53 74 104 56 48 25 25 26 4 0.37 26 26 27 5 
52 3 2 5 5 6 1 17 2 15 0 1 0 1 2 2 0 2 0 0 0 2 92 13 45 21 19 34 22 32 18 14 8 8 10 2 0.76 9 9 11 2 
53 4 2 3 3 3 1 12 1 10 0 1 0 0 2 2 0 2 0 0 0 2 77 11 34 19 11 32 16 24 16 8 5 5 5 2 0.94 6 6 6 2 
48 3 2 6 6 6 3 21 2 19 0 1 0 0 2 2 1 2 0 0 0 2 102 13 56 24 25 33 28 40 21 19 10 10 11 3 0.59 11 11 12 6 
49 3 2 6 6 7 4 24 3 21 0 1 0 0 2 2 1 2 0 0 0 2 108 15 60 25 28 33 30 43 22 21 11 11 12 3 0.55 12 12 13 7 
55 3 2 5 5 5 2 25 1 22 2 1 0 0 3 3 1 3 0 1 0 2 140 13 89 38 44 38 41 59 30 29 8 8 8 5 0.43 16 16 16 6 
63 1 1 4 4 4 3 15 0 15 0 1 1 0 2 1 0 2 0 1 0 1 80 6 37 11 20 37 15 23 10 13 7 7 7 3 1 8 8 8 6 
62 2 3 1 1 1 1 1 0 1 0 1 0 0 1 1 0 1 1 0 0 0 45 2 3 3 0 40 2 3 3 0 1 1 1 0 13.33 1 1 1 1 
57 1 1 3 3 3 2 11 0 10 1 1 0 0 2 2 1 2 0 0 0 2 74 7 27 11 14 40 13 18 10 8 3 3 3 1 1.48 6 6 6 4 
61 1 1 1 1 1 1 3 0 3 0 1 1 1 1 0 1 1 0 0 0 1 58 5 18 8 6 35 8 11 6 5 1 1 1 0 1.94 1 1 1 1 
58 1 1 5 5 6 3 17 0 16 1 1 0 9 4 4 0 4 0 2 1 1 125 10 80 32 60 38 58 78 32 46 8 8 8 3 0.47 19 19 22 11 
59 4 2 4 4 4 1 16 0 16 0 1 7 0 8 1 0 8 0 3 0 5 265 15 138 38 81 113 49 80 27 53 8 8 10 3 0.82 32 32 35 10 
60 2 2 3 3 4 1 10 0 10 0 1 7 3 7 0 0 7 0 2 0 5 194 15 98 48 51 81 53 72 42 30 4 4 5 2 0.83 21 21 25 7 
6 4 2 2 2 2 1 11 1 9 1 1 0 0 4 4 2 4 0 0 0 4 105 15 46 16 21 44 19 29 11 18 2 2 2 2 0.96 7 7 7 4 
5 3 2 2 2 2 1 8 0 7 0 1 0 0 11 11 2 11 0 0 1 10 182 24 99 30 46 59 36 61 21 40 3 3 3 2 0.6 19 19 21 11 
7 3 1 1 1 1 1 1 0 1 0 1 0 0 6 6 0 6 6 0 0 0 114 11 12 11 0 91 10 11 11 0 1 1 1 0 7.58 6 6 6 6 
20 1 1 1 1 1 1 1 0 1 0 1 0 0 1 1 0 1 1 0 0 0 45 5 8 7 0 32 4 5 5 0 1 1 1 0 4 1 1 1 1 
3 4 1 1 1 1 1 1 0 1 0 1 0 0 3 3 0 3 3 0 0 0 105 9 22 21 0 74 11 12 12 0 1 1 1 0 3.36 3 3 3 3 
38 1 1 1 1 1 1 1 0 1 0 1 0 0 2 2 0 2 2 0 0 0 71 6 7 6 0 58 4 5 5 0 1 1 1 0 8.29 2 2 2 2 
1 2 2 1 1 1 1 3 0 3 0 1 0 1 2 2 0 2 0 0 0 2 62 8 13 8 3 41 6 9 7 2 1 1 1 0 3.15 2 2 2 2 
19 3 1 1 1 1 1 1 0 1 0 1 0 0 1 1 0 1 1 0 0 0 66 4 7 6 0 55 5 6 6 0 1 1 1 0 7.86 1 1 1 1 
8 2 2 1 1 1 1 3 0 3 0 1 0 1 2 2 0 2 0 0 0 2 60 7 12 7 3 41 5 8 6 2 1 1 1 0 3.42 2 2 2 2 
2 3 1 1 1 1 1 1 0 1 0 1 0 0 2 2 0 2 2 0 0 0 70 6 8 7 0 56 4 5 5 0 1 1 1 0 7 2 2 2 2 
18 4 2 3 3 3 1 10 0 9 0 1 0 0 12 12 3 12 0 0 4 8 295 32 132 34 76 135 53 88 27 61 4 4 5 3 1.02 31 31 32 12 
17 4 2 1 1 1 1 1 0 1 0 1 0 0 3 3 0 3 3 0 0 0 95 7 11 10 0 77 6 7 7 0 1 1 1 0 7 3 3 3 3 
45 2 2 1 1 1 1 4 0 4 0 1 0 1 2 2 1 2 0 0 0 2 58 10 17 10 5 31 10 13 9 4 1 1 1 0 1.82 2 2 2 2 
10 4 2 1 1 1 1 1 0 1 0 1 0 0 13 13 0 13 13 0 0 0 227 20 30 29 0 177 23 24 24 0 1 1 1 0 5.9 13 13 13 13 
4 2 2 3 3 4 2 16 2 12 2 1 1 1 5 4 0 5 0 1 0 4 188 25 83 33 41 83 41 59 27 32 10 10 11 2 1 17 17 18 8 
9 2 1 1 1 1 1 1 0 1 0 1 0 0 6 6 0 6 6 0 0 0 147 11 19 18 0 117 13 14 14 0 1 1 1 0 6.16 6 6 6 6 
37 3 1 0 0 0 0 0 0 0 0 1 0 1 0 0 0 0 0 0 0 0 56 5 4 3 1 47 2 3 3 0 0 0 0 0 11.75 0 0 0 0 
36 3 2 1 1 1 1 3 0 3 0 1 0 0 2 2 0 2 0 0 0 2 56 7 13 8 2 36 6 9 7 2 1 1 1 0 2.77 2 2 2 2 
32 2 1 0 0 0 0 0 0 0 0 1 0 3 0 0 0 0 0 0 0 0 66 6 6 5 3 54 4 5 5 0 0 0 0 0 9 0 0 0 0 
31 3 2 1 1 1 1 3 0 3 0 1 0 0 4 4 0 4 0 0 0 4 63 9 19 10 4 35 8 13 9 4 1 1 1 0 1.84 4 4 4 4 
28 4 2 2 2 2 1 7 0 7 0 2 6 2 7 1 0 7 0 0 0 7 162 17 61 20 29 84 21 36 15 21 3 3 3 1 1.38 14 14 14 7 
30 2 1 1 1 1 1 1 0 1 0 1 0 0 1 1 0 1 1 0 0 0 43 5 5 4 0 33 3 4 4 0 1 1 1 0 6.6 1 1 1 1 
33 3 2 2 2 2 1 6 0 6 0 1 0 1 8 8 2 8 0 0 0 8 114 17 63 20 30 36 26 41 18 23 3 3 3 1 0.57 14 14 14 8 
35 3 1 0 0 0 0 0 0 0 0 1 0 3 0 0 0 0 0 0 0 0 76 7 6 5 3 63 4 5 5 0 0 0 0 0 10.5 0 0 0 0 
29 3 2 1 1 1 1 3 0 3 0 1 0 0 4 4 0 4 0 0 0 4 68 10 22 13 4 36 11 16 12 4 1 1 1 0 1.64 4 4 4 4 
34 4 2 2 2 2 1 8 0 7 0 1 6 2 7 1 0 7 0 1 0 6 187 16 65 27 30 108 25 41 19 22 3 3 4 1 1.66 15 15 17 7 
11 3 2 6 6 7 5 21 3 14 3 1 0 0 4 4 0 4 0 0 3 1 168 26 62 11 47 82 28 50 11 39 11 11 16 2 1.32 22 22 29 18 
13 3 2 2 2 3 1 8 0 7 0 1 2 1 22 20 6 22 0 3 0 19 427 76 191 52 116 160 85 136 45 91 6 6 12 2 0.84 50 50 59 24 
12 2 1 1 1 1 1 1 0 1 0 1 0 7 1 1 0 1 0 0 0 1 74 12 11 10 7 51 9 10 10 0 1 1 1 0 4.64 1 1 1 1 
15 3 1 1 1 1 1 1 0 1 0 1 0 0 1 1 0 1 0 0 0 1 67 5 10 9 0 52 6 7 7 0 1 1 1 0 5.2 1 1 1 1 
14 2 1 1 1 1 1 0 0 0 0 3 0 0 10 14 4 14 10 0 0 4 161 17 17 16 0 127 13 16 16 0 1 1 1 0 7.47 14 14 14 14 
16 3 2 2 2 3 1 9 0 8 0 1 0 0 23 23 7 23 0 0 0 23 397 53 217 48 136 127 101 156 46 110 8 8 15 2 0.59 56 56 66 25 
41 2 1 1 1 1 1 1 0 1 0 1 0 0 1 1 0 1 1 0 0 0 49 5 6 5 0 38 4 5 5 0 1 1 1 0 6.33 1 1 1 1 
43 1 1 1 1 1 1 1 0 1 0 1 0 0 1 1 0 1 1 0 0 0 66 5 12 11 0 49 5 6 6 0 1 1 1 0 4.08 1 1 1 1 
42 3 2 3 3 3 1 11 1 9 0 1 1 1 6 5 1 6 0 0 0 6 155 23 72 29 32 61 33 49 22 27 8 8 9 2 0.85 15 15 16 6 
40 3 2 2 2 2 1 7 0 7 0 1 0 0 9 9 5 9 0 0 0 9 225 32 79 28 40 116 38 55 22 33 4 4 7 1 1.47 17 17 21 12 
44 3 2 2 2 2 1 6 0 5 0 1 0 0 8 8 1 8 0 0 0 8 175 18 59 24 27 98 29 44 22 22 2 2 2 1 1.66 14 14 14 8 
39 2 1 1 1 1 1 1 0 1 0 1 0 0 3 3 0 3 3 0 0 0 124 8 21 20 0 95 10 11 11 0 1 1 1 0 4.52 3 3 3 3 
24 3 2 4 4 4 1 22 1 15 5 1 6 1 11 5 0 11 0 2 0 9 365 39 201 76 116 125 100 141 69 72 12 12 18 3 0.62 39 39 48 15 
25 2 2 1 1 1 1 4 0 4 0 1 0 0 2 2 0 2 0 0 0 2 54 6 14 10 1 34 3 6 5 1 1 1 1 0 2.43 2 2 2 2 
26 2 2 1 1 1 1 4 0 4 0 1 0 0 2 2 0 2 0 0 0 2 62 7 16 11 2 39 5 8 6 2 1 1 1 0 2.44 2 2 2 2 
21 6 2 2 2 2 1 11 0 10 0 1 3 7 16 13 4 16 0 3 0 13 415 45 216 105 94 158 96 130 64 66 10 10 11 2 0.73 35 35 36 16 
22 2 2 1 1 1 1 4 0 4 0 1 0 0 2 2 0 2 0 0 0 2 69 7 16 11 2 46 5 8 6 2 1 1 1 0 2.88 2 2 2 2 
23 2 1 1 1 1 1 1 0 1 0 1 0 0 3 3 0 3 3 0 0 0 84 7 12 11 0 65 9 10 10 0 1 1 1 0 5.42 3 3 3 3 
27 2 2 1 1 1 1 2 0 2 0 1 4 3 5 1 0 5 0 1 0 4 73 13 29 16 10 31 10 16 12 4 1 1 2 0 1.07 5 5 6 5 
203 1 1 1 1 1 1 1 0 1 0 1 0 10 2 2 0 2 2 0 0 0 61 7 14 14 10 40 13 14 14 0 1 1 1 0 2.86 2 2 2 2 
202 2 1 1 1 1 1 1 0 1 0 1 0 0 12 12 0 12 12 0 0 0 137 17 16 15 0 104 14 15 15 0 1 1 1 0 6.5 12 12 12 12 
208 2 1 1 1 1 1 1 0 1 0 1 0 0 3 3 0 3 3 0 0 0 73 5 8 7 0 60 4 5 5 0 1 1 1 0 7.5 3 3 3 3 
209 4 2 9 9 9 1 31 0 30 1 1 0 1 1 1 0 1 0 0 0 1 80 7 38 13 23 35 19 29 12 17 9 9 9 2 0.92 9 9 9 1 
199 3 2 2 2 2 1 8 0 8 0 1 0 0 6 6 4 6 0 0 0 6 105 11 62 17 33 32 30 43 15 28 6 6 6 1 0.52 12 12 12 6 
205 2 2 4 4 4 3 12 0 11 0 1 0 1 2 2 0 2 0 1 0 1 81 8 31 12 17 42 15 23 11 12 4 4 4 1 1.35 7 7 7 5 
211 1 1 1 1 1 1 1 0 1 0 1 0 0 6 6 0 6 6 0 0 0 109 11 11 10 0 87 9 10 10 0 1 1 1 0 7.91 6 6 6 6 
210 2 1 1 1 1 1 1 0 1 0 1 0 0 1 1 0 1 1 0 0 0 48 5 5 4 0 38 3 4 4 0 1 1 1 0 7.6 1 1 1 1 
206 2 2 2 2 2 1 6 0 6 0 1 0 0 7 7 1 7 0 0 0 7 159 15 59 23 23 85 26 40 19 21 3 3 3 1 1.44 13 13 13 7 
200 2 2 1 1 1 1 3 0 3 0 1 0 1 3 3 0 3 0 0 0 3 72 8 16 9 4 48 7 11 8 3 1 1 1 0 3 3 3 3 3 
204 2 2 0 0 0 0 0 0 0 0 1 0 4 0 0 0 0 0 0 0 0 43 4 7 6 4 32 5 6 6 0 0 0 0 0 4.57 0 0 0 0 
201 2 1 1 1 1 1 1 0 1 0 1 0 0 7 7 0 7 7 0 0 0 109 12 11 10 0 86 9 10 10 0 1 1 1 0 7.82 7 7 7 7 
207 2 1 1 1 1 1 1 0 1 0 1 0 0 3 3 0 3 3 0 0 0 60 7 6 5 0 47 4 5 5 0 1 1 1 0 7.83 3 3 3 3 
213 2 1 0 0 0 0 0 0 0 0 1 0 2 0 0 0 0 0 0 0 0 61 5 5 4 2 51 3 4 4 0 0 0 0 0 10.2 0 0 0 0 
212 3 2 1 1 1 1 3 0 3 0 1 0 0 3 3 0 3 0 0 0 3 59 9 17 10 3 33 8 12 9 3 1 1 1 0 1.94 3 3 3 3 
163 3 2 3 3 3 1 10 0 10 0 1 0 0 5 5 1 5 0 0 1 4 133 13 65 26 32 56 35 48 23 25 9 9 11 2 0.86 13 13 15 5 
155 3 2 2 2 2 1 8 0 8 0 1 1 0 7 6 1 7 0 0 0 7 178 19 74 35 31 85 38 51 26 25 5 5 5 1 1.15 13 13 13 7 
161 3 2 1 1 1 1 3 0 3 0 1 0 0 1 1 0 1 0 0 0 1 49 6 11 8 1 32 6 8 7 1 1 1 1 0 2.91 1 1 1 1 
159 4 2 3 3 3 1 21 1 18 1 1 3 5 14 11 3 14 0 6 0 8 479 51 285 106 191 145 171 217 92 125 11 11 11 3 0.51 45 45 47 17 
158 3 2 1 1 1 1 3 0 3 0 1 0 0 1 1 0 1 0 0 0 1 49 6 11 8 1 32 6 8 7 1 1 1 1 0 2.91 1 1 1 1 
164 2 1 1 1 1 1 1 0 1 0 1 0 0 2 2 0 2 2 0 0 0 70 5 12 11 0 53 3 4 4 0 1 1 1 0 4.42 2 2 2 2 
160 2 2 1 1 1 1 3 0 3 0 1 0 1 3 3 0 3 0 0 0 3 68 9 16 9 4 43 7 11 8 3 1 1 1 0 2.69 3 3 3 3 
156 3 2 2 2 2 1 7 0 7 0 2 0 0 8 10 9 10 0 0 1 9 160 16 105 41 52 39 47 64 30 34 5 5 6 2 0.37 17 17 19 10 
157 3 2 2 2 2 1 7 0 6 0 1 0 0 5 5 1 5 0 0 2 3 118 13 50 24 18 56 25 37 22 15 3 3 3 1 1.12 10 10 10 5 
162 2 2 1 1 1 1 3 0 3 0 1 0 1 3 3 0 3 0 0 0 3 69 7 15 8 4 47 6 10 7 3 1 1 1 0 3.13 3 3 3 3 
151 4 2 5 5 5 2 23 1 21 0 1 0 1 4 4 1 4 0 0 2 2 169 18 117 50 60 34 58 80 43 37 11 11 11 4 0.29 19 19 21 7 
141 8 2 1 1 1 1 5 0 5 0 1 0 0 70 70 17 70 0 1 21 48 773 170 426 191 161 178 168 252 136 116 9 9 9 3 0.42 99 99 99 70 
145 2 2 2 2 2 1 6 0 6 0 1 0 0 7 7 2 7 0 0 0 7 156 16 67 27 24 73 33 49 26 23 5 5 5 3 1.09 16 16 16 10 
143 3 2 2 2 2 1 7 0 7 0 1 1 0 6 5 1 6 0 1 0 5 114 13 57 26 22 44 24 38 20 18 5 5 5 3 0.77 12 12 12 6 
138 2 2 3 3 3 1 11 1 10 0 1 0 0 1 1 0 1 0 0 0 1 75 8 22 15 6 45 13 16 13 3 3 3 3 1 2.05 3 3 3 1 
139 3 2 2 2 2 1 6 0 6 0 1 0 0 11 11 5 11 0 0 0 11 278 33 82 29 37 163 32 50 24 26 7 7 11 1 1.99 21 21 25 11 
153 3 2 5 5 6 4 19 0 19 0 1 0 0 1 1 0 1 0 0 0 1 71 5 31 17 13 35 16 22 15 7 5 5 6 3 1.13 5 5 6 4 
149 9 2 1 1 1 1 8 0 7 0 1 0 0 20 20 0 20 0 0 17 3 388 50 231 111 112 108 123 147 88 59 6 6 6 2 0.47 26 26 26 20 
150 3 2 3 3 3 3 13 0 11 2 1 0 0 5 5 2 5 0 0 0 5 150 15 74 31 33 61 36 52 25 27 11 11 13 1 0.82 15 15 17 13 
144 3 2 2 2 2 1 7 0 7 0 1 0 0 3 3 0 3 0 0 0 3 75 9 34 21 9 32 17 23 16 7 2 2 2 1 0.94 5 5 5 3 
147 4 2 7 6 7 1 38 3 33 2 1 0 1 3 3 1 3 0 0 0 3 183 22 125 51 74 37 59 78 41 37 14 14 14 3 0.3 21 18 22 3 
146 14 3 9 8 9 3 59 8 46 5 1 0 0 14 14 19 14 0 4 8 2 1143 169 731 218 488 255 364 475 168 307 37 37 41 6 0.35 119 113 128 42 
154 3 2 2 2 2 1 7 0 7 0 1 0 0 3 3 0 3 0 0 0 3 75 9 34 21 9 32 17 23 16 7 2 2 2 1 0.94 5 5 5 3 
148 3 2 5 5 6 2 19 2 17 0 1 1 0 2 1 0 2 0 1 0 1 101 13 49 26 23 39 25 35 22 13 6 6 6 3 0.8 9 9 11 4 
140 2 2 1 1 1 1 3 0 3 0 1 0 0 5 5 1 5 0 0 0 5 79 11 31 19 7 38 15 21 15 6 1 1 2 0 1.23 5 5 7 5 
137 2 1 2 2 2 1 6 0 6 0 1 0 0 2 2 1 2 0 0 0 2 63 9 23 12 7 31 12 16 10 6 2 2 2 1 1.35 3 3 3 2 
152 2 2 1 1 1 1 3 0 3 0 1 0 0 4 4 1 4 0 0 0 4 72 10 22 12 5 41 11 16 11 5 1 1 1 0 1.86 4 4 4 4 
136 2 2 1 1 2 1 5 0 5 0 1 0 0 15 15 5 15 0 0 0 15 165 24 102 38 45 39 52 75 37 38 4 4 4 2 0.38 22 22 23 15 
135 5 2 1 1 1 1 3 0 3 0 1 0 0 3 3 2 3 0 0 0 3 65 9 19 10 5 40 10 14 9 5 1 1 1 0 2.11 3 3 3 3 
142 3 2 1 1 1 1 3 0 3 0 1 0 1 2 2 1 2 0 0 0 2 56 9 16 10 4 31 9 12 9 3 1 1 1 0 1.94 2 2 2 2 
113 2 1 1 1 1 1 7 0 6 0 1 0 0 29 29 6 29 0 0 6 23 352 57 203 79 105 94 113 155 71 84 4 4 4 1 0.46 41 41 41 31 
129 4 2 3 3 4 1 17 2 13 2 1 0 0 8 8 5 8 0 0 2 6 294 41 123 32 69 131 51 76 26 50 7 7 8 1 1.07 25 25 29 8 
111 2 1 2 2 2 1 5 0 5 0 1 0 0 12 12 1 12 0 0 3 9 155 25 76 31 31 54 34 52 24 28 3 3 3 1 0.71 18 18 18 12 
131 5 2 2 2 2 1 9 0 9 0 1 0 0 14 14 7 14 0 0 3 11 256 31 164 69 76 64 72 105 48 57 4 4 4 2 0.39 30 30 30 14 
128 3 2 4 4 4 1 21 2 18 0 1 0 0 5 5 1 5 0 0 1 4 199 24 115 43 59 61 49 68 31 37 7 7 7 1 0.53 18 18 18 5 
132 3 2 4 4 4 1 24 3 18 2 1 0 0 2 2 1 2 0 0 0 2 124 19 52 28 22 54 26 34 21 13 5 5 5 1 1.04 7 7 7 2 
134 4 2 4 4 5 2 23 0 20 3 1 0 0 2 2 4 2 0 0 1 1 122 11 66 36 28 46 40 48 29 19 6 6 8 2 0.7 8 8 10 4 
110 3 2 3 3 3 1 12 1 10 0 2 0 0 7 7 4 7 1 0 0 6 184 24 94 36 48 66 44 66 34 32 6 6 6 3 0.7 20 20 20 7 
133 4 2 2 2 2 1 6 0 6 0 1 0 0 8 8 2 8 0 0 0 8 113 16 59 25 27 38 30 44 24 20 2 2 3 1 0.64 13 13 18 8 
130 2 2 2 2 2 1 5 0 5 0 1 0 0 8 8 2 8 0 0 0 8 107 16 53 19 21 38 24 38 18 20 2 2 2 1 0.72 13 13 13 8 
114 4 2 3 3 4 1 20 3 14 2 1 0 0 7 7 2 7 0 0 3 4 287 42 125 55 64 122 60 82 42 40 7 6 9 2 0.98 24 22 26 7 
112 4 2 3 3 3 1 12 1 10 1 4 0 1 18 18 9 18 0 0 8 10 406 59 225 65 127 127 94 146 52 94 10 10 13 3 0.56 48 48 53 18 
115 2 2 2 2 2 1 7 0 7 0 1 0 0 13 13 1 13 0 1 0 12 160 20 108 35 49 32 43 70 23 47 6 6 7 2 0.3 26 26 27 13 
122 5 2 1 1 1 1 6 0 5 0 1 0 0 12 12 8 12 0 0 3 9 252 41 109 61 36 104 53 70 42 28 3 3 3 2 0.95 17 17 17 12 
124 3 1 1 1 1 1 4 0 4 0 1 0 0 6 6 0 6 0 0 4 2 90 13 38 19 10 39 14 23 13 10 2 2 2 1 1.03 8 8 8 6 
118 2 2 2 2 2 1 6 0 6 0 1 0 0 2 2 1 2 0 0 0 2 81 15 21 11 6 47 10 14 9 5 2 2 2 1 2.24 3 3 3 2 
126 1 1 1 1 1 1 4 0 3 0 1 0 0 4 4 0 4 0 0 4 0 81 13 22 12 5 46 9 14 9 5 1 1 1 0 2.09 4 4 4 4 
117 5 2 3 3 3 1 22 3 17 1 2 0 0 21 21 6 21 0 0 13 8 690 128 373 85 246 194 173 249 73 176 12 12 16 5 0.52 62 62 68 23 
116 1 1 1 1 1 1 1 0 1 0 1 0 0 2 2 0 2 2 0 0 0 66 7 9 8 0 50 5 6 6 0 1 1 1 0 5.56 2 2 2 2 
121 2 1 1 1 1 1 1 0 1 0 1 0 0 1 1 0 1 0 0 0 1 46 4 7 6 0 35 3 4 4 0 1 1 1 0 5 1 1 1 1 
127 3 1 3 3 3 1 9 0 8 0 1 0 0 4 4 3 4 0 0 0 4 126 20 42 15 18 66 17 28 13 15 4 4 4 2 1.57 10 10 10 4 
120 2 2 2 2 2 1 6 0 6 0 1 0 0 15 15 6 15 0 0 0 15 302 49 117 39 58 139 54 82 38 44 6 6 8 3 1.19 27 27 30 19 
119 10 2 2 2 2 1 11 1 9 0 2 0 0 14 14 4 14 0 0 3 11 279 36 137 44 72 110 61 90 40 50 9 9 11 2 0.8 27 27 29 14 
123 2 2 2 2 2 1 10 1 7 1 1 0 0 7 7 4 7 0 0 0 7 196 33 64 19 33 101 28 43 17 26 5 5 5 2 1.58 13 13 13 7 
125 2 2 2 2 2 1 6 1 5 0 1 0 0 2 2 2 2 0 0 0 2 68 9 17 8 6 42 8 13 7 6 2 2 2 1 2.47 4 4 4 2 
191 2 2 1 1 1 1 4 0 3 1 1 0 0 2 2 0 2 0 0 0 2 53 6 15 11 1 32 7 10 9 1 1 1 1 0 2.13 2 2 2 2 
187 2 2 2 2 2 1 5 0 5 0 1 0 0 5 5 1 5 0 0 3 2 108 12 40 17 15 57 18 27 15 12 3 3 3 1 1.43 8 8 8 5 
172 3 2 1 1 1 1 4 0 4 0 1 0 0 25 25 9 25 0 0 0 25 362 49 132 48 57 181 69 98 45 53 2 2 3 1 1.37 28 28 29 25 
174 3 2 1 1 1 1 3 0 3 0 1 0 0 9 9 3 9 0 0 0 9 98 17 44 24 11 37 18 28 18 10 1 1 2 0 0.84 9 9 11 9 
197 2 2 2 2 2 1 5 0 5 0 1 0 0 2 2 0 2 0 0 0 2 53 6 17 9 4 30 7 11 7 4 2 2 2 1 1.76 3 3 3 2 
195 2 2 5 5 5 2 19 0 17 2 1 0 0 4 4 0 4 0 0 0 4 125 9 78 19 42 38 28 49 16 33 9 9 9 3 0.49 20 20 21 6 
173 2 2 3 3 3 1 10 0 10 0 1 0 0 2 2 1 2 0 0 0 2 68 8 29 10 12 31 11 18 8 10 4 4 4 1 1.07 6 6 6 2 
170 2 2 3 3 3 1 12 0 12 0 1 0 0 2 2 0 2 0 0 0 2 69 7 32 11 14 30 13 20 9 11 5 5 5 1 0.94 6 6 6 2 
168 2 2 3 3 4 1 11 0 11 0 1 0 0 4 4 0 4 0 0 0 4 94 8 54 18 25 32 21 35 15 20 7 7 9 2 0.59 13 13 16 4 
184 2 2 2 2 2 1 6 0 6 0 1 0 0 3 3 0 3 0 0 0 3 66 7 29 13 9 30 12 19 10 9 3 3 4 1 1.03 6 6 7 3 
188 7 2 3 3 3 2 10 0 10 0 1 0 0 13 13 6 13 0 4 0 9 211 21 153 42 78 42 61 103 38 65 9 9 9 2 0.27 40 40 40 20 
190 3 2 3 3 3 1 18 2 16 0 1 0 0 1 1 0 1 0 0 0 1 74 9 26 15 12 39 14 18 12 6 3 3 3 2 1.5 3 3 3 1 
175 5 2 3 3 3 1 15 0 15 0 1 0 2 7 7 1 7 0 0 0 7 213 16 160 47 104 38 74 97 42 55 10 10 10 3 0.24 22 22 22 7 
177 3 2 3 3 3 1 15 1 14 0 1 0 0 1 1 0 1 0 0 0 1 70 8 24 13 10 38 13 17 11 6 3 3 3 2 1.58 3 3 3 1 
189 2 2 4 4 4 1 14 0 13 0 1 2 0 5 3 0 5 0 0 3 2 129 15 80 30 41 35 41 63 31 32 5 5 6 3 0.44 18 18 19 7 
183 2 2 1 1 1 1 3 0 3 0 1 0 1 2 2 0 2 0 0 0 2 59 7 12 7 3 40 5 8 6 2 1 1 1 0 3.33 2 2 2 2 
169 2 2 2 2 3 1 9 0 8 0 3 6 7 8 2 1 8 0 1 1 6 259 31 105 43 55 123 48 69 35 34 7 7 9 2 1.17 18 18 20 10 
196 2 2 3 3 4 1 13 0 12 0 1 1 0 4 3 0 4 0 1 0 3 109 10 62 22 34 37 22 34 18 16 5 5 7 3 0.6 11 11 17 4 
166 2 2 3 3 3 1 11 0 11 0 1 0 2 2 2 1 2 0 0 0 2 81 11 40 23 16 30 23 29 20 9 4 4 4 1 0.75 5 5 5 2 
176 6 2 3 3 3 1 12 0 12 0 1 0 1 7 7 1 7 0 0 0 7 182 15 106 37 57 62 61 80 35 45 6 6 6 2 0.58 18 18 18 7 
167 3 2 3 3 3 1 15 1 14 0 1 0 0 1 1 0 1 0 0 0 1 70 8 24 13 10 38 13 17 11 6 3 3 3 2 1.58 3 3 3 1 
178 1 1 2 2 2 2 6 0 5 0 1 0 0 7 7 3 7 0 1 0 6 123 16 51 23 21 56 32 48 23 25 9 9 9 2 1.1 16 16 16 13 
194 1 1 5 5 5 3 14 0 13 1 1 0 1 3 3 1 3 1 1 0 1 113 9 51 24 30 56 35 50 23 27 7 7 7 2 1.1 14 14 14 8 
185 2 2 5 5 6 1 19 0 19 0 1 0 0 4 4 0 4 0 0 0 4 129 9 87 22 51 33 33 53 19 34 10 10 11 2 0.38 19 19 22 4 
165 5 2 3 3 3 1 12 0 11 0 1 0 2 12 12 2 12 0 2 2 8 247 21 171 52 97 56 85 122 45 77 5 5 7 2 0.33 33 33 35 12 
186 3 2 3 3 3 1 18 2 16 0 1 0 0 1 1 0 1 0 0 0 1 74 9 26 15 12 39 14 18 12 6 3 3 3 2 1.5 3 3 3 1 
180 2 2 3 3 3 1 10 0 10 0 1 0 0 3 3 0 3 0 0 0 3 77 7 40 14 16 30 14 24 10 14 5 5 5 1 0.75 9 9 9 3 
192 2 2 1 1 1 1 4 0 4 0 1 0 0 4 4 0 4 0 0 0 4 66 9 26 17 5 31 12 18 14 4 2 2 2 1 1.19 5 5 5 4 
179 2 2 1 1 1 1 4 0 4 0 1 0 0 4 4 0 4 0 0 0 4 66 9 26 17 5 31 12 18 14 4 2 2 2 1 1.19 5 5 5 4 
181 2 2 4 4 5 1 22 1 18 3 1 0 0 5 5 0 5 0 0 0 5 192 17 104 29 65 71 37 59 23 36 10 10 13 2 0.68 21 21 26 5 
171 2 2 4 4 4 2 13 0 13 0 1 2 0 6 4 0 6 0 2 0 4 169 12 95 29 50 62 39 63 26 37 6 6 7 3 0.65 23 23 26 11 
193 4 2 3 3 3 1 13 0 12 0 1 1 0 12 11 0 12 0 2 2 8 256 24 177 67 93 56 91 127 54 73 7 7 7 6 0.32 33 33 35 14 
198 3 2 3 3 3 1 18 2 16 0 1 0 0 1 1 0 1 0 0 0 1 74 9 26 15 12 39 14 18 12 6 3 3 3 2 1.5 3 3 3 1 
182 2 2 3 3 3 1 9 0 9 0 1 0 0 4 4 0 4 0 0 0 4 96 9 50 18 22 37 20 32 15 17 5 5 5 2 0.74 11 11 12 4 
