1 4 4 2 2 3 1 7 0 7 0 1 0 0 10 10 3 10 0 0 0 10 140 17 79 23 48 44 38 59 23 36 3 3 5 2 0.56 20 20 30 14 
118 6 1 4 3 4 2 12 0 11 0 1 5 11 30 25 4 30 2 7 10 11 521 58 352 103 231 111 180 255 76 179 14 8 19 2 0.32 105 78 116 54 
2 2 4 4 4 5 2 13 0 13 0 1 0 0 2 2 6 2 2 0 0 0 75 5 35 11 19 41 21 29 11 18 5 5 7 2 1.17 7 7 9 4 
3 2 4 1 1 1 1 3 0 3 0 1 0 0 1 1 0 1 0 0 0 1 48 4 6 3 1 38 2 4 3 1 1 1 1 0 6.33 1 1 1 1 
4 3 4 1 1 1 1 1 0 1 0 1 0 0 11 11 0 11 0 0 0 11 63 13 14 13 0 36 12 13 13 0 1 1 1 0 2.57 11 11 11 11 
119 3 2 1 1 1 1 1 0 1 0 1 0 0 1 1 0 1 0 0 0 1 58 4 6 5 0 48 3 4 4 0 1 1 1 0 8 1 1 1 1 
5 33 5 2 2 2 1 8 0 7 0 1 32 23 106 74 31 106 19 6 1 80 2060 167 904 308 508 989 394 595 262 333 10 10 16 5 1.09 210 210 227 133 
120 3 2 1 1 1 1 1 0 1 0 1 0 0 4 4 0 4 0 0 0 4 53 7 7 6 0 39 5 6 6 0 1 1 1 0 5.57 4 4 4 4 
85 2 4 14 13 18 6 79 4 59 17 1 13 26 13 0 0 13 12 0 0 1 1197 85 820 116 631 322 472 633 100 533 113 108 148 7 0.39 182 173 231 83 
126 3 2 1 1 1 1 3 0 3 0 1 0 0 7 7 1 7 0 0 0 7 111 12 26 11 7 73 10 18 11 7 2 2 2 0 2.81 8 8 8 7 
12 2 4 1 1 1 1 5 0 5 0 1 0 0 3 3 0 3 0 0 0 3 63 5 18 9 2 40 3 7 5 2 1 1 1 0 2.22 3 3 3 3 
127 4 3 1 1 1 1 3 0 3 0 1 0 0 22 22 1 22 0 0 0 22 250 9 89 29 35 152 29 54 26 28 3 3 4 2 1.71 25 25 27 24 
86 2 4 1 1 1 1 4 0 4 0 1 0 0 9 9 5 9 0 0 0 9 152 13 46 17 18 93 21 32 16 16 2 2 3 1 2.02 10 10 11 9 
13 2 4 1 1 1 1 1 0 1 0 1 0 0 3 3 0 3 3 0 0 0 103 7 10 9 0 86 4 5 5 0 1 1 1 0 8.6 3 3 3 3 
14 2 5 1 1 1 1 3 0 3 0 1 0 0 1 1 0 1 0 0 0 1 56 5 6 3 1 45 2 4 3 1 1 1 1 0 7.5 1 1 1 1 
16 4 4 3 3 3 2 11 0 11 0 1 2 0 12 10 1 12 0 2 0 10 341 19 139 47 85 183 73 107 41 66 7 7 7 2 1.32 37 37 37 23 
17 2 4 1 1 1 1 1 0 1 0 1 0 0 2 2 0 2 0 0 0 2 86 5 8 7 0 73 3 4 4 0 1 1 1 0 9.13 2 2 2 2 
18 3 4 1 1 1 1 3 0 3 0 1 0 3 9 9 4 9 0 0 0 9 103 14 39 19 13 50 19 29 19 10 1 1 1 0 1.28 9 9 9 9 
19 16 5 6 6 8 3 23 0 21 1 1 6 6 16 10 9 16 5 3 0 8 610 39 375 84 248 198 166 237 75 162 16 16 30 4 0.53 90 90 122 43 
26 3 5 3 2 3 2 17 1 14 2 1 1 0 47 46 2 47 0 4 0 43 1056 120 677 207 498 261 354 464 182 282 10 9 14 3 0.39 127 115 148 73 
128 15 2 2 2 2 1 7 0 7 0 1 1 3 12 11 3 12 1 1 0 10 164 19 100 30 56 45 46 68 26 42 4 4 4 2 0.45 22 22 22 12 
129 1 1 1 1 1 1 1 0 1 0 1 0 0 2 2 0 2 0 0 0 2 54 4 8 7 0 42 3 4 4 0 1 1 1 0 5.25 2 2 2 2 
130 16 2 3 3 3 2 9 0 9 0 1 0 4 38 38 6 38 2 5 20 11 577 57 366 100 200 154 147 245 88 157 14 14 14 5 0.42 100 100 105 64 
87 5 5 3 3 4 2 13 0 12 0 1 2 0 7 5 0 7 0 1 0 6 176 12 94 27 60 71 48 72 29 43 7 7 8 3 0.76 23 23 25 13 
22 8 5 2 2 2 1 6 0 6 0 1 0 0 10 10 2 10 3 0 0 7 125 17 74 21 34 35 30 48 16 32 6 6 6 1 0.47 16 16 16 10 
23 5 5 1 1 1 1 4 0 4 0 1 0 0 9 9 1 9 1 0 0 8 97 15 48 19 16 35 19 29 14 15 1 1 1 0 0.73 9 9 9 9 
24 21 5 17 9 18 5 74 2 68 2 1 15 3 32 17 13 32 0 28 0 4 2485 134 2232 273 1876 123 1292 1558 233 1325 209 120 229 6 0.06 544 290 580 175 
25 7 5 3 3 4 1 12 0 11 0 1 0 3 4 4 22 4 1 1 0 2 130 20 75 37 33 36 46 55 35 20 5 5 5 1 0.48 11 11 15 4 
131 3 2 1 1 1 1 3 0 3 0 1 0 0 6 6 4 6 1 0 0 5 77 11 32 14 11 34 17 25 14 11 2 2 2 1 1.06 7 7 7 6 
132 5 2 1 1 1 1 2 0 2 0 1 0 0 2 2 0 2 0 0 0 2 54 6 8 5 1 40 4 6 5 1 1 1 1 0 5 2 2 2 2 
27 13 5 6 4 6 2 34 1 30 3 2 17 3 22 5 3 22 1 10 0 11 882 61 681 134 524 159 347 447 121 326 34 34 39 5 0.23 122 98 131 52 
28 5 5 5 5 6 2 20 1 17 1 3 1 1 24 23 11 24 21 0 0 3 591 59 446 135 308 88 232 325 133 192 20 20 34 8 0.2 109 109 133 51 
29 2 4 2 2 2 1 6 0 5 0 1 1 0 4 3 1 4 1 0 0 3 109 9 28 10 13 72 12 20 9 11 3 3 3 1 2.57 7 7 8 4 
30 2 4 3 3 3 1 10 0 9 0 1 0 2 5 5 3 5 0 0 0 5 104 12 57 16 29 35 26 40 17 23 5 5 6 2 0.61 13 13 15 5 
31 2 4 4 4 4 1 16 0 16 0 1 0 2 2 2 2 2 0 0 0 2 80 7 39 10 23 34 20 28 10 18 4 4 4 2 0.87 7 7 7 2 
88 4 3 5 5 5 2 25 2 21 2 1 0 2 3 3 4 3 0 0 0 3 133 14 74 15 42 45 33 46 14 32 12 12 12 3 0.61 16 16 16 5 
32 2 5 5 5 6 3 25 2 16 6 1 0 1 12 12 15 12 12 0 0 0 412 55 218 44 164 140 117 168 44 124 11 11 14 5 0.64 55 55 69 31 
133 1 1 4 4 4 3 15 0 15 0 1 2 0 2 0 0 2 0 0 0 2 131 10 34 8 21 87 18 26 9 17 5 5 5 4 2.56 7 7 7 5 
33 2 4 1 1 1 1 2 0 2 0 1 0 0 9 9 3 9 0 0 0 9 79 11 24 14 11 44 14 24 14 10 1 1 1 0 1.83 9 9 9 9 
34 11 5 5 4 6 3 21 1 17 2 1 23 17 45 22 3 45 2 22 6 15 1147 135 809 196 550 204 439 623 165 458 20 17 22 5 0.25 232 189 261 125 
35 8 4 3 3 3 2 6 0 6 0 1 1 4 13 12 2 13 0 4 2 7 168 23 93 30 47 52 43 77 23 54 6 6 8 2 0.56 34 34 36 25 
36 8 4 2 2 2 2 6 0 6 0 1 2 2 14 12 6 14 3 2 2 7 171 24 101 36 48 46 46 72 29 43 5 5 5 2 0.46 29 29 29 22 
38 19 6 8 6 10 6 26 2 22 1 1 39 75 54 15 2 54 0 45 3 6 1707 224 1339 301 1053 170 811 1109 221 888 72 54 85 7 0.13 457 304 518 306 
90 10 5 3 3 3 2 6 0 6 0 1 2 6 17 15 3 17 0 2 8 7 204 30 125 43 72 49 72 119 33 86 8 8 13 2 0.39 48 48 54 36 
39 11 5 21 8 23 10 96 15 71 10 1 0 3 7 7 7 7 0 2 0 5 798 125 515 36 458 159 292 347 36 311 134 46 150 5 0.31 146 58 164 70 
40 15 5 6 4 8 3 23 1 21 0 1 14 15 28 14 1 28 2 20 0 6 838 91 626 158 457 123 323 437 121 316 28 17 31 5 0.2 170 124 213 80 
41 4 5 2 2 2 1 6 0 5 0 1 1 0 14 13 4 14 0 0 0 14 155 19 91 26 50 45 40 67 26 41 4 4 5 1 0.49 26 26 32 17 
42 5 5 3 3 3 2 13 0 11 1 1 2 0 14 12 2 14 0 0 0 14 275 31 166 53 107 78 71 105 46 59 7 7 7 4 0.47 38 38 42 31 
91 4 4 1 1 1 1 5 0 5 0 1 0 0 4 4 1 4 1 0 0 3 86 11 25 10 8 50 9 15 8 7 2 2 2 1 2 5 5 5 4 
43 6 5 6 6 6 3 23 1 20 0 1 9 5 18 9 1 18 7 2 0 9 517 55 382 87 262 82 179 272 79 193 37 37 40 5 0.21 100 100 105 47 
44 9 6 6 5 7 4 22 1 20 1 1 12 15 34 22 5 34 10 0 0 24 926 85 715 90 468 135 245 410 86 324 41 33 59 4 0.19 192 176 239 130 
45 4 4 2 2 3 1 11 0 9 0 1 2 1 13 11 1 13 2 0 0 11 236 28 145 62 96 64 71 97 43 54 7 7 8 3 0.44 30 30 33 17 
46 13 5 6 3 7 3 10 0 9 0 1 1 36 28 27 0 28 0 19 5 4 405 55 299 80 241 54 219 290 44 246 45 22 56 4 0.18 167 78 185 83 
47 9 5 3 2 3 2 9 0 8 0 1 2 10 20 18 2 20 0 10 3 7 280 37 185 53 115 58 93 131 36 95 12 8 14 2 0.31 61 39 64 44 
48 9 5 5 3 5 3 14 0 12 0 1 9 8 15 6 1 15 0 8 2 5 291 33 208 53 130 52 98 143 35 108 11 7 13 4 0.25 69 46 74 51 
49 6 5 2 2 3 2 8 0 7 0 1 4 5 20 16 2 20 0 7 2 11 286 34 163 55 83 89 70 105 39 66 6 3 8 2 0.55 48 36 50 37 
50 12 5 7 4 8 5 19 1 16 1 1 19 37 38 19 2 38 0 22 6 10 950 124 655 140 505 172 397 531 97 434 47 21 52 4 0.26 259 137 286 197 
51 6 4 2 2 2 1 5 0 5 0 1 2 1 22 20 4 22 0 0 0 22 195 33 122 39 59 40 50 85 34 51 3 3 3 2 0.33 35 35 35 24 
52 5 4 2 2 2 1 7 0 7 0 1 1 35 43 42 6 43 0 2 0 41 486 54 369 133 248 74 152 233 71 162 11 8 11 5 0.2 83 80 84 45 
53 6 5 10 8 12 5 55 3 46 6 1 0 0 12 12 4 12 0 1 8 3 743 57 562 141 428 125 289 378 131 247 78 55 96 5 0.22 116 93 149 55 
54 2 4 1 1 1 1 2 0 2 0 1 0 0 2 2 0 2 0 0 0 2 52 6 8 4 1 38 2 5 4 1 1 1 1 0 4.75 2 2 2 2 
55 2 7 5 4 6 3 38 5 29 4 2 0 0 34 34 6 34 4 28 0 2 1487 231 1019 193 756 256 602 723 162 561 46 30 57 4 0.25 162 127 191 89 
56 2 4 2 2 2 2 7 0 7 0 1 0 0 5 5 4 5 0 0 0 5 92 8 43 13 22 41 26 34 13 21 6 6 7 3 0.95 10 10 11 9 
57 3 4 1 1 1 1 3 0 3 0 1 3 0 4 1 0 4 3 0 0 1 65 8 18 7 5 39 5 10 6 4 1 1 1 0 2.17 4 4 4 4 
58 4 6 1 1 1 1 1 0 1 0 1 0 0 6 6 0 6 0 0 0 6 68 8 18 17 0 42 7 8 8 0 1 1 1 0 2.33 6 6 6 6 
59 2 4 1 1 1 1 1 0 1 0 1 0 0 1 1 0 1 0 0 0 1 73 6 5 4 0 62 2 3 3 0 1 1 1 0 12.4 1 1 1 1 
62 35 7 5 5 6 3 18 0 16 1 1 49 19 50 1 0 50 3 1 1 45 1196 113 845 200 603 240 419 604 186 418 18 18 30 5 0.28 232 232 281 154 
60 3 4 1 1 1 1 1 0 1 0 1 0 1 16 16 0 16 0 0 0 16 339 22 20 19 1 297 18 19 19 0 1 1 1 0 14.85 16 16 16 16 
61 20 5 5 5 6 3 18 0 17 0 3 20 10 54 34 15 54 2 8 0 44 1807 87 989 248 702 738 462 696 225 471 67 67 89 5 0.75 253 253 312 146 
63 4 4 1 1 1 1 1 0 1 0 1 0 0 4 4 0 4 0 0 0 4 148 7 8 7 0 133 5 6 6 0 1 1 1 0 16.63 4 4 4 4 
64 2 4 1 1 1 1 3 0 3 0 1 0 0 4 4 1 4 0 0 0 4 69 9 19 9 6 41 9 14 9 5 1 1 1 0 2.16 4 4 4 4 
67 2 4 1 1 1 1 1 0 1 0 1 0 7 13 13 0 13 0 0 0 13 222 25 24 22 7 173 21 22 22 0 1 1 1 0 7.21 13 13 13 13 
68 2 4 1 1 1 1 1 0 1 0 1 0 0 3 3 0 3 0 0 0 3 82 7 8 6 0 67 5 6 6 0 1 1 1 0 8.38 3 3 3 3 
135 3 3 1 1 1 1 5 0 5 0 1 0 0 2 2 0 2 0 0 0 2 77 6 13 6 3 58 3 7 4 3 1 1 1 0 4.46 2 2 2 2 
69 7 6 10 7 12 8 38 2 34 2 1 8 158 28 20 11 28 2 3 1 22 1414 105 1134 456 979 237 535 727 90 637 140 111 168 9 0.21 276 200 347 215 
178 1 1 4 4 4 2 11 0 11 0 1 2 5 22 20 7 22 0 7 0 15 468 48 262 80 174 159 155 237 83 154 12 12 15 4 0.61 84 84 95 40 
70 3 4 1 1 1 1 3 0 3 0 1 0 1 22 22 0 22 0 1 0 21 138 25 76 25 29 37 27 53 25 28 4 4 4 1 0.49 25 25 25 25 
71 6 4 2 2 2 1 7 0 7 0 1 0 0 12 12 3 12 0 0 0 12 158 19 101 39 61 40 54 78 40 38 4 4 4 3 0.4 23 23 23 12 
179 2 2 1 1 1 1 1 0 1 0 1 0 0 1 1 0 1 0 0 0 1 68 4 4 3 0 60 2 3 3 0 1 1 1 0 15 1 1 1 1 
72 2 4 1 1 1 1 3 0 3 0 1 1 0 6 5 1 6 0 0 0 6 115 9 28 10 11 78 12 21 10 11 3 3 3 1 2.79 8 8 8 6 
73 2 4 1 1 1 1 1 0 1 0 1 0 0 1 1 0 1 0 0 0 1 55 5 4 3 0 46 2 3 3 0 1 1 1 0 11.5 1 1 1 1 
121 3 2 1 1 1 1 1 0 1 0 1 0 0 4 4 0 4 0 0 0 4 51 8 8 7 0 35 6 7 7 0 1 1 1 0 4.38 4 4 4 4 
125 2 2 1 1 1 1 3 0 3 0 1 0 0 12 12 2 12 0 0 1 11 101 16 52 20 22 33 23 39 20 19 2 2 2 1 0.63 15 15 15 12 
122 5 2 1 1 1 1 1 0 1 0 1 0 0 6 6 0 6 0 0 0 6 92 10 9 8 0 73 7 8 8 0 1 1 1 0 8.11 6 6 6 6 
123 6 2 1 1 1 1 1 0 1 0 1 0 0 6 6 0 6 0 0 0 6 84 11 11 10 0 62 9 10 10 0 1 1 1 0 5.64 6 6 6 6 
124 2 2 1 1 1 1 1 0 1 0 1 0 0 3 3 0 3 3 0 0 0 51 8 8 7 0 35 5 6 6 0 1 1 1 0 4.38 3 3 3 3 
99 3 4 6 4 6 1 21 0 20 0 2 2 0 26 24 13 26 11 0 0 15 696 60 548 139 385 94 288 404 147 257 27 22 28 6 0.17 146 114 152 34 
101 20 4 6 5 7 1 37 2 32 2 3 0 5 98 98 47 98 12 77 0 9 3898 354 3243 458 2580 344 1630 2067 420 1647 100 30 117 8 0.11 556 460 662 138 
104 2 3 2 2 2 1 6 0 6 0 1 0 0 11 11 2 11 10 0 0 1 130 16 80 25 40 34 46 67 31 36 2 2 3 1 0.42 20 20 23 11 
105 2 3 1 1 1 1 5 0 5 0 1 0 0 4 4 0 4 0 1 0 3 74 10 30 14 11 34 15 18 12 6 2 2 2 1 1.13 5 5 5 4 
134 2 1 22 22 22 1 125 13 106 7 1 0 0 2 2 3 2 0 0 0 2 309 33 225 33 192 53 121 159 30 129 42 42 42 3 0.24 43 43 43 2 
107 5 3 2 2 2 1 6 0 6 0 1 0 1 17 17 8 17 2 0 0 15 181 23 120 40 63 38 62 91 39 52 8 8 9 2 0.32 29 29 30 17 
108 2 3 2 2 2 1 5 0 5 0 1 0 0 12 12 6 12 0 0 0 12 128 17 77 28 39 35 38 58 28 30 4 4 4 2 0.45 19 19 20 14 
109 2 4 2 2 2 1 7 0 7 0 1 0 0 2 2 1 2 0 0 0 2 66 7 19 9 8 40 8 12 7 5 2 2 2 1 2.11 3 3 3 2 
110 2 4 1 1 1 1 2 0 2 0 1 0 0 13 13 5 13 0 0 0 13 98 16 37 22 21 47 22 36 22 14 2 2 2 0 1.27 14 14 14 13 
111 3 3 4 4 4 3 13 0 12 0 1 18 0 19 1 0 19 0 1 0 18 314 33 243 54 171 38 112 179 48 131 8 8 9 3 0.16 83 83 85 50 
112 2 4 2 2 2 2 11 0 8 1 1 0 0 10 10 1 10 3 1 3 3 191 23 92 33 49 76 42 65 30 35 5 5 6 4 0.83 22 22 24 16 
113 2 3 2 2 2 1 8 0 7 1 1 0 0 3 3 0 3 0 0 0 3 74 8 28 12 11 39 16 22 13 9 2 2 2 1 1.39 5 5 5 3 
114 3 4 13 11 18 5 64 2 56 7 1 1 3 15 14 3 15 11 2 0 2 1082 66 857 145 629 174 359 528 143 385 77 58 103 5 0.2 194 168 263 77 
115 2 3 3 3 4 3 13 0 12 0 1 0 0 3 3 3 3 0 1 0 2 94 14 46 11 24 34 18 29 11 18 5 5 6 3 0.74 10 10 12 10 
116 2 3 1 1 1 1 3 0 3 0 1 0 4 3 3 1 3 0 0 0 3 62 10 18 11 7 34 7 11 8 3 1 1 1 0 1.89 3 3 3 3 
78 16 6 9 6 11 5 36 1 32 2 5 9 77 57 48 50 57 19 19 6 13 2502 187 2052 414 1624 364 1139 1477 341 1136 112 81 121 6 0.18 519 364 611 274 
79 5 3 8 4 8 6 13 1 12 0 1 2 24 12 10 0 12 1 1 6 4 271 38 178 54 132 70 126 169 31 138 41 23 43 3 0.39 90 44 98 69 
80 5 5 5 4 5 3 27 1 24 2 4 2 4 16 14 21 16 8 1 0 7 567 52 428 142 287 111 250 316 121 195 18 14 22 5 0.26 75 71 83 51 
83 2 4 1 1 1 1 4 0 4 0 1 0 1 3 3 3 3 0 0 0 3 62 8 21 9 7 33 9 13 9 4 2 2 2 0 1.57 4 4 4 3 
