1 2 6 4 3 5 2 13 0 12 0 1 0 4 14 14 5 14 0 1 7 6 276 29 190 38 113 57 92 142 36 106 7 6 8 4 0.3 60 48 67 28 
118 13 3 4 3 4 2 15 0 13 1 1 3 12 29 26 4 29 3 6 9 11 595 58 413 102 262 124 205 290 80 210 16 10 21 4 0.3 116 86 129 55 
205 1 1 1 1 1 1 1 0 1 0 1 0 0 1 1 0 1 0 0 0 1 63 4 7 5 0 52 2 3 3 0 1 1 1 0 7.43 1 1 1 1 
206 3 1 2 2 2 1 8 0 8 0 1 1 1 7 6 7 7 0 0 0 7 199 18 71 23 38 110 34 50 23 27 4 4 4 3 1.55 16 16 16 10 
3 0 0 1 1 1 1 3 0 3 0 1 0 0 1 1 0 1 0 0 0 1 48 4 6 3 1 38 2 4 3 1 1 1 1 0 6.33 1 1 1 1 
4 7 6 1 1 1 1 2 0 2 0 1 1 2 11 10 0 11 0 0 0 11 91 16 33 19 12 42 20 25 18 7 4 4 5 2 1.27 14 14 15 11 
180 1 3 1 1 1 1 1 0 1 0 1 0 0 1 1 0 1 0 0 0 1 47 3 6 5 0 38 3 4 4 0 1 1 1 0 6.33 1 1 1 1 
181 0 0 1 1 1 1 1 0 1 0 1 0 0 1 1 0 1 0 0 0 1 86 6 4 3 0 76 2 3 3 0 1 1 1 0 19 1 1 1 1 
207 6 1 1 1 1 1 6 0 5 0 1 0 0 19 19 11 19 0 0 0 19 203 29 128 37 54 46 54 76 33 43 2 2 2 1 0.36 21 21 22 19 
5 73 6 2 2 3 1 10 0 9 0 2 44 30 121 77 32 121 23 9 1 88 2507 194 1243 348 667 1070 500 780 289 491 11 11 15 4 0.86 285 273 308 146 
120 0 0 1 1 1 1 1 0 1 0 1 0 0 4 4 0 4 0 0 0 4 53 7 7 6 0 39 5 6 6 0 1 1 1 0 5.57 4 4 4 4 
85 3 7 15 14 19 7 82 4 62 17 1 13 30 13 0 0 13 8 5 0 0 1260 89 858 127 663 341 495 663 111 552 113 108 148 7 0.4 191 182 241 85 
208 13 1 8 4 9 5 37 5 29 2 1 5 7 20 15 2 20 11 8 0 1 892 134 600 67 488 161 338 418 64 354 126 39 128 5 0.27 169 82 176 98 
12 2 6 1 1 1 1 6 0 5 0 1 0 1 3 3 0 3 0 0 0 3 67 5 22 10 5 40 4 8 6 2 1 1 1 0 1.82 3 3 3 3 
183 4 1 2 2 2 1 5 0 5 0 1 0 0 5 5 1 5 0 0 0 5 84 8 35 12 13 41 12 21 10 11 4 4 4 2 1.17 8 8 8 5 
127 4 4 1 1 1 1 4 0 4 0 1 0 0 23 23 1 23 0 0 1 22 264 10 96 31 38 158 31 58 28 30 3 3 4 2 1.65 27 27 29 23 
86 3 6 1 1 1 1 6 0 6 0 1 0 0 10 10 6 10 1 0 0 9 180 13 70 22 30 97 33 47 19 28 4 4 5 2 1.39 13 13 14 10 
13 0 0 1 1 1 1 1 0 1 0 1 0 0 3 3 0 3 3 0 0 0 103 7 10 9 0 86 4 5 5 0 1 1 1 0 8.6 3 3 3 3 
14 5 7 2 2 2 1 7 0 7 0 1 1 0 7 6 4 7 1 0 0 6 146 11 62 19 26 73 27 39 16 23 4 4 5 1 1.18 11 11 12 7 
17 1 6 1 1 1 1 1 0 1 0 1 0 0 2 2 0 2 0 0 0 2 86 5 8 7 0 73 3 4 4 0 1 1 1 0 9.13 2 2 2 2 
18 12 6 1 1 1 1 3 0 3 0 1 0 3 10 10 5 10 4 0 0 6 108 15 43 21 14 50 21 32 21 11 1 1 1 0 1.16 10 10 10 10 
19 21 7 5 5 6 2 20 0 19 0 1 5 11 16 11 5 16 4 2 0 10 537 37 334 77 228 167 152 225 76 149 17 17 23 5 0.5 85 80 100 34 
184 0 0 1 1 1 1 1 0 1 0 1 0 0 2 2 0 2 0 0 0 2 63 5 5 4 0 53 3 4 4 0 1 1 1 0 10.6 2 2 2 2 
26 42 7 4 3 5 3 22 1 18 2 1 2 5 43 41 1 43 39 4 0 0 1199 124 804 204 563 271 401 545 191 354 43 36 43 4 0.34 178 150 194 119 
128 11 4 2 2 2 1 7 0 7 0 1 4 0 13 9 3 13 2 0 0 11 162 16 99 31 44 47 43 63 24 39 4 4 4 1 0.47 20 20 20 13 
129 0 0 1 1 1 1 1 0 1 0 1 0 0 2 2 0 2 0 0 0 2 54 4 8 7 0 42 3 4 4 0 1 1 1 0 5.25 2 2 2 2 
130 10 4 3 3 3 2 10 0 9 0 1 1 1 35 34 3 35 1 4 20 10 545 51 345 83 174 149 124 213 76 137 8 8 10 5 0.43 91 91 95 59 
87 10 7 2 2 2 1 8 0 8 0 2 1 2 14 13 3 14 3 2 0 9 222 21 134 37 68 67 57 91 36 55 6 6 6 3 0.5 30 30 33 17 
22 6 7 1 1 1 1 6 0 6 0 1 0 1 3 3 3 3 1 0 0 2 71 9 28 13 8 34 10 14 10 4 1 1 1 0 1.21 3 3 3 3 
23 5 7 1 1 1 1 5 0 5 0 1 0 0 4 4 1 4 1 0 0 3 72 9 29 11 8 34 8 13 8 5 1 1 1 0 1.17 4 4 4 4 
24 80 7 13 7 13 4 53 2 48 2 1 30 41 59 29 16 59 4 53 0 2 3335 228 2919 548 2357 191 1664 2050 488 1562 236 142 254 5 0.07 758 417 796 244 
25 8 7 1 1 1 1 5 0 5 0 1 0 4 12 12 29 12 2 1 0 9 173 34 103 52 29 36 61 74 49 25 2 2 2 0 0.35 13 13 13 12 
132 4 4 2 2 2 1 5 0 4 0 1 1 1 4 3 0 4 0 0 0 4 80 11 25 11 10 44 10 16 9 7 3 3 3 1 1.76 6 6 6 4 
210 2 1 1 1 1 1 4 0 4 0 1 0 0 10 10 1 10 0 0 1 9 105 14 50 17 15 41 17 29 14 15 2 2 2 1 0.82 12 12 12 10 
27 30 7 4 4 4 2 26 1 22 2 4 30 1 39 9 5 39 4 19 1 15 1176 112 897 222 647 192 462 603 193 410 19 19 22 4 0.21 167 143 174 79 
28 16 7 5 5 6 2 24 0 22 1 3 6 0 24 18 10 24 11 11 0 2 696 55 552 170 367 91 290 400 166 234 15 15 16 7 0.16 127 127 138 56 
29 7 6 1 1 1 1 4 0 4 0 1 0 0 5 5 3 5 0 0 0 5 102 8 31 10 9 63 12 18 10 8 1 1 1 0 2.03 5 5 5 5 
211 7 1 4 4 4 3 13 0 12 0 2 13 0 16 3 3 16 5 0 0 11 387 28 216 50 133 143 102 156 48 108 11 11 11 3 0.66 65 65 66 45 
88 7 5 3 3 3 2 20 1 16 2 1 0 2 3 3 4 3 0 0 0 3 117 13 59 15 33 45 27 39 14 25 6 6 6 3 0.76 10 10 10 5 
212 7 1 3 3 3 2 12 0 11 0 1 6 2 24 18 5 24 13 10 0 1 418 33 314 75 184 71 126 191 63 128 13 13 15 6 0.23 71 71 74 57 
34 10 6 5 4 6 3 22 1 18 2 1 24 19 46 22 3 46 2 25 5 14 1223 133 884 220 581 211 472 662 188 474 21 14 23 5 0.24 243 197 271 120 
35 5 6 4 4 4 3 10 0 8 0 1 2 5 9 7 2 9 1 2 2 4 161 20 92 27 55 49 48 84 20 64 9 9 10 3 0.53 36 36 38 26 
36 1 6 2 2 2 1 7 0 6 0 2 1 2 15 14 4 15 5 0 2 8 187 24 116 35 49 47 46 74 30 44 9 9 9 3 0.41 30 30 30 17 
38 10 8 10 6 11 6 30 2 25 2 1 36 69 48 12 2 48 2 39 3 4 1665 181 1329 248 1054 185 814 1099 191 908 73 53 94 6 0.14 473 290 530 295 
90 7 7 4 4 4 2 13 0 12 0 1 5 4 11 6 1 11 2 3 2 4 220 24 150 39 87 46 71 112 30 82 8 8 11 4 0.31 40 40 45 23 
39 12 7 2 2 2 1 8 0 8 0 1 0 0 6 6 3 6 1 0 0 5 130 13 55 15 25 62 22 34 14 20 3 3 5 1 1.13 11 11 13 8 
40 18 7 10 7 12 4 34 2 30 1 1 11 15 18 7 1 18 1 12 0 5 755 72 578 125 430 107 309 418 102 316 28 24 31 5 0.19 172 123 220 76 
41 1 7 2 2 2 1 6 0 6 0 1 1 0 14 13 4 14 0 0 0 14 162 19 96 29 53 47 43 70 29 41 4 4 5 1 0.49 26 26 32 17 
42 13 7 2 2 3 2 11 0 9 1 1 2 0 16 14 1 16 1 1 1 13 275 31 162 56 100 82 74 112 51 61 6 6 7 4 0.51 38 38 42 29 
91 4 6 1 1 1 1 5 0 5 0 1 0 0 3 3 1 3 0 0 0 3 80 8 23 11 5 49 9 13 9 4 1 1 1 0 2.13 3 3 3 3 
43 17 7 7 7 7 4 29 1 26 0 1 6 5 13 7 1 13 5 5 0 3 476 46 358 87 251 74 184 271 80 191 39 39 40 5 0.21 91 91 94 49 
44 12 8 5 5 6 4 22 1 20 1 1 11 16 36 25 8 36 10 2 1 23 1023 96 785 109 508 151 279 456 100 356 46 38 60 4 0.19 196 180 228 161 
45 11 6 2 2 2 1 7 0 6 0 1 0 0 14 14 2 14 3 0 0 11 184 22 101 34 53 61 43 67 30 37 8 8 10 2 0.6 25 25 28 14 
214 5 1 3 3 3 2 15 0 13 1 2 1 1 6 5 0 6 2 0 0 4 170 17 95 31 60 59 41 55 26 29 6 6 7 3 0.62 16 16 17 10 
46 7 7 19 8 21 8 36 2 33 1 1 1 29 9 8 0 9 1 1 4 3 430 36 337 55 277 59 248 309 25 284 46 22 57 4 0.18 168 75 191 70 
47 6 7 5 3 5 3 14 0 13 0 1 3 10 12 9 2 12 1 4 3 4 257 28 174 50 117 55 92 124 31 93 14 10 16 3 0.32 58 33 61 39 
48 6 7 6 4 6 3 17 0 16 0 2 3 9 12 9 0 12 2 1 4 5 293 26 218 46 141 51 112 157 34 123 22 15 27 5 0.23 69 43 76 31 
49 9 7 3 2 3 2 9 0 9 0 1 4 5 16 12 2 16 1 4 2 9 262 27 165 49 84 70 72 104 36 68 8 5 8 3 0.42 45 33 47 33 
50 9 7 10 5 11 8 29 2 23 2 1 12 37 25 13 2 25 2 12 5 6 899 101 635 134 494 164 397 522 90 432 46 20 51 4 0.26 253 128 278 191 
51 1 6 2 2 2 1 5 0 5 0 1 3 1 23 20 4 23 4 1 0 18 202 32 130 39 63 40 52 89 35 54 3 3 4 2 0.31 37 37 38 27 
52 18 6 3 2 3 1 9 0 9 0 6 5 25 58 53 16 58 5 4 0 49 742 78 591 141 372 89 290 423 118 305 32 22 35 4 0.15 153 127 163 79 
53 27 7 9 7 10 5 40 2 35 2 1 3 0 12 9 5 12 0 7 3 2 553 44 431 83 307 79 218 300 85 215 78 58 90 5 0.18 107 87 120 56 
54 1 6 1 1 1 1 2 0 2 0 1 0 0 2 2 0 2 0 0 0 2 52 6 8 4 1 38 2 5 4 1 1 1 1 0 4.75 2 2 2 2 
185 1 1 4 3 4 2 9 0 9 0 1 3 2 29 26 8 29 0 8 0 21 367 40 288 65 189 40 197 280 70 210 14 10 15 3 0.14 109 83 117 65 
186 2 1 3 3 4 2 11 0 10 0 2 1 4 30 29 10 30 3 7 0 20 695 86 346 107 217 264 200 286 109 177 14 14 22 5 0.76 90 90 113 47 
55 43 9 6 4 6 3 38 4 30 3 2 0 0 37 37 8 37 1 30 1 5 1546 228 1136 219 829 197 650 785 185 600 46 29 54 4 0.17 212 150 230 99 
57 0 0 1 1 1 1 3 0 3 0 1 3 0 4 1 0 4 3 0 0 1 65 8 18 7 5 39 5 10 6 4 1 1 1 0 2.17 4 4 4 4 
58 3 8 1 1 1 1 1 0 1 0 1 0 0 7 7 0 7 0 0 0 7 72 9 21 19 0 42 8 9 9 0 1 1 1 0 2 7 7 7 7 
59 0 0 1 1 1 1 1 0 1 0 1 0 0 1 1 0 1 0 0 0 1 73 6 5 4 0 62 2 3 3 0 1 1 1 0 12.4 1 1 1 1 
220 16 1 2 2 2 1 4 0 4 0 1 0 0 28 28 11 28 0 0 0 28 209 37 130 49 67 43 72 117 49 68 4 4 4 3 0.33 44 44 46 28 
62 43 9 4 4 5 3 15 0 14 1 2 121 25 122 1 5 122 16 6 2 98 2353 202 1787 437 1199 375 815 1239 364 875 33 25 42 5 0.21 497 482 579 313 
60 0 0 1 1 1 1 1 0 1 0 1 0 1 16 16 0 16 0 0 0 16 339 22 20 19 1 297 18 19 19 0 1 1 1 0 14.85 16 16 16 16 
61 27 7 4 4 4 2 15 0 14 0 3 20 10 65 45 16 65 1 14 0 50 1880 112 1010 263 659 765 472 701 240 461 37 37 47 4 0.76 245 245 291 140 
192 5 1 1 1 1 1 7 0 7 0 2 1 0 6 5 0 6 0 0 0 6 163 10 44 18 16 109 14 21 12 9 3 3 3 1 2.48 8 8 8 6 
135 0 0 1 1 1 1 5 0 5 0 1 0 0 2 2 0 2 0 0 0 2 78 6 14 6 3 58 3 7 4 3 1 1 1 0 4.14 2 2 2 2 
221 16 1 127 3 127 127 134 0 134 0 1 1 132 1 0 0 1 0 0 0 1 347 17 272 137 261 103 133 137 8 129 127 3 127 2 0.38 127 3 127 127 
69 20 8 9 7 11 8 31 1 27 2 1 6 8 33 27 25 33 2 11 0 20 1200 106 949 175 740 153 596 805 109 696 132 102 152 7 0.16 304 223 355 251 
178 3 3 5 5 5 2 16 0 15 0 1 1 5 20 19 6 20 0 7 0 13 657 65 328 94 220 265 195 289 100 189 13 13 17 5 0.81 96 96 109 38 
70 2 6 1 1 1 1 3 0 3 0 1 0 1 20 20 0 20 0 1 0 19 132 23 72 24 27 37 26 50 24 26 4 4 4 1 0.51 23 23 23 23 
203 1 1 2 2 2 2 5 0 5 0 1 0 4 3 3 1 3 0 1 0 2 84 12 26 12 13 46 18 26 12 14 3 3 3 1 1.77 7 7 7 5 
204 5 2 3 3 4 3 11 0 11 0 1 0 0 5 5 1 5 0 0 0 5 177 9 63 13 33 105 21 39 11 28 10 10 13 2 1.67 17 17 21 16 
179 0 0 1 1 1 1 1 0 1 0 1 0 0 1 1 0 1 0 0 0 1 52 5 4 3 0 43 2 3 3 0 1 1 1 0 10.75 1 1 1 1 
72 4 6 1 1 1 1 5 0 5 0 1 0 1 5 5 2 5 0 0 0 5 129 10 44 14 17 75 14 23 12 11 3 3 3 2 1.7 7 7 7 5 
73 0 0 1 1 1 1 1 0 1 0 1 0 0 1 1 0 1 0 0 0 1 55 5 4 3 0 46 2 3 3 0 1 1 1 0 11.5 1 1 1 1 
121 0 0 1 1 1 1 1 0 1 0 1 0 0 4 4 0 4 0 0 0 4 83 9 10 9 0 64 7 8 8 0 1 1 1 0 6.4 4 4 4 4 
182 0 0 1 1 1 1 1 0 1 0 1 0 0 1 1 0 1 0 0 0 1 60 5 5 4 0 50 3 4 4 0 1 1 1 0 10 1 1 1 1 
123 2 4 1 1 1 1 1 0 1 0 1 0 0 9 9 0 9 0 0 0 9 88 14 15 13 0 59 12 13 13 0 1 1 1 0 3.93 9 9 9 9 
124 0 0 1 1 1 1 1 0 1 0 1 0 0 2 2 0 2 2 0 0 0 66 8 7 6 0 51 4 5 5 0 1 1 1 0 7.29 2 2 2 2 
99 7 5 6 4 6 1 21 0 20 0 2 2 0 26 24 12 26 15 0 0 11 696 59 549 138 387 94 285 401 146 255 29 22 29 6 0.17 149 114 154 34 
217 3 1 2 2 2 1 11 0 10 0 1 0 0 8 8 3 8 0 0 1 7 196 19 94 41 46 83 41 58 33 25 8 8 10 4 0.88 16 16 18 11 
101 92 5 6 5 7 2 42 3 36 3 2 10 10 87 77 37 87 13 72 0 2 3930 373 3259 483 2588 329 1652 2066 450 1616 130 33 132 8 0.1 552 430 609 182 
104 1 4 2 2 2 1 6 0 6 0 1 0 0 12 12 2 12 10 1 0 1 137 17 86 27 42 34 51 73 33 40 2 2 3 1 0.4 21 21 24 12 
105 2 4 1 1 1 1 4 0 4 0 1 0 0 7 7 3 7 1 1 0 5 90 15 39 18 20 36 22 32 17 15 3 3 3 2 0.92 9 9 9 7 
134 5 3 15 15 15 1 89 7 78 4 1 0 0 3 3 2 3 0 0 0 3 325 29 245 33 206 53 127 172 30 142 42 42 43 3 0.22 44 44 45 3 
107 5 4 1 1 1 1 4 0 4 0 1 0 0 14 14 8 14 1 0 0 13 136 21 79 26 35 36 36 55 26 29 4 4 5 2 0.46 18 18 19 14 
108 19 4 1 1 1 1 5 0 5 0 1 2 0 13 11 6 13 13 0 0 0 132 17 80 29 28 35 37 55 31 24 2 2 3 1 0.44 17 17 18 13 
110 2 5 1 1 1 1 2 0 2 0 1 0 0 18 18 8 18 12 0 0 6 132 24 63 30 28 47 32 51 30 21 2 2 2 0 0.75 20 20 20 18 
111 5 4 4 4 4 3 12 0 12 0 1 22 3 22 0 0 22 0 0 0 22 345 34 275 69 186 36 116 191 54 137 8 8 9 3 0.13 89 89 91 58 
112 16 5 4 4 5 1 29 1 20 7 1 2 0 6 4 2 6 3 1 2 0 234 19 128 34 85 87 66 90 33 57 11 11 12 5 0.68 25 23 31 6 
114 19 5 12 10 13 4 51 1 45 4 1 7 7 12 5 3 12 1 11 0 0 729 43 574 118 387 119 267 383 119 264 77 54 81 5 0.21 138 115 151 51 
78 20 8 8 5 9 4 37 1 33 2 9 38 76 66 28 68 66 23 31 5 7 2956 205 2419 388 1842 434 1487 1822 352 1470 92 53 112 7 0.18 516 348 606 294 
79 2 5 8 4 9 6 15 1 13 0 1 2 23 11 9 1 11 1 1 5 4 276 38 185 53 132 68 126 167 30 137 41 23 43 3 0.37 88 42 96 68 
80 9 7 6 6 7 3 32 1 29 2 2 5 3 13 8 18 13 1 5 0 7 528 39 405 127 271 106 221 288 104 184 22 18 26 5 0.26 78 74 87 43 
83 0 0 2 2 2 1 5 0 5 0 1 0 1 4 4 3 4 0 0 0 4 72 9 29 10 12 34 15 21 11 10 2 2 2 1 1.17 6 6 6 4 
193 0 0 3 3 3 1 12 0 12 0 1 0 0 2 2 1 2 0 0 1 1 85 9 30 10 14 46 13 20 8 12 5 5 5 2 1.53 6 6 6 2 
194 0 0 2 2 2 1 7 0 7 0 2 1 0 9 8 3 9 3 0 1 5 162 15 75 39 39 73 35 50 26 24 3 3 4 2 0.97 14 14 15 11 
