1 7 6 5 4 6 2 16 0 16 0 1 0 4 13 13 5 13 1 1 5 6 308 28 223 47 132 57 107 165 47 118 11 11 14 5 0.26 64 56 74 27 
118 16 3 4 3 4 1 13 0 11 1 1 2 13 29 27 3 29 3 4 10 12 540 53 367 95 230 120 200 275 80 195 15 8 17 3 0.33 103 77 111 34 
205 2 1 1 1 1 1 1 0 1 0 1 0 0 1 1 0 1 0 0 0 1 56 3 6 4 0 47 2 3 3 0 1 1 1 0 7.83 1 1 1 1 
206 5 1 2 2 2 1 7 0 7 0 1 1 1 10 9 7 10 2 0 0 8 231 19 88 26 41 124 38 59 26 33 3 3 3 2 1.41 20 20 20 10 
3 1 6 1 1 1 1 3 0 3 0 1 0 0 1 1 0 1 0 0 0 1 48 4 6 3 1 38 2 4 3 1 1 1 1 0 6.33 1 1 1 1 
181 0 0 1 1 1 1 1 0 1 0 1 0 0 1 1 0 1 0 0 0 1 86 6 4 3 0 76 2 3 3 0 1 1 1 0 19 1 1 1 1 
207 6 1 1 1 1 1 5 0 5 0 1 0 0 19 19 10 19 0 0 0 19 184 26 115 32 43 43 51 72 32 40 2 2 2 1 0.37 20 20 21 19 
5 48 6 2 2 3 1 9 0 9 0 2 46 28 124 78 39 124 17 10 1 96 2642 194 1250 352 643 1198 483 776 289 487 15 15 18 5 0.96 290 283 314 151 
222 2 1 1 1 1 1 1 0 1 0 1 0 0 1 1 0 1 0 0 0 1 56 4 5 3 0 47 2 3 3 0 1 1 1 0 9.4 1 1 1 1 
223 17 1 2 2 2 1 8 0 7 0 2 3 2 19 16 4 19 1 0 8 10 417 35 147 35 70 235 58 90 35 55 10 3 13 2 1.6 37 29 40 23 
120 1 4 1 1 1 1 1 0 1 0 1 0 0 2 2 0 2 0 0 0 2 57 5 6 4 0 46 3 4 4 0 1 1 1 0 7.67 2 2 2 2 
85 0 0 15 14 19 7 82 4 62 17 1 13 30 13 0 0 13 8 5 0 0 1260 89 858 127 663 341 495 663 111 552 113 108 148 7 0.4 191 182 241 85 
208 5 1 9 4 9 6 38 5 30 3 1 5 7 19 14 2 19 10 8 0 1 888 135 594 66 487 162 338 414 63 351 128 38 130 5 0.27 168 78 174 110 
12 1 6 2 2 2 1 9 0 8 0 1 1 1 5 4 2 5 1 1 0 3 99 8 51 15 24 40 14 24 11 13 3 3 3 1 0.78 9 9 9 5 
183 0 0 2 2 2 1 5 0 5 0 1 0 0 5 5 1 5 0 0 0 5 84 8 35 12 13 41 12 21 10 11 4 4 4 2 1.17 8 8 8 5 
127 2 4 1 1 1 1 4 0 4 0 1 0 0 23 23 1 23 0 0 1 22 264 10 96 29 38 158 31 58 28 30 3 3 4 2 1.65 27 27 29 23 
86 2 6 1 1 1 1 4 0 4 0 1 0 0 10 10 2 10 1 0 0 9 150 13 46 17 13 91 15 26 14 12 1 1 1 0 1.98 10 10 10 10 
13 0 0 1 1 1 1 1 0 1 0 1 0 0 3 3 0 3 3 0 0 0 103 7 10 9 0 86 4 5 5 0 1 1 1 0 8.6 3 3 3 3 
14 5 7 1 1 1 1 4 0 4 0 1 0 0 7 7 0 7 0 0 0 7 118 10 35 11 8 73 9 17 9 8 1 1 1 0 2.09 7 7 7 7 
17 1 6 1 1 1 1 1 0 1 0 1 0 0 2 2 0 2 0 0 0 2 81 5 7 5 0 69 3 4 4 0 1 1 1 0 9.86 2 2 2 2 
18 3 6 1 1 1 1 3 0 3 0 1 0 3 5 5 4 5 0 0 0 5 87 10 27 15 9 50 15 21 15 6 1 1 1 0 1.85 5 5 5 5 
19 5 7 6 5 7 2 23 1 21 1 1 5 10 15 10 6 15 4 1 0 10 550 39 342 76 235 170 157 232 76 156 22 22 22 6 0.5 85 80 100 32 
184 0 0 1 1 1 1 1 0 1 0 1 0 0 2 2 0 2 0 0 0 2 63 5 5 4 0 53 3 4 4 0 1 1 1 0 10.6 2 2 2 2 
26 26 7 4 3 4 2 20 1 16 2 1 2 5 57 55 1 57 47 9 0 1 1425 135 965 217 650 325 474 662 207 455 36 31 36 4 0.34 232 190 254 139 
225 1 1 1 1 1 1 1 0 1 0 1 0 0 1 1 0 1 0 0 0 1 52 4 6 4 0 42 2 3 3 0 1 1 1 0 7 1 1 1 1 
226 3 1 2 2 2 1 7 0 7 0 1 0 0 15 15 5 15 1 0 0 14 177 21 114 28 57 42 54 80 26 54 4 4 4 1 0.37 26 26 26 15 
227 6 1 3 3 3 2 12 0 11 0 2 2 3 46 44 10 46 13 5 13 15 730 66 565 141 321 100 233 372 131 241 11 11 13 5 0.18 131 131 139 77 
87 8 7 3 2 3 1 10 0 9 0 1 1 5 19 18 2 19 0 7 2 10 314 29 195 52 109 90 100 148 52 96 6 6 8 3 0.46 50 46 55 25 
228 2 1 4 4 5 2 23 1 20 1 1 2 0 6 4 3 6 0 3 1 2 204 18 135 44 88 54 79 106 40 66 10 10 10 4 0.4 26 26 27 14 
22 6 7 1 1 1 1 7 0 6 0 1 3 0 15 12 4 15 4 3 4 4 183 23 112 38 43 48 48 70 32 38 3 3 3 2 0.43 21 21 21 15 
24 87 7 11 6 12 5 52 2 45 3 3 29 68 70 41 43 70 6 60 0 4 4015 327 3353 620 2644 347 1922 2339 536 1803 281 144 283 7 0.1 798 437 823 340 
25 9 7 1 1 1 1 4 0 4 0 1 0 3 15 15 28 15 2 1 0 12 181 39 106 51 27 38 57 73 50 23 2 2 2 0 0.36 16 16 16 15 
132 0 0 2 2 2 1 5 0 4 0 1 1 1 4 3 0 4 0 0 0 4 80 11 25 11 10 44 10 16 9 7 3 3 3 1 1.76 6 6 6 4 
27 14 7 4 4 4 2 26 1 22 2 4 29 2 35 6 3 35 7 13 0 15 1041 96 794 191 575 173 396 518 163 355 19 19 22 4 0.22 150 126 156 71 
28 5 7 7 7 8 3 32 1 28 2 3 5 0 18 13 10 18 12 5 0 1 682 51 536 167 362 96 288 394 163 231 40 40 41 7 0.18 124 124 135 51 
29 3 6 1 1 1 1 4 0 4 0 1 0 0 6 6 1 6 0 0 0 6 104 9 33 9 9 62 10 18 9 9 2 2 2 1 1.88 7 7 7 6 
211 9 1 5 5 5 3 15 0 14 0 2 13 1 16 3 5 16 3 0 0 13 431 27 252 56 160 152 118 181 54 127 11 11 11 3 0.6 73 73 74 51 
88 5 5 5 5 5 2 21 1 19 1 1 0 2 3 3 4 3 0 0 0 3 121 11 66 16 41 44 32 44 15 29 11 11 11 4 0.67 14 14 14 5 
212 0 0 3 3 3 2 12 0 11 0 1 6 2 24 18 5 24 13 10 0 1 418 33 314 75 184 71 126 191 63 128 13 13 15 6 0.23 71 71 74 57 
34 15 6 5 4 5 2 21 1 17 2 1 24 19 47 23 2 47 2 25 7 13 1198 133 859 214 561 211 491 676 194 482 21 14 23 5 0.25 225 192 251 88 
35 7 6 4 3 4 2 12 1 10 1 1 1 6 7 6 1 7 1 1 2 3 156 20 86 27 49 50 53 74 22 52 10 8 10 2 0.58 27 22 29 13 
36 13 6 3 3 3 1 11 0 10 0 1 1 3 7 6 3 7 3 0 2 2 145 18 81 28 41 46 39 57 26 31 9 9 9 3 0.57 20 20 20 9 
38 15 8 10 6 11 5 31 2 26 3 1 37 71 45 8 1 45 2 37 3 3 1625 170 1290 241 992 201 886 1154 185 969 78 53 94 5 0.16 443 276 502 219 
90 8 7 3 3 4 1 14 0 13 0 1 5 5 10 5 0 10 2 3 2 3 209 21 142 38 85 46 76 106 32 74 8 8 11 4 0.32 33 29 38 14 
39 6 7 1 1 1 1 4 0 4 0 1 0 0 12 12 0 12 1 0 4 7 143 17 59 21 22 67 24 36 20 16 3 3 3 1 1.14 15 15 15 14 
40 11 7 10 7 12 4 38 2 34 1 1 11 17 17 6 0 17 1 12 0 4 790 69 618 131 464 105 310 420 107 313 30 24 32 5 0.17 162 123 209 64 
41 1 7 2 2 2 1 6 0 6 0 1 1 0 14 13 4 14 0 0 0 14 162 19 96 29 53 47 43 70 29 41 4 4 5 1 0.49 26 26 32 17 
42 1 7 2 2 3 2 11 0 9 1 1 2 0 16 14 1 16 1 1 1 13 272 31 159 53 100 82 74 112 51 61 6 6 7 4 0.52 38 38 42 29 
91 1 6 1 1 1 1 5 0 5 0 1 0 0 3 3 1 3 0 0 0 3 79 8 22 10 5 49 9 13 9 4 1 1 1 0 2.23 3 3 3 3 
43 3 7 9 9 9 4 38 2 33 3 1 4 5 10 6 1 10 5 2 0 3 472 39 350 80 256 87 182 263 79 184 36 36 37 6 0.25 85 85 87 35 
44 6 8 6 5 7 5 25 1 22 1 1 11 16 33 22 8 33 6 3 1 23 1026 90 795 106 519 150 282 460 99 361 46 38 60 4 0.19 196 180 229 155 
45 1 6 2 2 2 1 7 0 6 0 1 0 0 14 14 2 14 3 0 0 11 185 22 102 35 53 61 44 68 31 37 8 8 10 2 0.6 25 25 28 14 
214 8 1 3 3 3 2 15 0 13 1 1 1 3 6 5 0 6 1 1 0 4 178 18 102 33 65 59 45 62 28 34 6 6 7 3 0.58 19 19 20 12 
46 7 7 20 10 23 10 42 2 38 2 1 1 30 7 6 0 7 1 2 2 2 394 33 304 56 250 58 270 328 28 300 46 22 57 4 0.19 139 72 162 69 
47 8 7 5 3 5 2 17 1 15 0 1 2 11 9 7 1 9 1 2 3 3 238 28 157 45 106 53 99 125 29 96 14 9 15 2 0.34 44 27 47 18 
48 10 7 8 5 9 3 26 1 24 0 1 1 10 6 5 0 6 0 0 2 4 226 17 162 41 110 48 105 133 31 102 23 16 30 4 0.3 47 28 56 20 
49 11 7 3 2 3 1 9 0 9 0 1 3 6 13 10 1 13 2 3 2 6 218 25 136 44 71 57 76 100 36 64 8 5 8 2 0.42 33 24 35 19 
50 11 7 9 5 10 5 27 2 22 2 1 11 38 25 14 1 25 2 11 7 5 855 96 596 135 455 164 431 553 94 459 46 20 51 4 0.28 216 125 241 116 
51 9 6 1 1 1 1 5 0 5 0 1 3 2 23 20 2 23 3 1 2 17 199 30 124 36 55 45 46 78 33 45 3 3 3 2 0.36 32 32 33 23 
52 11 6 3 2 3 1 8 0 8 0 5 6 29 64 58 15 64 5 4 0 55 750 84 593 148 363 98 289 434 121 313 25 19 28 4 0.17 162 140 168 85 
53 7 7 8 6 8 4 35 2 30 2 1 2 0 8 6 3 8 0 4 2 2 343 31 250 46 175 63 128 172 47 125 48 33 51 5 0.25 62 47 65 30 
54 2 6 1 1 1 1 1 0 1 0 1 0 0 1 1 0 1 0 0 0 1 47 3 5 3 0 39 1 3 3 0 1 1 1 0 7.8 1 1 1 1 
185 2 1 4 3 4 2 10 0 10 0 1 3 1 28 25 8 28 0 8 0 20 384 38 307 63 184 40 193 272 68 204 14 10 15 3 0.13 105 79 113 64 
186 1 1 3 3 4 2 11 0 10 0 2 1 3 30 29 10 30 3 7 0 20 693 85 345 106 216 264 199 285 108 177 14 14 22 5 0.77 90 90 113 47 
55 24 9 5 4 6 3 33 3 28 2 2 0 3 54 54 15 54 4 44 1 5 2016 258 1562 283 1133 210 878 1062 240 822 68 42 75 5 0.13 294 207 307 149 
57 1 6 1 1 1 1 3 0 3 0 1 0 0 1 1 0 1 0 0 0 1 49 5 6 3 1 38 2 4 3 1 1 1 1 0 6.33 1 1 1 1 
229 1 1 1 1 1 1 3 0 3 0 1 2 0 6 4 0 6 0 0 0 6 75 10 27 10 8 38 12 18 10 8 2 2 2 1 1.41 7 7 7 6 
58 2 8 1 1 1 1 1 0 1 0 1 0 3 5 5 0 5 0 0 0 5 69 8 18 16 3 43 9 10 10 0 1 1 1 0 2.39 5 5 5 5 
230 1 1 2 2 2 1 6 0 6 0 1 0 0 13 13 4 13 3 0 0 10 198 17 96 22 40 85 37 67 21 46 6 6 6 1 0.89 29 29 30 13 
59 1 6 1 1 1 1 1 0 1 0 1 0 0 1 1 0 1 0 0 0 1 70 6 4 3 0 60 2 3 3 0 1 1 1 0 15 1 1 1 1 
220 1 1 2 2 2 1 4 0 4 0 1 0 0 28 28 11 28 0 0 0 28 209 37 130 49 67 43 72 117 49 68 4 4 4 3 0.33 44 44 46 28 
62 77 9 4 4 4 2 16 0 15 1 2 169 30 170 1 6 170 17 12 2 139 3490 319 2657 657 1668 519 1180 1767 533 1234 33 26 42 5 0.2 664 649 742 409 
60 0 0 1 1 1 1 1 0 1 0 1 0 1 16 16 0 16 0 0 0 16 339 22 20 19 1 297 18 19 19 0 1 1 1 0 14.85 16 16 16 16 
61 23 7 4 4 4 2 15 0 14 0 3 23 6 71 48 14 71 2 14 1 54 1966 117 1072 255 674 782 483 725 240 485 37 37 47 4 0.73 262 262 306 153 
192 2 1 1 1 1 1 6 0 6 0 2 4 1 9 5 0 9 1 0 0 8 198 14 58 20 21 126 20 32 16 16 3 3 3 1 2.17 13 13 13 9 
231 4 1 4 3 4 1 15 0 14 0 1 1 3 6 5 2 6 1 1 0 4 144 13 94 17 56 37 35 54 17 37 9 7 9 4 0.39 23 19 23 6 
135 2 4 1 1 1 1 5 0 5 0 1 0 0 2 2 0 2 0 0 0 2 79 6 13 5 3 60 3 7 4 3 1 1 1 0 4.62 2 2 2 2 
221 17 1 148 4 149 148 162 3 157 2 1 1 154 1 0 0 1 0 0 0 1 406 24 319 161 305 137 156 161 10 151 148 4 149 1 0.43 148 4 149 148 
69 9 8 11 8 12 9 38 1 34 2 1 6 1 32 26 24 32 16 16 0 0 1391 108 1128 163 870 170 702 931 109 822 124 94 142 7 0.15 339 245 391 278 
178 1 3 5 5 5 2 16 0 15 0 1 1 4 20 19 6 20 0 7 0 13 654 63 327 93 219 265 194 288 99 189 13 13 17 5 0.81 96 96 109 38 
70 0 0 1 1 1 1 3 0 3 0 1 0 1 20 20 0 20 0 1 0 19 132 23 72 24 27 37 26 50 24 26 4 4 4 1 0.51 23 23 23 23 
203 1 1 3 2 3 1 11 0 11 0 1 0 6 3 3 1 3 0 1 0 2 115 12 49 17 28 54 23 29 14 15 4 2 4 1 1.1 9 5 9 3 
204 3 2 3 3 4 3 12 0 12 0 1 0 0 5 5 1 5 0 0 0 5 182 10 66 15 34 106 24 42 13 29 10 10 13 2 1.61 17 17 21 16 
179 0 0 1 1 1 1 1 0 1 0 1 0 0 1 1 0 1 0 0 0 1 52 5 4 3 0 43 2 3 3 0 1 1 1 0 10.75 1 1 1 1 
72 6 6 2 2 2 1 9 0 8 0 1 0 0 3 3 1 3 0 0 0 3 93 6 33 12 14 54 15 22 12 10 4 4 4 2 1.64 6 6 6 3 
73 0 0 1 1 1 1 1 0 1 0 1 0 0 1 1 0 1 0 0 0 1 55 5 4 3 0 46 2 3 3 0 1 1 1 0 11.5 1 1 1 1 
224 2 1 2 2 2 1 6 0 6 0 1 2 3 10 8 1 10 0 0 2 8 130 17 75 26 28 38 32 49 22 27 3 3 5 1 0.51 16 16 19 10 
121 0 0 1 1 1 1 1 0 1 0 1 0 0 4 4 0 4 0 0 0 4 83 9 10 9 0 64 7 8 8 0 1 1 1 0 6.4 4 4 4 4 
182 0 0 1 1 1 1 1 0 1 0 1 0 0 1 1 0 1 0 0 0 1 60 5 5 4 0 50 3 4 4 0 1 1 1 0 10 1 1 1 1 
123 2 4 1 1 1 1 1 0 1 0 1 0 0 12 12 0 12 0 0 0 12 120 17 18 16 0 85 15 16 16 0 1 1 1 0 4.72 12 12 12 12 
124 0 0 1 1 1 1 1 0 1 0 1 0 0 2 2 0 2 2 0 0 0 66 8 7 6 0 51 4 5 5 0 1 1 1 0 7.29 2 2 2 2 
99 13 5 5 4 6 2 22 1 19 1 2 10 2 22 12 12 22 6 16 0 0 615 68 459 111 311 93 251 343 126 217 21 12 21 5 0.2 117 90 123 35 
217 3 1 2 2 2 1 8 0 8 0 1 0 0 10 10 4 10 0 0 1 9 212 21 95 41 42 96 42 59 34 25 6 6 8 2 1.01 16 16 18 10 
101 61 5 6 4 6 1 43 3 37 3 2 8 13 89 81 39 89 14 72 0 3 4092 392 3396 484 2747 339 1759 2136 469 1667 105 28 106 6 0.1 527 384 558 115 
104 1 4 2 2 2 1 7 0 7 0 1 0 0 11 11 2 11 9 1 0 1 132 16 82 26 41 34 50 71 32 39 2 2 3 1 0.41 20 20 23 11 
134 1 3 15 15 15 1 89 7 78 4 1 0 0 3 3 2 3 0 0 0 3 325 29 245 33 206 53 127 172 30 142 42 42 43 3 0.22 44 44 45 3 
108 3 4 2 2 2 1 6 0 6 0 1 2 0 13 11 6 13 13 0 0 0 146 17 93 28 38 36 40 62 28 34 5 5 5 2 0.39 21 21 23 13 
111 13 4 2 2 2 1 9 0 8 0 2 18 3 19 1 0 19 1 1 0 17 248 25 162 60 77 61 65 100 44 56 6 6 6 2 0.38 34 34 35 24 
112 4 5 4 4 4 1 18 0 13 4 1 0 0 4 4 2 4 1 1 2 0 129 13 60 16 32 56 26 41 16 25 11 11 13 5 0.93 14 14 16 4 
114 11 5 13 10 14 5 58 1 53 4 1 1 5 7 6 4 7 1 6 0 0 506 36 386 66 267 89 165 236 67 169 73 50 75 4 0.23 93 70 100 38 
78 17 8 8 5 9 4 36 1 32 2 8 36 77 62 26 64 62 15 34 7 6 2751 197 2223 401 1637 433 1285 1609 365 1244 96 50 116 7 0.19 495 330 578 268 
79 4 5 9 4 10 7 19 1 17 0 1 1 23 9 8 0 9 1 1 5 2 281 39 187 52 138 70 132 171 29 142 45 24 47 3 0.37 85 39 92 64 
80 4 7 7 7 8 4 38 1 34 3 2 5 0 11 6 18 11 1 5 0 5 525 40 401 113 272 106 216 282 97 185 22 18 26 5 0.26 79 73 88 44 
83 0 0 2 2 2 1 5 0 5 0 1 0 1 4 4 3 4 0 0 0 4 72 9 29 10 12 34 15 21 11 10 2 2 2 1 1.17 6 6 6 4 
193 1 3 3 3 3 2 13 0 13 0 1 0 0 3 3 2 3 0 0 2 1 106 10 47 15 23 49 19 30 12 18 5 5 5 2 1.04 10 10 10 5 
194 3 3 2 2 2 1 7 0 7 0 2 1 0 9 8 3 9 3 0 1 5 164 15 76 40 40 74 35 50 26 24 3 3 4 2 0.97 14 14 15 11 
242 11 1 1 1 1 1 4 0 3 0 1 2 1 9 7 0 9 0 0 1 8 109 15 40 19 15 54 20 27 17 10 2 2 2 1 1.35 12 12 12 9 
243 7 1 1 1 1 1 1 0 1 0 1 0 0 12 12 0 12 0 0 0 12 126 15 27 17 2 84 13 17 15 2 1 1 1 0 3.11 12 12 12 12 
