1 4 8 5 4 6 2 16 0 16 0 1 0 5 13 13 5 13 1 1 5 6 311 28 223 48 132 60 108 166 48 118 11 11 14 5 0.27 64 56 74 27 
118 11 5 4 3 4 1 13 0 12 1 1 2 14 28 26 2 28 3 4 9 12 532 52 358 92 227 122 199 272 79 193 14 7 16 3 0.34 100 74 104 33 
205 1 2 1 1 1 1 1 0 1 0 1 0 0 1 1 0 1 0 0 0 1 59 3 6 4 0 50 2 3 3 0 1 1 1 0 8.33 1 1 1 1 
206 7 3 2 2 2 1 7 0 6 0 1 1 1 10 9 6 10 2 0 0 8 214 19 81 23 35 114 33 52 23 29 3 3 3 2 1.41 18 18 18 10 
181 1 2 1 1 1 1 1 0 1 0 1 0 0 1 1 0 1 0 0 0 1 89 6 4 3 0 79 2 3 3 0 1 1 1 0 19.75 1 1 1 1 
207 2 3 1 1 1 1 5 0 5 0 1 0 0 21 21 12 21 0 0 0 21 204 27 130 36 50 47 59 82 36 46 2 2 2 1 0.36 22 22 23 21 
255 2 1 1 1 1 1 1 0 1 0 1 0 0 3 3 0 3 0 0 0 3 109 5 6 5 0 98 4 5 5 0 1 1 1 0 16.33 3 3 3 3 
5 28 9 2 2 2 1 9 0 8 0 1 45 27 120 75 37 120 18 6 1 95 2579 189 1157 348 587 1233 466 732 288 444 16 16 19 5 1.07 268 261 292 140 
222 1 2 1 1 1 1 1 0 1 0 1 0 0 1 1 0 1 0 0 0 1 59 4 5 3 0 50 2 3 3 0 1 1 1 0 10 1 1 1 1 
223 8 4 2 2 2 1 8 0 7 0 2 3 2 26 23 5 26 1 1 9 15 538 50 206 44 107 282 79 125 44 81 13 4 16 2 1.37 54 43 57 34 
120 1 5 1 1 1 1 1 0 1 0 1 0 0 2 2 0 2 0 0 0 2 60 5 6 4 0 49 3 4 4 0 1 1 1 0 8.17 2 2 2 2 
85 4 8 14 13 17 6 77 3 58 16 1 14 30 14 0 0 14 8 6 0 0 1271 90 862 128 664 347 495 663 111 552 111 106 146 7 0.4 191 182 242 86 
208 7 4 9 4 9 6 39 5 31 3 1 5 7 19 14 2 19 10 8 0 1 910 138 608 66 501 167 347 423 63 360 133 39 135 5 0.27 173 79 179 113 
12 2 7 2 2 2 1 11 0 10 0 1 1 1 5 4 2 5 1 1 0 3 113 8 59 19 31 46 20 31 15 16 4 4 4 2 0.78 10 10 10 5 
183 3 3 2 2 2 1 6 0 5 0 1 0 0 5 5 1 5 0 0 0 5 88 7 35 11 14 46 11 20 9 11 4 4 4 2 1.31 8 8 8 5 
127 2 5 1 1 1 1 4 0 4 0 1 0 0 23 23 1 23 0 0 1 22 266 10 96 29 38 160 31 58 28 30 3 3 4 2 1.67 27 27 29 23 
86 3 7 1 1 1 1 4 0 4 0 1 0 1 10 10 2 10 1 0 0 9 160 14 51 18 14 95 16 27 15 12 1 1 1 0 1.86 10 10 10 10 
13 1 7 1 1 1 1 1 0 1 0 1 0 0 3 3 0 3 3 0 0 0 106 7 10 9 0 89 4 5 5 0 1 1 1 0 8.9 3 3 3 3 
14 2 8 1 1 1 1 4 0 4 0 1 0 1 7 7 0 7 0 0 0 7 123 11 36 12 9 76 10 18 10 8 1 1 1 0 2.11 7 7 7 7 
17 1 7 1 1 1 1 1 0 1 0 1 0 0 2 2 0 2 0 0 0 2 84 5 7 5 0 72 3 4 4 0 1 1 1 0 10.29 2 2 2 2 
18 4 7 1 1 1 1 3 0 3 0 1 0 3 5 5 4 5 0 0 0 5 88 9 26 14 9 53 14 20 14 6 1 1 1 0 2.04 5 5 5 5 
19 6 9 5 5 6 2 20 0 19 0 1 5 11 17 12 7 17 5 1 0 11 569 39 350 76 236 181 157 234 77 157 22 22 22 6 0.52 88 83 103 34 
184 1 2 1 1 1 1 1 0 1 0 1 0 0 2 2 0 2 0 0 0 2 66 5 5 4 0 56 3 4 4 0 1 1 1 0 11.2 2 2 2 2 
26 10 9 4 3 4 2 20 1 16 2 1 1 5 57 56 1 57 47 9 0 1 1429 138 937 214 628 354 465 646 204 442 30 25 30 4 0.38 219 183 241 130 
225 1 2 1 1 1 1 1 0 1 0 1 0 0 1 1 0 1 0 0 0 1 55 4 6 4 0 45 2 3 3 0 1 1 1 0 7.5 1 1 1 1 
226 3 2 2 2 2 1 7 0 6 0 1 0 1 16 16 6 16 1 0 0 15 189 24 120 31 59 45 57 84 29 55 4 4 4 1 0.38 28 28 28 16 
227 4 4 3 3 3 2 12 0 11 0 2 2 4 46 44 9 46 13 5 13 15 734 67 565 141 322 103 233 372 131 241 11 11 13 5 0.18 131 131 139 77 
87 5 9 3 2 3 1 10 0 9 0 1 1 6 19 18 2 19 0 7 2 10 318 29 196 52 111 93 101 149 52 97 6 6 8 3 0.47 50 46 55 26 
228 6 3 3 3 3 2 19 0 18 0 2 1 0 5 4 1 5 2 1 0 2 156 10 96 33 55 50 43 60 28 32 9 9 9 4 0.52 17 17 17 10 
22 8 9 2 2 2 1 7 0 6 0 1 3 1 17 14 4 17 4 3 5 5 215 25 128 41 51 62 52 78 35 43 3 3 3 2 0.48 26 26 26 17 
24 36 10 12 7 12 4 54 3 47 4 3 32 74 73 41 44 73 9 60 0 4 4331 349 3607 657 2844 389 2062 2527 573 1954 304 156 307 7 0.11 876 489 909 322 
25 3 8 1 1 1 1 4 0 4 0 1 0 4 16 16 29 16 2 1 0 13 192 40 112 54 29 42 60 77 53 24 2 2 2 0 0.38 17 17 17 16 
27 6 8 4 4 5 2 26 1 23 2 4 30 2 36 6 3 36 8 13 0 15 1098 102 838 198 608 184 415 543 167 376 18 18 20 4 0.22 156 132 163 73 
28 11 9 6 6 6 3 26 1 23 2 4 8 1 27 19 13 27 14 10 0 3 846 62 667 201 432 118 342 476 200 276 40 40 43 7 0.18 151 151 168 68 
29 3 8 2 2 2 2 6 0 5 0 1 0 1 6 6 1 6 0 0 0 6 117 10 41 10 16 66 13 23 10 13 4 4 4 2 1.61 9 9 9 9 
211 5 3 5 5 5 3 16 0 14 1 2 15 1 18 3 5 18 4 0 0 14 486 29 291 67 184 166 136 204 62 142 11 11 11 3 0.57 82 82 83 55 
88 5 8 4 4 4 3 16 0 15 1 1 0 4 4 4 6 4 2 1 0 1 133 12 74 23 44 47 33 48 21 27 10 10 10 4 0.64 16 16 16 12 
212 8 5 3 3 3 2 10 0 10 0 1 5 2 22 17 4 22 12 9 0 1 357 30 260 70 148 67 109 162 59 103 13 13 15 6 0.26 56 56 59 47 
34 9 8 6 4 6 3 22 1 19 2 1 24 28 49 25 2 49 2 27 7 13 1334 137 981 241 665 221 580 787 213 574 32 19 36 5 0.23 280 219 308 128 
35 4 7 4 3 4 2 12 1 10 1 1 1 7 7 6 1 7 1 1 2 3 162 21 88 28 51 53 55 76 23 53 10 8 10 2 0.6 27 22 29 13 
36 5 7 3 3 3 1 11 0 10 0 1 1 4 7 6 3 7 3 0 2 2 154 19 85 29 45 50 41 60 27 33 10 10 10 4 0.59 21 21 21 9 
38 7 10 10 6 11 5 30 2 26 2 1 37 72 45 8 1 45 2 37 3 3 1604 166 1272 234 980 203 868 1134 178 956 78 53 94 5 0.16 439 272 497 216 
90 5 9 4 3 4 1 15 0 14 0 1 5 6 10 5 0 10 2 3 2 3 227 22 154 42 95 51 83 115 36 79 8 8 11 4 0.33 35 31 41 14 
39 6 8 1 1 1 1 4 0 4 0 1 0 0 12 12 0 12 1 0 5 6 147 16 54 20 20 77 23 34 20 14 3 3 3 1 1.43 15 15 15 14 
40 4 8 10 7 12 4 38 2 34 1 1 11 18 17 6 0 17 1 12 0 4 791 69 619 132 465 105 311 421 108 313 30 24 32 5 0.17 162 123 209 64 
41 5 9 2 2 2 1 6 0 6 0 1 1 1 14 13 4 14 0 0 0 14 168 19 99 29 55 50 42 69 29 40 4 4 5 1 0.51 26 26 32 17 
42 10 9 3 3 3 2 13 0 11 1 1 2 2 16 14 1 16 1 1 1 13 320 36 190 61 124 94 89 132 59 73 8 8 11 4 0.49 43 43 51 32 
91 4 7 1 1 1 1 4 0 4 0 1 0 1 4 4 1 4 0 0 0 4 85 9 24 10 6 52 8 13 9 4 1 1 1 0 2.17 4 4 4 4 
43 9 8 9 9 10 4 42 2 36 4 1 4 6 11 7 2 11 5 2 0 4 563 45 415 92 302 107 208 302 89 213 40 40 41 6 0.26 98 98 106 43 
44 13 10 6 5 7 5 23 1 21 1 1 11 16 34 23 9 34 4 6 1 23 1002 90 766 105 495 155 273 445 98 347 46 38 57 4 0.2 192 176 225 154 
45 4 8 2 2 2 1 6 0 6 0 1 0 1 16 16 2 16 3 0 0 13 198 22 112 38 59 64 48 75 34 41 8 8 10 2 0.57 29 29 33 16 
214 4 2 3 3 3 2 15 0 13 1 1 1 4 6 5 0 6 1 1 0 4 180 17 102 33 66 62 45 62 28 34 6 6 7 3 0.61 19 19 20 12 
46 4 9 20 10 23 10 42 2 38 2 1 1 31 7 6 0 7 1 2 2 2 399 34 305 57 251 61 271 329 29 300 46 22 57 4 0.2 139 72 162 69 
47 4 8 5 3 5 2 17 1 15 0 1 2 12 9 7 1 9 1 2 3 3 244 29 159 46 108 56 101 127 30 97 14 9 15 2 0.35 44 27 47 18 
48 6 9 12 8 14 5 39 1 36 1 1 1 15 6 5 0 6 1 0 2 3 314 21 240 61 178 54 157 197 44 153 38 27 47 4 0.23 73 45 84 28 
49 5 8 3 2 3 1 9 0 9 0 1 3 7 13 10 1 13 2 3 2 6 221 25 136 43 73 60 76 100 35 65 8 5 8 2 0.44 33 24 35 19 
50 8 10 9 5 10 5 28 2 23 3 1 11 42 25 14 1 25 2 11 7 5 894 96 627 141 479 172 458 582 97 485 50 22 55 4 0.27 226 127 251 121 
51 3 8 1 1 1 1 5 0 5 0 1 3 3 23 20 2 23 3 1 2 17 207 32 127 38 56 48 48 80 35 45 3 3 3 2 0.38 32 32 33 23 
52 11 7 4 2 4 2 11 0 10 0 5 8 35 77 69 15 77 5 15 0 57 1218 136 868 183 569 243 387 572 153 419 68 20 71 4 0.28 279 181 290 119 
53 5 8 8 6 9 4 36 2 31 2 1 2 0 8 6 3 8 0 4 2 2 355 31 258 46 183 67 130 175 47 128 52 35 55 5 0.26 66 49 69 30 
185 2 2 4 3 4 2 10 0 10 0 1 3 2 28 25 8 28 0 8 0 20 388 38 308 64 185 43 194 273 69 204 14 10 15 3 0.14 105 79 113 64 
186 2 2 3 3 4 2 11 0 10 0 2 1 4 30 29 10 30 3 7 0 20 697 84 347 107 217 267 200 286 109 177 14 14 22 5 0.77 90 90 113 47 
55 20 12 6 4 6 3 33 3 28 2 2 0 4 58 58 18 58 6 46 1 5 2159 265 1683 302 1232 225 931 1142 255 887 72 45 79 6 0.13 323 235 345 160 
256 6 3 1 1 1 1 13 0 12 0 6 1 2 11 10 1 11 1 1 0 9 217 16 147 48 70 54 58 78 42 36 5 5 5 1 0.37 16 16 16 11 
229 2 2 1 1 1 1 2 0 2 0 1 0 0 4 4 0 4 0 0 0 4 64 8 15 7 2 41 6 9 7 2 1 1 1 0 2.73 4 4 4 4 
257 2 2 1 1 1 1 1 0 1 0 1 0 0 1 1 0 1 0 0 0 1 59 3 5 3 0 51 2 3 3 0 1 1 1 0 10.2 1 1 1 1 
58 1 9 1 1 1 1 1 0 1 0 1 0 3 5 5 0 5 0 0 0 5 71 8 18 16 3 45 9 10 10 0 1 1 1 0 2.5 5 5 5 5 
230 3 3 2 2 2 1 8 0 7 0 2 0 0 19 19 6 19 3 1 0 15 293 24 164 44 78 105 73 114 45 69 6 6 8 2 0.64 40 40 45 19 
59 1 7 1 1 1 1 1 0 1 0 1 0 0 1 1 0 1 0 0 0 1 73 6 4 3 0 63 2 3 3 0 1 1 1 0 15.75 1 1 1 1 
220 5 4 2 2 2 1 5 0 4 0 1 0 4 30 30 12 30 0 0 0 30 261 40 164 61 96 58 96 148 62 86 4 4 4 3 0.35 51 51 53 33 
62 39 13 4 4 4 2 16 0 15 1 3 173 27 176 3 8 176 18 13 1 144 3609 318 2758 674 1726 541 1217 1820 544 1276 33 26 42 5 0.2 681 666 767 415 
60 1 7 1 1 1 1 1 0 1 0 1 0 1 16 16 0 16 0 0 0 16 342 22 20 19 1 300 18 19 19 0 1 1 1 0 15 16 16 16 16 
61 19 11 4 4 4 2 15 0 14 0 3 31 14 88 57 14 88 9 14 1 64 2392 159 1328 326 846 909 592 894 289 605 41 41 52 6 0.68 322 322 367 189 
258 4 4 2 2 2 1 15 0 15 0 5 3 2 9 6 0 9 3 2 0 4 198 10 140 44 61 48 56 75 42 33 5 5 5 4 0.34 17 17 17 13 
192 1 2 1 1 1 1 6 0 6 0 2 4 1 9 5 0 9 1 0 0 8 201 14 58 20 21 129 20 32 16 16 3 3 3 1 2.22 13 13 13 9 
259 5 3 1 1 1 1 7 0 7 0 3 2 0 4 2 0 4 0 0 0 4 80 4 29 7 10 47 8 13 9 4 1 1 1 0 1.62 4 4 4 4 
231 4 3 4 3 4 1 15 0 14 0 1 1 4 6 5 3 6 1 1 0 4 151 14 97 19 58 40 38 57 19 38 9 7 9 4 0.41 23 19 23 6 
135 1 5 1 1 1 1 5 0 5 0 1 0 0 2 2 0 2 0 0 0 2 81 6 13 5 3 62 3 7 4 3 1 1 1 0 4.77 2 2 2 2 
221 8 3 153 3 153 153 162 1 160 1 1 1 161 1 0 0 1 0 0 0 1 417 22 328 167 316 143 160 164 9 155 153 3 153 1 0.44 153 3 153 153 
69 6 10 11 8 12 9 38 1 34 2 1 6 1 32 26 22 32 16 16 0 0 1398 108 1129 161 873 176 702 931 107 824 125 94 143 7 0.16 340 245 392 279 
178 2 4 5 5 5 2 16 0 15 0 1 1 5 20 19 6 20 0 7 0 13 659 63 329 94 220 268 195 289 100 189 13 13 17 5 0.81 96 96 109 38 
70 3 7 1 1 1 1 3 0 3 0 1 0 2 2 2 0 2 0 1 0 1 60 6 14 7 3 40 5 8 7 1 1 1 1 0 2.86 2 2 2 2 
203 2 2 3 2 3 1 11 0 11 0 1 0 7 3 3 1 3 0 1 0 2 120 13 50 18 29 57 24 30 15 15 4 2 4 1 1.14 9 5 9 3 
260 5 3 1 1 1 1 4 0 4 0 1 1 1 9 8 0 9 0 1 8 0 166 14 48 28 17 104 20 27 19 8 4 4 4 3 2.17 12 12 12 12 
204 4 4 3 3 4 3 12 0 12 0 1 0 0 5 5 1 5 0 0 0 5 183 9 65 14 33 109 22 39 12 27 9 9 14 2 1.68 16 16 22 15 
72 4 7 2 2 2 1 8 0 7 0 1 0 1 3 3 1 3 0 0 0 3 93 7 29 10 13 57 13 19 10 9 3 3 3 1 1.97 5 5 5 3 
73 1 7 1 1 1 1 1 0 1 0 1 0 0 1 1 0 1 0 0 0 1 58 5 4 3 0 49 2 3 3 0 1 1 1 0 12.25 1 1 1 1 
224 4 3 2 2 2 1 6 0 6 0 1 2 4 10 8 1 10 0 0 2 8 136 18 77 27 30 41 34 51 23 28 3 3 5 1 0.53 16 16 19 10 
121 2 5 1 1 1 1 1 0 1 0 1 0 0 4 4 0 4 0 0 0 4 86 9 10 9 0 67 7 8 8 0 1 1 1 0 6.7 4 4 4 4 
182 2 3 1 1 1 1 1 0 1 0 1 0 0 1 1 0 1 0 0 0 1 61 4 4 3 0 53 2 3 3 0 1 1 1 0 13.25 1 1 1 1 
123 3 5 1 1 1 1 1 0 1 0 1 0 0 12 12 0 12 0 0 0 12 119 15 16 14 0 88 13 14 14 0 1 1 1 0 5.5 12 12 12 12 
124 1 5 1 1 1 1 1 0 1 0 1 0 0 2 2 0 2 2 0 0 0 69 8 7 6 0 54 4 5 5 0 1 1 1 0 7.71 2 2 2 2 
261 4 3 1 1 1 1 5 0 4 0 1 0 0 6 6 1 6 0 0 6 0 84 10 37 14 12 37 14 22 14 8 2 2 2 1 1 7 7 7 6 
262 4 3 2 2 2 1 11 0 9 1 2 0 0 9 9 1 9 0 0 8 1 157 15 93 35 43 49 40 56 30 26 4 4 4 1 0.53 17 17 17 11 
263 1 1 3 3 3 3 8 0 8 0 1 0 0 1 1 0 1 0 0 0 1 54 3 15 6 6 36 7 11 6 5 3 3 3 1 2.4 3 3 3 3 
99 4 7 6 4 6 2 23 1 20 1 2 10 2 21 11 12 21 6 15 0 0 610 67 453 108 310 95 248 339 123 216 21 12 21 5 0.21 116 89 121 34 
217 3 3 2 2 2 1 8 0 8 0 1 0 0 10 10 4 10 0 0 1 9 211 20 93 39 42 98 40 57 32 25 6 6 8 2 1.05 18 18 20 10 
101 20 7 6 5 7 1 44 3 38 3 2 8 16 91 83 34 91 14 74 0 3 4253 394 3538 503 2868 358 1845 2254 491 1763 107 30 108 6 0.1 567 418 597 122 
104 1 5 2 2 2 1 7 0 7 0 1 0 0 11 11 2 11 9 1 0 1 134 16 82 26 41 36 50 71 32 39 2 2 3 1 0.44 20 20 23 11 
108 4 5 2 2 2 1 6 0 6 0 1 2 0 13 11 6 13 13 0 0 0 149 17 93 27 39 39 39 61 27 34 5 5 6 2 0.42 21 21 24 13 
111 4 5 2 2 2 1 9 0 8 0 2 19 3 20 1 0 20 1 1 0 18 258 26 169 63 79 63 66 102 45 57 6 6 6 2 0.37 35 35 36 25 
112 1 6 4 4 4 1 18 0 13 4 1 0 0 4 4 2 4 1 1 2 0 131 13 60 16 32 58 26 41 16 25 11 11 13 5 0.97 14 14 16 4 
114 5 7 13 10 14 6 59 1 54 4 1 1 3 7 6 3 7 1 6 0 0 510 34 389 61 271 91 160 232 62 170 74 51 76 4 0.23 94 71 101 39 
78 7 10 8 5 9 4 36 1 32 2 8 37 80 63 26 64 63 15 35 7 6 2781 201 2244 410 1649 438 1300 1627 374 1253 96 50 116 7 0.2 498 333 581 269 
79 4 6 9 4 9 7 17 1 16 0 1 1 24 10 9 0 10 1 1 5 3 289 40 191 53 139 73 132 172 30 142 45 24 47 3 0.38 86 40 93 65 
80 3 8 7 7 8 4 39 1 35 3 2 5 0 11 6 18 11 1 5 0 5 541 40 410 114 280 113 222 290 98 192 22 18 26 5 0.28 80 74 89 44 
83 1 7 2 2 2 1 5 0 5 0 1 0 1 4 4 3 4 0 0 0 4 75 9 29 10 12 37 15 21 11 10 2 2 2 1 1.28 6 6 6 4 
193 1 4 3 3 3 2 13 0 13 0 1 0 0 3 3 2 3 0 0 2 1 112 10 47 15 23 55 19 30 12 18 5 5 5 2 1.17 10 10 10 5 
194 7 5 2 2 2 1 8 0 8 0 2 1 1 10 9 3 10 3 0 1 6 208 20 97 46 53 92 42 62 31 31 3 3 4 2 0.95 18 18 20 12 
242 3 4 1 1 1 1 4 0 3 0 3 3 1 12 9 0 12 0 0 1 11 132 18 50 22 19 64 23 33 21 12 2 2 2 1 1.28 15 15 15 12 
243 2 3 1 1 1 1 1 0 1 0 1 0 0 12 12 0 12 0 0 0 12 128 15 27 17 2 86 13 17 15 2 1 1 1 0 3.19 12 12 12 12 
