1 3 8 5 4 6 2 16 0 16 0 1 0 5 13 13 5 13 1 1 5 6 322 28 234 59 132 60 108 166 48 118 11 11 14 5 0.26 64 56 74 27 
118 3 5 4 3 4 1 13 0 11 1 1 4 14 30 26 2 30 5 4 9 12 564 55 387 106 238 122 204 282 82 200 14 7 16 3 0.32 106 79 111 37 
205 0 0 1 1 1 1 1 0 1 0 1 0 0 1 1 0 1 0 0 0 1 59 3 6 4 0 50 2 3 3 0 1 1 1 0 8.33 1 1 1 1 
206 4 4 2 2 2 1 6 0 6 0 1 1 2 12 11 5 12 4 0 0 8 223 15 91 26 38 117 33 55 25 30 3 3 3 2 1.29 22 22 22 12 
181 0 0 1 1 1 1 1 0 1 0 1 0 0 1 1 0 1 0 0 0 1 89 6 4 3 0 79 2 3 3 0 1 1 1 0 19.75 1 1 1 1 
207 3 3 1 1 1 1 5 0 5 0 1 0 0 23 23 13 23 0 0 0 23 233 31 139 39 54 63 64 89 39 50 2 2 2 1 0.45 24 24 25 23 
255 1 1 1 1 1 1 1 0 1 0 1 0 0 3 3 0 3 0 0 0 3 109 5 6 5 0 98 4 5 5 0 1 1 1 0 16.33 3 3 3 3 
5 18 9 2 2 2 1 8 0 8 0 2 43 30 125 82 38 125 18 4 2 101 2639 189 1157 362 575 1293 457 718 297 421 17 17 20 5 1.12 268 260 290 142 
222 1 3 1 1 1 1 1 0 1 0 1 0 0 1 1 0 1 0 0 0 1 58 4 5 3 0 49 2 3 3 0 1 1 1 0 9.8 1 1 1 1 
223 7 5 2 2 2 1 8 0 7 0 2 3 2 27 24 5 27 1 1 9 16 589 49 212 46 110 328 81 128 45 83 14 4 17 2 1.55 56 44 59 35 
120 0 0 1 1 1 1 1 0 1 0 1 0 0 2 2 0 2 0 0 0 2 60 5 6 4 0 49 3 4 4 0 1 1 1 0 8.17 2 2 2 2 
278 4 1 1 1 1 1 3 0 3 0 1 0 1 5 5 2 5 2 0 0 3 99 7 21 10 6 71 9 15 10 5 1 1 1 0 3.38 5 5 5 5 
85 0 0 14 13 17 6 77 3 58 16 1 14 30 14 0 0 14 8 6 0 0 1271 90 862 128 664 347 495 663 111 552 111 106 146 7 0.4 191 182 242 86 
208 1 4 9 4 10 6 40 5 31 3 1 5 7 19 14 2 19 10 8 0 1 918 140 614 66 507 167 351 427 63 364 135 39 137 5 0.27 175 79 181 115 
12 0 0 2 2 2 1 11 0 10 0 1 1 1 5 4 2 5 1 1 0 3 113 8 59 19 31 46 20 31 15 16 4 4 4 2 0.78 10 10 10 5 
183 2 4 2 2 2 1 6 0 5 0 1 0 0 5 5 1 5 0 0 0 5 89 7 36 12 14 46 11 20 9 11 4 4 4 2 1.28 8 8 8 5 
127 2 5 1 1 1 1 4 0 4 0 1 0 0 23 23 1 23 0 0 1 22 266 10 96 29 38 160 31 58 28 30 3 3 4 2 1.67 27 27 29 23 
86 2 7 1 1 1 1 4 0 4 0 1 0 1 10 10 2 10 1 0 0 9 161 14 52 19 14 95 16 27 15 12 1 1 1 0 1.83 10 10 10 10 
13 0 0 1 1 1 1 1 0 1 0 1 0 0 3 3 0 3 3 0 0 0 106 7 10 9 0 89 4 5 5 0 1 1 1 0 8.9 3 3 3 3 
279 3 1 1 1 1 1 1 0 1 0 1 0 0 8 8 0 8 0 0 0 8 118 11 18 17 0 89 10 11 11 0 1 1 1 0 4.94 8 8 8 8 
14 1 8 1 1 1 1 4 0 4 0 1 0 1 7 7 0 7 0 0 0 7 123 11 36 12 9 76 10 18 10 8 1 1 1 0 2.11 7 7 7 7 
17 0 0 1 1 1 1 1 0 1 0 1 0 0 2 2 0 2 0 0 0 2 84 5 7 5 0 72 3 4 4 0 1 1 1 0 10.29 2 2 2 2 
18 2 7 1 1 1 1 3 0 3 0 1 0 3 10 10 7 10 0 0 0 10 117 14 50 24 18 53 26 39 24 15 2 2 2 1 1.06 12 12 12 10 
19 6 11 5 5 6 2 20 0 19 0 1 5 11 17 12 7 17 5 1 0 11 572 39 353 81 234 181 156 232 77 155 22 22 22 6 0.51 87 82 102 33 
184 2 3 1 1 1 1 1 0 1 0 1 0 0 2 2 0 2 0 0 0 2 66 5 5 4 0 56 3 4 4 0 1 1 1 0 11.2 2 2 2 2 
26 14 9 4 3 4 2 21 1 17 2 1 1 5 63 62 1 63 50 12 0 1 1607 140 1108 250 760 359 546 753 233 520 30 25 30 4 0.32 249 213 279 144 
225 0 0 1 1 1 1 1 0 1 0 1 0 0 1 1 0 1 0 0 0 1 55 4 6 4 0 45 2 3 3 0 1 1 1 0 7.5 1 1 1 1 
226 1 3 2 2 2 1 7 0 6 0 1 0 1 16 16 6 16 1 0 0 15 196 24 127 38 59 45 57 84 29 55 4 4 4 1 0.35 28 28 28 16 
227 2 4 3 3 3 2 12 0 11 0 2 2 4 46 44 9 46 13 5 13 15 741 67 572 148 322 103 233 372 131 241 11 11 13 5 0.18 131 131 139 77 
87 2 9 3 2 3 1 10 0 9 0 1 1 6 19 18 2 19 0 7 2 10 324 29 202 58 111 93 101 149 52 97 6 6 8 3 0.46 50 46 55 26 
228 1 4 3 3 3 2 19 0 18 0 2 1 0 5 4 1 5 2 1 0 2 156 10 96 33 55 50 43 60 28 32 9 9 9 4 0.52 17 17 17 10 
22 3 9 1 1 1 1 7 0 6 0 1 3 1 19 16 4 19 4 3 5 7 235 27 146 54 53 62 54 82 37 45 3 3 3 2 0.42 28 28 28 19 
24 22 11 11 6 12 4 51 2 44 3 4 37 77 85 48 50 85 6 68 0 11 4740 374 3952 726 3089 431 2216 2733 621 2112 312 158 318 7 0.11 957 548 997 377 
25 0 0 1 1 1 1 4 0 4 0 1 0 4 16 16 29 16 2 1 0 13 192 40 112 54 29 42 60 77 53 24 2 2 2 0 0.38 17 17 17 16 
27 9 9 4 4 5 2 27 1 23 2 4 31 2 37 6 3 37 8 14 0 15 1140 104 876 210 632 187 429 565 175 390 18 18 20 4 0.21 163 139 170 75 
28 15 9 6 6 7 3 27 1 24 2 4 8 1 29 21 14 29 14 12 0 3 933 68 732 208 477 135 355 511 202 309 43 43 48 8 0.18 166 166 190 82 
29 1 8 2 2 2 2 6 0 5 0 1 0 1 6 6 1 6 0 0 0 6 118 10 42 11 16 66 13 23 10 13 4 4 4 2 1.57 9 9 9 9 
211 6 4 4 4 4 3 15 0 14 0 2 14 1 17 3 5 17 4 0 0 13 455 28 266 64 165 161 120 185 57 128 11 11 11 3 0.61 75 75 76 50 
88 4 8 3 3 3 3 14 0 13 0 1 0 4 5 5 6 5 2 2 0 1 141 13 81 25 47 47 35 51 22 29 10 10 10 4 0.58 17 17 17 13 
212 4 5 3 3 3 2 10 0 10 0 1 5 2 23 18 4 23 13 9 0 1 372 31 273 73 157 68 115 170 61 109 13 13 15 6 0.25 60 60 63 49 
34 24 8 7 5 8 3 27 1 23 2 1 26 48 53 27 3 53 5 27 8 13 1745 148 1330 313 925 273 729 994 258 736 43 21 43 5 0.21 356 278 410 177 
35 3 7 4 3 5 2 13 1 11 1 1 1 7 7 6 1 7 1 1 2 3 175 21 101 33 57 53 57 79 23 56 12 10 13 2 0.52 29 24 32 13 
36 2 7 3 3 3 1 11 0 10 0 1 1 4 7 6 3 7 3 0 2 2 158 19 89 33 45 50 41 60 27 33 10 10 10 4 0.56 21 21 21 9 
280 1 1 2 2 2 1 6 0 6 0 1 2 4 10 8 1 10 0 0 2 8 139 17 81 31 30 41 33 50 22 28 3 3 5 1 0.51 16 16 19 10 
38 3 10 10 6 11 5 30 2 26 2 1 37 72 45 8 1 45 2 37 3 3 1610 166 1278 240 980 203 868 1134 178 956 78 53 94 5 0.16 439 272 497 216 
90 4 9 4 3 4 1 15 0 14 0 1 5 6 10 5 0 10 2 3 2 3 232 22 159 47 95 51 83 115 36 79 8 8 11 4 0.32 35 31 41 14 
39 2 9 1 1 1 1 4 0 4 0 1 0 0 13 13 0 13 1 0 5 7 172 18 65 25 22 89 24 37 21 16 3 3 3 1 1.37 16 16 16 15 
281 9 2 4 3 4 2 16 1 13 2 4 1 12 12 11 7 12 2 2 2 6 288 32 189 62 120 67 102 142 45 97 11 9 12 2 0.35 47 39 50 20 
40 4 9 10 7 12 4 38 2 35 1 1 11 18 17 6 0 17 1 12 0 4 796 69 622 140 465 107 312 423 108 315 30 24 32 5 0.17 163 124 210 64 
282 11 2 2 2 3 1 10 0 8 1 3 3 9 15 12 3 15 2 4 2 7 269 38 161 61 92 70 82 116 46 70 6 6 9 2 0.43 35 32 40 22 
41 4 9 2 2 2 1 6 0 6 0 1 1 1 14 13 3 14 0 0 0 14 180 19 111 40 56 50 41 68 28 40 4 4 5 1 0.45 26 26 32 17 
42 3 9 3 3 3 2 13 0 11 1 1 2 2 16 14 1 16 1 1 1 13 329 36 199 70 124 94 89 132 59 73 8 8 11 4 0.47 43 43 51 32 
91 1 7 1 1 1 1 4 0 4 0 1 0 1 4 4 1 4 0 0 0 4 88 9 27 13 6 52 8 13 9 4 1 1 1 0 1.93 4 4 4 4 
43 4 9 9 9 10 4 43 2 37 4 1 4 6 11 7 2 11 5 2 0 4 580 45 429 96 310 110 210 306 89 217 42 42 44 7 0.26 100 100 109 44 
44 9 11 6 5 7 5 23 1 21 1 1 11 16 34 23 9 34 4 6 1 23 1002 90 766 105 495 155 273 445 98 347 46 38 57 4 0.2 192 176 226 154 
45 5 9 2 2 2 1 7 0 6 0 1 0 1 16 16 3 16 3 0 0 13 218 22 130 50 64 66 50 78 35 43 11 11 13 3 0.51 30 30 34 18 
214 4 4 4 4 4 2 17 0 15 1 1 1 4 6 5 0 6 1 1 0 4 186 17 108 42 68 62 53 73 32 41 6 6 7 3 0.57 22 22 23 12 
46 2 9 20 10 23 10 42 2 38 2 1 1 31 7 6 0 7 1 2 2 2 403 34 309 61 251 61 271 329 29 300 46 22 57 4 0.2 139 72 162 69 
47 3 9 5 3 5 2 17 1 15 0 1 2 12 9 7 1 9 1 2 3 3 250 29 165 52 108 56 101 127 30 97 14 9 15 2 0.34 44 27 47 18 
48 3 9 12 8 14 5 39 1 37 1 1 1 15 6 5 0 6 1 0 2 3 321 21 247 66 180 54 158 199 44 155 39 28 48 4 0.22 74 46 85 28 
49 2 8 3 2 3 1 9 0 9 0 1 3 7 13 10 1 13 2 3 2 6 230 25 145 52 73 60 76 100 35 65 8 5 8 2 0.41 33 24 35 19 
50 6 10 10 5 11 5 31 2 25 3 1 11 59 25 14 1 25 2 11 7 5 995 98 726 172 563 172 487 611 100 511 68 22 69 4 0.24 245 129 270 123 
51 2 8 1 1 1 1 5 0 5 0 1 3 3 23 20 2 23 3 1 2 17 207 32 127 38 56 48 48 80 35 45 3 3 3 2 0.38 32 32 33 23 
52 15 8 4 2 4 2 10 0 10 0 7 10 39 92 82 23 92 6 16 0 70 1399 156 1015 222 656 255 462 680 189 491 75 26 80 4 0.25 323 213 338 144 
53 11 8 12 9 13 4 55 2 47 5 1 2 0 9 7 3 9 0 4 3 2 565 37 440 85 328 93 227 304 82 222 74 51 86 5 0.21 107 84 120 38 
185 0 0 4 3 4 2 10 0 10 0 1 3 2 28 25 8 28 0 8 0 20 388 38 308 64 185 43 194 273 69 204 14 10 15 3 0.14 105 79 113 64 
186 0 0 3 3 4 2 11 0 10 0 2 1 4 30 29 10 30 3 7 0 20 697 84 347 107 217 267 200 286 109 177 14 14 22 5 0.77 90 90 113 47 
55 16 13 6 4 6 3 34 3 29 2 2 1 4 66 65 18 66 9 50 1 6 2507 280 1989 349 1475 253 1075 1329 295 1034 69 43 77 6 0.13 382 282 419 176 
256 2 4 1 1 1 1 11 0 11 0 6 1 2 12 11 1 12 1 1 0 10 222 17 151 55 72 54 60 81 43 38 5 5 5 1 0.36 17 17 17 12 
229 0 0 1 1 1 1 2 0 2 0 1 0 0 4 4 0 4 0 0 0 4 64 8 15 7 2 41 6 9 7 2 1 1 1 0 2.73 4 4 4 4 
257 0 0 1 1 1 1 1 0 1 0 1 0 0 1 1 0 1 0 0 0 1 59 3 5 3 0 51 2 3 3 0 1 1 1 0 10.2 1 1 1 1 
58 1 9 1 1 1 1 1 0 1 0 1 0 3 5 5 0 5 0 0 0 5 71 8 18 16 3 45 9 10 10 0 1 1 1 0 2.5 5 5 5 5 
230 7 5 2 2 3 1 8 0 8 0 2 0 0 19 19 6 19 3 1 0 15 308 24 179 51 89 105 79 124 49 75 6 6 10 2 0.59 44 44 50 19 
59 1 7 1 1 1 1 1 0 1 0 1 0 0 1 1 0 1 0 0 0 1 73 6 4 3 0 63 2 3 3 0 1 1 1 0 15.75 1 1 1 1 
220 6 4 2 2 2 1 4 0 4 0 1 0 0 28 28 12 28 2 0 0 26 230 35 142 49 74 53 81 133 50 83 6 6 6 4 0.37 52 52 54 28 
62 35 14 4 4 4 2 16 0 14 0 5 191 35 196 5 10 196 21 16 1 158 3925 345 3001 746 1871 589 1303 1956 598 1358 33 26 42 5 0.2 737 717 837 454 
60 2 7 1 1 1 1 1 0 1 0 1 0 1 16 16 0 16 0 0 0 16 342 22 20 19 1 300 18 19 19 0 1 1 1 0 15 16 16 16 16 
61 20 12 4 4 4 2 16 0 14 0 3 32 14 91 59 17 91 9 15 2 65 2522 162 1416 349 905 949 636 953 303 650 40 40 53 6 0.67 339 339 390 192 
258 2 4 2 2 2 1 15 0 15 0 5 3 2 9 6 0 9 3 2 0 4 196 10 138 46 61 48 56 75 42 33 5 5 5 4 0.35 17 17 17 13 
192 1 3 1 1 1 1 5 0 5 0 2 5 1 11 6 0 11 1 0 0 10 211 16 66 23 24 129 23 37 19 18 3 3 3 1 1.95 16 16 16 11 
259 1 4 1 1 1 1 7 0 7 0 3 2 0 4 2 0 4 0 0 0 4 80 4 29 7 10 47 8 13 9 4 1 1 1 0 1.62 4 4 4 4 
231 1 4 4 3 4 1 15 0 14 0 1 1 4 6 5 3 6 1 1 0 4 155 14 101 23 58 40 38 57 19 38 9 7 9 4 0.4 23 19 23 6 
135 2 6 2 2 2 1 5 0 5 0 1 0 0 2 2 0 2 0 0 0 2 82 6 14 6 3 62 3 7 4 3 2 2 2 0 4.43 3 3 3 2 
221 3 3 162 3 162 162 171 1 169 1 1 1 169 1 0 0 1 0 0 0 1 434 22 345 175 333 146 169 173 9 164 162 3 162 1 0.42 162 3 162 162 
69 7 11 11 8 12 9 38 1 34 2 1 6 1 34 28 22 34 16 18 0 0 1463 111 1190 167 915 178 730 975 111 864 127 96 147 7 0.15 360 264 417 291 
178 1 5 5 5 5 2 16 0 15 0 1 1 5 20 19 6 20 0 7 0 13 659 63 329 94 220 268 195 289 100 189 13 13 17 5 0.81 96 96 109 38 
70 0 0 1 1 1 1 3 0 3 0 1 0 2 2 2 0 2 0 1 0 1 60 6 14 7 3 40 5 8 7 1 1 1 1 0 2.86 2 2 2 2 
203 1 3 3 2 3 1 11 0 11 0 1 0 7 3 3 1 3 0 1 0 2 121 13 51 19 29 57 24 30 15 15 4 2 4 1 1.12 9 5 9 3 
260 3 3 2 2 2 1 5 0 5 0 1 1 1 10 9 0 10 0 1 8 1 183 15 59 32 24 109 26 36 23 13 4 4 4 3 1.85 15 15 15 13 
204 2 4 3 3 4 3 12 0 12 0 1 0 0 5 5 1 5 0 0 0 5 183 9 65 14 33 109 22 39 12 27 9 9 14 2 1.68 16 16 22 15 
72 0 0 2 2 2 1 8 0 7 0 1 0 1 3 3 1 3 0 0 0 3 93 7 29 10 13 57 13 19 10 9 3 3 3 1 1.97 5 5 5 3 
73 0 0 1 1 1 1 1 0 1 0 1 0 0 1 1 0 1 0 0 0 1 58 5 4 3 0 49 2 3 3 0 1 1 1 0 12.25 1 1 1 1 
121 0 0 1 1 1 1 1 0 1 0 1 0 0 5 5 0 5 0 0 0 5 91 9 11 10 0 71 8 9 9 0 1 1 1 0 6.45 5 5 5 5 
182 0 0 1 1 1 1 1 0 1 0 1 0 0 1 1 0 1 0 0 0 1 61 4 4 3 0 53 2 3 3 0 1 1 1 0 13.25 1 1 1 1 
123 0 0 1 1 1 1 1 0 1 0 1 0 0 12 12 0 12 0 0 0 12 119 15 16 14 0 88 13 14 14 0 1 1 1 0 5.5 12 12 12 12 
124 0 0 1 1 1 1 1 0 1 0 1 0 0 2 2 0 2 2 0 0 0 69 8 7 6 0 54 4 5 5 0 1 1 1 0 7.71 2 2 2 2 
262 2 3 2 2 2 1 11 0 9 1 2 0 0 9 9 1 9 0 0 8 1 165 15 101 43 43 49 40 56 30 26 4 4 4 1 0.49 17 17 17 11 
263 6 1 3 3 3 2 10 0 9 1 1 0 0 3 3 0 3 0 0 0 3 89 5 38 14 19 46 17 27 12 15 4 4 4 2 1.21 9 9 9 5 
99 5 7 6 4 6 2 23 1 20 1 2 10 2 21 11 12 21 6 15 0 0 619 68 459 108 316 98 250 341 124 217 26 12 26 5 0.21 121 89 126 35 
217 3 4 2 2 2 1 8 0 8 0 1 0 0 10 10 4 10 0 0 1 9 211 20 93 39 42 98 40 57 32 25 6 6 8 2 1.05 18 18 20 10 
101 17 8 6 4 6 1 39 2 34 3 3 9 20 118 109 45 118 15 95 0 8 5048 491 4135 594 3334 461 2155 2666 583 2083 113 33 114 6 0.11 680 523 716 155 
104 1 5 2 2 2 1 7 0 7 0 1 0 0 11 11 2 11 9 1 0 1 135 16 83 27 41 36 50 71 32 39 2 2 3 1 0.43 20 20 23 11 
108 1 5 2 2 2 1 6 0 6 0 1 2 0 13 11 6 13 13 0 0 0 149 17 93 27 39 39 39 61 27 34 5 5 6 2 0.42 21 21 24 13 
111 3 5 2 2 2 1 8 0 8 0 3 23 8 25 2 6 25 2 1 0 22 311 34 214 88 99 63 88 132 64 68 6 6 6 2 0.29 42 42 43 30 
112 4 6 4 4 4 1 18 0 13 4 1 0 0 4 4 2 4 1 1 2 0 135 13 64 18 34 58 27 43 16 27 12 12 14 4 0.91 15 15 17 4 
114 4 7 13 10 15 6 59 1 54 3 1 1 3 7 6 3 7 1 6 0 0 509 34 390 61 271 89 159 230 62 168 74 51 78 4 0.23 94 71 103 39 
78 5 10 8 5 9 4 36 1 32 2 8 37 66 63 26 64 63 15 35 7 6 2792 202 2240 405 1635 438 1285 1613 360 1253 96 50 116 7 0.2 498 333 581 269 
79 1 6 9 4 9 7 17 1 16 0 1 1 24 10 9 0 10 1 1 5 3 297 40 199 61 139 73 132 172 30 142 45 24 47 3 0.37 86 40 93 65 
80 2 9 7 7 8 4 39 1 35 3 2 5 0 11 6 18 11 1 5 0 5 541 40 410 114 280 113 222 290 98 192 22 18 26 5 0.28 80 74 89 44 
83 1 7 2 2 2 1 5 0 5 0 1 0 1 4 4 3 4 0 0 0 4 76 9 30 11 12 37 15 21 11 10 2 2 2 1 1.23 6 6 6 4 
193 2 4 3 3 3 2 13 0 13 0 1 0 0 3 3 2 3 0 0 2 1 114 10 49 17 23 55 19 30 12 18 5 5 5 2 1.12 10 10 10 5 
194 5 5 2 2 2 1 8 0 8 0 2 1 1 11 10 3 11 3 0 1 7 220 21 108 48 58 94 45 70 34 36 3 3 4 2 0.87 22 22 25 13 
242 2 4 1 1 1 1 3 0 3 0 3 3 1 22 19 0 22 0 0 1 21 173 28 81 32 30 64 33 53 31 22 2 2 2 1 0.79 25 25 25 22 
243 0 0 1 1 1 1 1 0 1 0 1 0 0 12 12 0 12 0 0 0 12 128 15 27 17 2 86 13 17 15 2 1 1 1 0 3.19 12 12 12 12 
