1 5 2 2 2 3 1 7 0 6 0 1 0 0 9 9 3 9 0 0 0 9 109 16 68 21 41 25 35 53 21 32 3 3 5 2 0.37 17 17 25 13 
2 3 2 4 4 5 2 13 0 13 0 1 0 0 2 2 6 2 2 0 0 0 58 5 35 11 19 24 21 29 11 18 5 5 7 2 0.69 7 7 9 4 
3 2 2 1 1 1 1 3 0 3 0 1 0 0 1 1 0 1 0 0 0 1 32 4 6 3 1 22 2 4 3 1 1 1 1 0 3.67 1 1 1 1 
4 5 3 1 1 1 1 1 0 1 0 1 0 0 6 6 0 6 0 0 0 6 34 8 9 8 0 17 7 8 8 0 1 1 1 0 1.89 6 6 6 6 
5 30 4 2 2 2 1 8 0 7 0 1 17 14 80 63 26 80 8 4 0 68 1696 127 697 266 399 872 316 458 215 243 11 11 11 4 1.25 156 156 163 107 
6 3 2 1 1 1 1 1 0 1 0 1 0 3 2 2 0 2 0 0 0 2 75 7 9 7 3 59 6 7 7 0 1 1 1 0 6.56 2 2 2 2 
7 3 2 1 1 1 1 1 0 1 0 1 0 0 2 2 0 2 0 0 0 2 59 4 7 5 0 48 3 4 4 0 1 1 1 0 6.86 2 2 2 2 
8 3 2 1 1 1 1 1 0 1 0 1 0 0 2 2 0 2 0 0 0 2 53 5 6 4 0 42 3 4 4 0 1 1 1 0 7 2 2 2 2 
9 3 2 1 1 1 1 1 0 1 0 1 0 0 2 2 0 2 0 0 0 2 58 4 7 5 0 47 3 4 4 0 1 1 1 0 6.71 2 2 2 2 
10 3 2 1 1 1 1 1 0 1 0 1 0 0 2 2 0 2 0 0 0 2 59 4 7 5 0 48 3 4 4 0 1 1 1 0 6.86 2 2 2 2 
11 3 2 1 1 1 1 1 0 1 0 1 0 0 2 2 0 2 0 0 0 2 57 4 6 4 0 47 3 4 4 0 1 1 1 0 7.83 2 2 2 2 
12 3 2 1 1 1 1 5 0 5 0 1 0 0 3 3 0 3 0 0 0 3 46 5 18 9 2 23 3 7 5 2 1 1 1 0 1.28 3 3 3 3 
13 3 2 1 1 1 1 1 0 1 0 1 0 0 3 3 0 3 3 0 0 0 86 7 10 9 0 69 4 5 5 0 1 1 1 0 6.9 3 3 3 3 
14 5 3 1 1 1 1 3 0 3 0 1 0 0 1 1 0 1 0 0 0 1 38 4 6 3 1 28 2 4 3 1 1 1 1 0 4.67 1 1 1 1 
16 6 3 3 3 3 2 11 0 11 0 1 2 0 12 10 1 12 0 2 0 10 322 20 140 47 86 162 73 107 41 66 7 7 7 2 1.16 37 37 37 23 
17 5 2 1 1 1 1 1 0 1 0 1 0 0 2 2 0 2 0 0 0 2 70 5 8 7 0 57 3 4 4 0 1 1 1 0 7.13 2 2 2 2 
18 4 2 1 1 1 1 3 0 3 0 1 0 0 5 5 2 5 0 0 0 5 48 9 22 10 6 17 10 16 10 6 1 1 1 0 0.77 5 5 5 5 
19 17 3 7 7 9 2 27 0 26 0 1 1 2 10 9 7 10 0 1 0 9 492 23 276 66 196 194 128 180 55 125 21 21 31 3 0.7 68 68 89 18 
26 10 4 3 2 3 2 17 1 14 2 1 1 0 46 45 1 46 0 4 0 42 1009 119 655 201 481 237 348 456 178 278 9 9 13 3 0.36 121 112 141 72 
22 11 5 2 2 2 1 14 1 12 1 1 0 0 2 2 1 2 1 0 0 1 56 9 28 7 16 19 18 23 6 17 2 2 2 1 0.68 4 4 4 2 
23 6 4 1 1 1 1 8 0 8 0 1 0 0 3 3 1 3 1 0 0 2 55 8 30 9 14 17 17 22 7 15 2 2 2 1 0.57 4 4 4 3 
24 29 4 17 6 17 7 75 2 70 2 1 6 4 23 17 10 23 0 19 0 4 1813 101 1642 191 1428 73 965 1103 168 935 146 69 146 5 0.04 391 144 392 158 
25 9 4 5 5 6 1 20 3 17 0 1 0 3 1 1 21 1 1 0 0 0 80 18 45 29 16 17 32 35 28 7 5 5 6 1 0.38 5 5 6 1 
27 27 5 6 5 6 2 40 1 34 4 2 8 2 11 3 1 11 0 6 1 4 492 34 394 75 314 74 216 269 71 198 15 15 18 3 0.19 62 52 66 22 
28 16 4 3 3 3 1 12 0 11 0 2 1 1 19 18 8 19 16 0 0 3 305 29 239 82 162 37 131 180 78 102 11 11 11 4 0.15 57 57 60 27 
29 3 2 2 2 2 1 6 0 5 0 1 1 0 4 3 1 4 1 0 0 3 92 9 28 10 13 55 12 20 9 11 3 3 3 1 1.96 7 7 8 4 
30 3 2 3 3 3 1 10 0 9 0 1 0 2 5 5 3 5 0 0 0 5 87 12 57 16 29 18 26 40 17 23 5 5 6 2 0.32 13 13 15 5 
31 3 2 4 4 4 1 16 0 16 0 1 0 2 2 2 2 2 0 0 0 2 63 7 39 10 23 17 20 28 10 18 4 4 4 2 0.44 7 7 7 2 
32 9 3 4 4 5 2 21 2 13 6 1 0 1 12 12 14 12 12 0 0 0 348 50 176 41 130 123 97 140 40 100 11 11 12 4 0.7 45 45 54 28 
33 3 2 1 1 1 1 2 0 2 0 1 0 0 9 9 3 9 0 0 0 9 62 11 24 14 11 27 14 24 14 10 1 1 1 0 1.13 9 9 9 9 
34 8 3 4 4 5 2 22 2 17 3 1 22 2 35 13 2 35 2 7 0 26 919 113 623 160 414 184 331 474 152 322 17 17 19 5 0.3 148 148 174 65 
35 4 2 2 2 2 1 5 0 4 0 1 1 0 7 6 1 7 0 0 0 7 74 11 34 13 13 29 11 21 11 10 4 4 4 1 0.85 13 13 13 7 
36 5 2 2 2 2 1 8 0 7 0 1 1 0 10 9 5 10 3 0 0 7 128 18 79 28 40 31 40 58 26 32 7 7 7 3 0.39 19 19 19 12 
37 5 3 2 2 2 1 7 0 7 0 1 2 0 9 7 0 9 0 1 0 8 103 13 68 26 36 22 24 37 19 18 4 4 5 1 0.32 17 17 19 9 
38 8 5 3 3 4 2 15 1 12 1 1 50 22 78 28 5 78 0 32 0 46 1408 187 1079 319 731 167 529 781 222 559 52 52 85 7 0.15 259 259 322 166 
39 16 4 10 5 11 5 47 6 36 4 1 5 3 18 13 7 18 0 2 1 15 997 155 666 99 562 177 366 445 83 362 132 44 149 5 0.27 174 86 198 85 
40 17 4 8 7 11 4 36 3 31 1 1 9 3 9 0 0 9 0 0 0 9 402 47 289 78 212 68 143 196 58 138 28 14 31 3 0.24 73 59 103 35 
41 7 3 2 2 2 1 5 0 5 0 1 1 0 13 12 3 13 0 0 0 13 121 18 77 23 42 26 36 61 23 38 4 4 5 2 0.34 24 24 29 16 
42 12 4 2 2 2 2 11 0 9 1 1 1 0 15 14 2 15 0 0 0 15 243 32 153 49 99 58 70 103 47 56 12 12 13 3 0.38 35 35 37 28 
43 11 4 5 5 6 3 16 0 15 0 1 6 1 12 6 1 12 6 1 0 5 260 23 194 41 137 44 94 152 44 108 15 15 17 4 0.23 63 63 66 33 
44 23 6 3 3 4 3 10 0 9 1 1 5 6 27 22 3 27 3 0 0 24 388 51 263 56 162 74 97 170 52 118 23 23 34 3 0.28 82 82 105 71 
45 10 3 2 2 2 1 10 0 9 1 1 2 1 12 10 1 12 1 0 0 11 201 28 128 57 87 46 64 85 39 46 6 6 7 3 0.36 25 25 27 16 
46 6 3 2 2 2 2 9 0 8 0 1 1 0 9 8 0 9 0 0 0 9 122 19 76 21 52 30 37 56 17 39 6 6 7 2 0.39 19 19 20 17 
47 7 3 1 1 1 1 6 0 5 0 1 2 1 7 5 1 7 0 0 0 7 86 11 46 22 22 29 17 27 16 11 3 3 3 1 0.63 10 10 10 7 
48 7 3 2 2 3 1 12 0 11 1 1 5 0 7 2 0 7 0 0 0 7 128 17 83 25 47 30 31 49 19 30 7 7 7 4 0.36 17 17 19 9 
49 6 3 1 1 1 1 6 0 6 0 1 3 0 12 9 1 12 0 0 0 12 150 18 78 36 33 54 30 46 28 18 3 3 3 2 0.69 17 17 17 12 
50 6 3 3 3 3 1 13 1 10 1 1 19 1 43 24 1 43 0 3 0 40 711 97 455 142 281 160 202 315 108 207 16 16 24 4 0.35 116 116 136 60 
51 4 2 1 1 1 1 4 0 4 0 1 3 0 21 18 3 21 0 0 0 21 155 27 105 36 51 23 44 73 34 39 3 3 3 1 0.22 29 29 29 21 
52 5 3 2 2 2 1 7 0 7 0 1 1 34 40 39 6 40 0 2 0 38 450 52 354 133 240 55 147 222 70 152 10 7 10 5 0.16 77 74 78 42 
53 14 5 9 7 11 4 50 3 41 5 1 0 0 12 12 4 12 0 1 8 3 659 56 509 128 385 95 270 352 121 231 78 55 93 5 0.19 109 86 131 53 
54 3 2 1 1 1 1 2 0 2 0 1 0 0 2 2 0 2 0 0 0 2 35 6 8 4 1 21 2 5 4 1 1 1 1 0 2.63 2 2 2 2 
55 15 6 5 4 6 3 38 5 29 4 2 0 1 34 34 6 34 4 28 0 2 1462 231 1013 193 752 237 599 720 162 558 45 29 57 4 0.23 161 126 190 88 
56 3 2 2 2 2 2 7 0 7 0 1 0 0 5 5 4 5 0 0 0 5 74 8 43 13 22 23 26 34 13 21 6 6 7 3 0.53 10 10 11 9 
57 3 2 1 1 1 1 3 0 3 0 1 0 0 1 1 0 1 0 0 0 1 33 5 6 3 1 22 2 4 3 1 1 1 1 0 3.67 1 1 1 1 
58 5 3 1 1 1 1 1 0 1 0 1 0 0 7 7 0 7 0 0 0 7 51 9 19 18 0 23 8 9 9 0 1 1 1 0 1.21 7 7 7 7 
59 3 2 1 1 1 1 1 0 1 0 1 0 0 1 1 0 1 0 0 0 1 56 6 5 4 0 45 2 3 3 0 1 1 1 0 9 1 1 1 1 
62 44 6 6 6 7 4 23 1 20 1 1 41 21 42 1 0 42 3 1 1 37 1215 113 892 206 652 212 454 645 196 449 24 22 29 5 0.24 233 231 293 150 
60 6 3 1 1 1 1 1 0 1 0 1 0 1 16 16 0 16 0 0 0 16 308 22 20 19 1 266 18 19 19 0 1 1 1 0 13.3 16 16 16 16 
61 17 4 5 5 6 3 18 0 18 0 3 7 10 43 36 15 43 1 8 0 34 1474 77 810 210 574 592 384 569 195 374 49 49 62 5 0.73 199 199 251 116 
63 5 3 1 1 1 1 1 0 1 0 1 0 0 3 3 0 3 0 0 0 3 93 6 7 6 0 80 4 5 5 0 1 1 1 0 11.43 3 3 3 3 
64 4 2 1 1 1 1 3 0 3 0 1 0 0 4 4 1 4 0 0 0 4 51 9 19 9 6 23 9 14 9 5 1 1 1 0 1.21 4 4 4 4 
67 3 2 1 1 1 1 1 0 1 0 1 0 7 13 13 0 13 0 0 0 13 205 25 24 22 7 156 21 22 22 0 1 1 1 0 6.5 13 13 13 13 
68 3 2 1 1 1 1 1 0 1 0 1 0 0 3 3 0 3 0 0 0 3 65 7 8 6 0 50 5 6 6 0 1 1 1 0 6.25 3 3 3 3 
69 13 4 6 5 8 5 31 2 26 2 1 9 156 28 19 13 28 3 4 3 18 1314 103 1055 500 908 278 329 463 79 384 127 98 154 9 0.26 168 139 229 129 
70 4 2 1 1 1 1 3 0 3 0 1 0 1 22 22 0 22 0 1 0 21 122 25 77 26 30 20 28 54 26 28 4 4 4 1 0.26 25 25 25 25 
71 6 2 2 2 2 1 8 0 7 0 1 0 0 10 10 3 10 0 0 0 10 124 17 87 32 45 22 38 56 31 25 3 3 3 2 0.25 17 17 17 12 
72 3 2 1 1 1 1 3 0 3 0 1 1 0 6 5 1 6 0 0 0 6 98 9 28 10 11 61 12 21 10 11 3 3 3 1 2.18 8 8 8 6 
73 4 2 1 1 1 1 1 0 1 0 1 0 0 1 1 0 1 0 0 0 1 28 4 4 3 0 20 2 3 3 0 1 1 1 0 5 1 1 1 1 
78 19 3 8 6 10 4 37 1 32 3 4 13 62 49 36 38 49 15 15 0 19 2165 164 1731 377 1375 372 941 1200 308 892 85 54 101 6 0.21 402 285 487 215 
79 1 1 2 2 2 1 7 0 6 0 1 10 0 16 6 0 16 1 1 0 14 174 28 113 45 68 33 59 84 41 43 4 4 5 2 0.29 30 30 34 22 
80 6 2 4 4 4 3 23 1 20 1 4 3 3 18 15 21 18 9 1 0 8 529 56 402 143 266 93 245 307 128 179 12 10 14 5 0.23 69 66 75 48 
83 2 2 2 2 2 1 5 0 5 0 1 0 1 1 1 3 1 0 0 0 1 35 6 12 7 4 17 6 8 7 1 2 2 2 0 1.42 2 2 2 1 
93 5 2 2 2 2 1 8 0 8 0 1 3 0 12 9 3 12 0 2 0 10 153 19 106 37 58 28 53 75 33 42 4 4 4 2 0.26 22 22 22 14 
94 2 2 2 2 2 1 7 0 7 0 1 0 0 12 12 3 12 0 0 1 11 127 16 94 23 49 17 41 66 23 43 4 4 4 2 0.18 24 24 24 12 
97 25 5 4 4 5 2 24 1 19 3 2 14 3 18 4 8 18 2 2 0 14 614 54 370 87 245 191 173 246 75 171 25 25 28 5 0.52 80 80 87 43 
