1 5 2 2 2 3 1 7 0 7 0 1 0 0 9 9 3 9 0 0 0 9 130 16 70 21 42 44 35 53 21 32 3 3 5 2 0.63 17 17 26 13 
2 3 2 4 4 5 2 13 0 13 0 1 0 0 2 2 6 2 2 0 0 0 75 5 35 11 19 41 21 29 11 18 5 5 7 2 1.17 7 7 9 4 
3 2 2 1 1 1 1 3 0 3 0 1 0 0 1 1 0 1 0 0 0 1 48 4 6 3 1 38 2 4 3 1 1 1 1 0 6.33 1 1 1 1 
4 5 3 1 1 1 1 1 0 1 0 1 0 0 8 8 0 8 0 0 0 8 56 10 11 10 0 35 9 10 10 0 1 1 1 0 3.18 8 8 8 8 
5 30 4 2 2 2 1 8 0 8 0 1 21 19 92 71 31 92 8 4 1 79 2031 141 824 301 476 1066 370 544 246 298 14 14 14 4 1.29 187 187 198 127 
85 5 2 14 13 18 6 79 4 59 17 1 13 26 13 0 0 13 12 0 0 1 1197 85 820 116 631 322 472 633 100 533 113 108 148 7 0.39 182 173 231 83 
6 3 2 1 1 1 1 1 0 1 0 1 0 3 2 2 0 2 0 0 0 2 92 7 9 7 3 76 6 7 7 0 1 1 1 0 8.44 2 2 2 2 
7 3 2 1 1 1 1 1 0 1 0 1 0 0 2 2 0 2 0 0 0 2 76 4 7 5 0 65 3 4 4 0 1 1 1 0 9.29 2 2 2 2 
8 3 2 1 1 1 1 1 0 1 0 1 0 0 2 2 0 2 0 0 0 2 70 5 6 4 0 59 3 4 4 0 1 1 1 0 9.83 2 2 2 2 
9 3 2 1 1 1 1 1 0 1 0 1 0 0 2 2 0 2 0 0 0 2 75 4 7 5 0 64 3 4 4 0 1 1 1 0 9.14 2 2 2 2 
10 3 2 1 1 1 1 1 0 1 0 1 0 0 2 2 0 2 0 0 0 2 76 4 7 5 0 65 3 4 4 0 1 1 1 0 9.29 2 2 2 2 
11 3 2 1 1 1 1 1 0 1 0 1 0 0 2 2 0 2 0 0 0 2 74 4 6 4 0 64 3 4 4 0 1 1 1 0 10.67 2 2 2 2 
12 3 2 1 1 1 1 5 0 5 0 1 0 0 3 3 0 3 0 0 0 3 63 5 18 9 2 40 3 7 5 2 1 1 1 0 2.22 3 3 3 3 
86 9 3 1 1 1 1 4 0 4 0 1 0 0 9 9 5 9 0 0 0 9 152 13 46 17 18 93 21 32 16 16 2 2 3 1 2.02 10 10 11 9 
13 3 2 1 1 1 1 1 0 1 0 1 0 0 3 3 0 3 3 0 0 0 103 7 10 9 0 86 4 5 5 0 1 1 1 0 8.6 3 3 3 3 
14 5 3 1 1 1 1 3 0 3 0 1 0 0 1 1 0 1 0 0 0 1 56 5 6 3 1 45 2 4 3 1 1 1 1 0 7.5 1 1 1 1 
16 6 3 3 3 3 2 11 0 11 0 1 2 0 12 10 1 12 0 2 0 10 340 20 140 47 86 180 73 107 41 66 7 7 7 2 1.29 37 37 37 23 
17 5 2 1 1 1 1 1 0 1 0 1 0 0 2 2 0 2 0 0 0 2 86 5 8 7 0 73 3 4 4 0 1 1 1 0 9.13 2 2 2 2 
18 4 2 1 1 1 1 3 0 3 0 1 0 3 7 7 3 7 0 0 0 7 94 12 32 16 11 50 16 24 16 8 1 1 1 0 1.56 7 7 7 7 
19 17 3 6 6 8 2 26 0 24 1 1 4 4 15 11 8 15 4 1 0 10 636 32 378 85 267 228 180 257 76 181 16 16 31 4 0.6 93 93 119 36 
26 10 4 3 2 3 2 17 1 14 2 1 1 0 47 46 2 47 0 4 0 43 1059 121 677 207 498 263 354 464 182 282 10 9 14 3 0.39 127 115 148 73 
87 9 2 3 3 4 1 12 0 12 0 1 0 0 5 5 1 5 0 0 0 5 144 11 68 21 44 67 32 49 23 26 5 5 7 4 0.99 16 16 19 7 
22 11 5 2 2 2 1 9 0 9 0 1 0 0 4 4 2 4 3 0 0 1 86 9 41 11 21 36 21 31 9 22 4 4 4 1 0.88 9 9 9 4 
23 6 4 1 1 1 1 7 0 7 0 1 0 0 3 3 1 3 1 0 0 2 69 8 27 9 11 34 13 18 7 11 2 2 2 1 1.26 4 4 4 3 
24 29 4 18 7 18 7 79 3 74 2 1 6 4 23 17 10 23 0 19 0 4 1929 101 1733 197 1506 98 1007 1158 172 986 151 74 154 5 0.06 409 158 416 161 
25 9 4 5 5 6 1 22 3 19 0 1 0 3 1 1 21 1 1 0 0 0 99 17 47 30 17 35 33 36 28 8 5 5 6 1 0.74 5 5 6 1 
27 27 5 5 4 6 2 31 1 27 3 3 16 3 23 7 3 23 1 11 1 10 849 62 651 134 497 151 337 435 122 313 27 27 32 5 0.23 121 97 130 56 
28 16 4 4 4 5 2 20 1 17 1 3 1 1 24 23 11 24 21 0 0 3 583 58 441 142 306 86 232 321 137 184 18 18 34 9 0.2 105 105 130 47 
29 3 2 2 2 2 1 6 0 5 0 1 1 0 4 3 1 4 1 0 0 3 109 9 28 10 13 72 12 20 9 11 3 3 3 1 2.57 7 7 8 4 
30 3 2 3 3 3 1 10 0 9 0 1 0 2 5 5 3 5 0 0 0 5 104 12 57 16 29 35 26 40 17 23 5 5 6 2 0.61 13 13 15 5 
31 3 2 4 4 4 1 16 0 16 0 1 0 2 2 2 2 2 0 0 0 2 80 7 39 10 23 34 20 28 10 18 4 4 4 2 0.87 7 7 7 2 
88 2 2 3 3 3 1 15 0 15 0 1 0 0 3 3 3 3 1 0 0 2 99 7 53 14 28 39 22 30 12 18 8 8 8 2 0.74 10 10 10 3 
32 9 3 5 5 6 3 25 2 16 6 1 0 1 12 12 15 12 12 0 0 0 412 55 218 44 164 140 117 168 44 124 11 11 14 5 0.64 55 55 69 31 
89 4 2 1 1 1 1 4 0 3 0 1 0 0 5 5 0 5 0 0 0 5 107 10 25 13 8 73 13 17 11 6 1 1 1 0 2.92 5 5 5 5 
33 3 2 1 1 1 1 2 0 2 0 1 0 0 9 9 3 9 0 0 0 9 79 11 24 14 11 44 14 24 14 10 1 1 1 0 1.83 9 9 9 9 
34 8 3 4 4 5 2 23 2 18 3 1 22 2 35 13 2 35 2 7 0 26 954 113 641 161 429 201 336 483 153 330 17 17 19 5 0.31 152 152 177 66 
35 4 2 2 2 2 1 5 0 4 0 1 1 0 7 6 1 7 0 0 0 7 92 11 34 13 13 47 11 21 11 10 4 4 4 1 1.38 13 13 13 7 
36 5 2 2 2 2 1 7 0 6 0 1 1 0 10 9 5 10 3 0 0 7 135 17 71 26 34 47 35 50 23 27 4 4 4 2 0.66 16 16 16 12 
38 8 5 3 3 4 2 15 1 13 1 1 50 22 78 28 5 78 0 32 0 46 1441 191 1086 321 738 189 533 787 224 563 52 52 85 7 0.17 259 259 322 166 
90 6 3 1 1 1 1 4 0 4 0 1 1 0 7 6 0 7 0 0 0 7 82 11 31 11 11 40 8 16 9 7 1 1 1 0 1.29 7 7 7 7 
39 16 4 10 5 12 5 48 6 37 4 1 5 3 18 13 7 18 0 2 1 15 1041 149 694 104 587 201 375 461 87 374 132 44 149 5 0.29 181 93 207 88 
40 17 4 6 5 8 2 27 1 25 1 1 22 5 22 0 0 22 0 6 0 16 758 70 566 157 396 124 272 373 110 263 28 17 31 5 0.22 123 109 167 53 
41 7 3 2 2 2 1 6 0 6 0 1 1 0 14 13 4 14 0 0 0 14 158 19 94 28 53 45 41 68 27 41 4 4 5 1 0.48 26 26 32 17 
42 12 4 3 3 3 2 13 0 11 1 1 2 0 14 12 2 14 0 0 0 14 283 31 174 59 115 78 76 110 51 59 7 7 7 4 0.45 38 38 42 31 
91 4 2 2 2 2 1 7 0 6 0 1 0 0 4 4 1 4 1 0 0 3 100 13 31 10 12 56 13 21 9 12 4 4 4 2 1.81 7 7 7 4 
43 11 4 6 6 6 3 25 1 22 1 1 9 5 16 7 1 16 7 1 0 8 505 53 372 86 257 81 174 264 78 186 37 37 40 5 0.22 96 96 101 45 
44 23 6 6 5 7 4 22 1 20 1 1 12 15 34 22 5 34 10 0 0 24 913 85 706 91 460 131 240 400 86 314 40 32 57 4 0.19 187 171 232 126 
45 10 3 2 2 3 1 11 0 10 0 1 2 1 13 11 1 13 2 0 0 11 238 28 147 63 98 64 72 98 44 54 7 7 8 3 0.44 30 30 33 17 
46 6 3 3 3 3 3 11 0 10 1 1 10 0 12 2 0 12 0 0 0 12 198 24 126 32 89 54 63 97 27 70 6 6 7 2 0.43 34 34 41 30 
47 7 3 1 1 2 1 7 0 6 0 1 2 2 13 11 1 13 0 1 0 12 162 19 90 35 49 53 34 52 27 25 3 3 4 2 0.59 19 19 20 13 
48 7 3 3 3 3 2 13 0 12 0 1 8 0 10 2 0 10 0 0 0 10 193 20 127 38 69 48 42 71 25 46 7 7 7 4 0.38 30 30 33 22 
49 6 3 2 2 2 1 6 0 6 0 1 3 0 12 9 1 12 0 0 0 12 172 18 81 36 36 73 31 48 28 20 3 3 3 2 0.9 18 18 18 12 
50 6 3 3 3 3 1 12 1 10 1 1 21 1 45 24 1 45 0 3 0 42 747 101 468 151 284 179 206 320 113 207 16 16 24 4 0.38 117 117 138 62 
51 4 2 1 1 1 1 4 0 4 0 1 3 0 21 18 3 21 0 0 0 21 173 27 106 37 52 40 44 73 34 39 3 3 3 1 0.38 29 29 29 21 
52 5 3 2 2 2 1 7 0 7 0 1 1 34 40 39 6 40 0 2 0 38 469 52 354 133 240 74 147 222 70 152 10 7 10 5 0.21 77 74 78 42 
53 14 5 10 8 12 5 52 3 44 5 1 0 0 12 12 4 12 0 1 8 3 711 56 540 135 410 116 281 369 126 243 78 55 93 5 0.21 115 92 140 55 
54 3 2 1 1 1 1 2 0 2 0 1 0 0 2 2 0 2 0 0 0 2 52 6 8 4 1 38 2 5 4 1 1 1 1 0 4.75 2 2 2 2 
55 15 6 5 4 6 3 38 5 29 4 2 0 0 34 34 6 34 4 28 0 2 1490 231 1019 193 756 259 602 723 162 561 46 30 57 4 0.25 162 127 191 89 
56 3 2 2 2 2 2 7 0 7 0 1 0 0 5 5 4 5 0 0 0 5 92 8 43 13 22 41 26 34 13 21 6 6 7 3 0.95 10 10 11 9 
57 3 2 1 1 1 1 3 0 3 0 1 0 0 1 1 0 1 0 0 0 1 50 5 6 3 1 39 2 4 3 1 1 1 1 0 6.5 1 1 1 1 
58 5 3 1 1 1 1 1 0 1 0 1 0 0 7 7 0 7 0 0 0 7 71 9 20 19 0 42 8 9 9 0 1 1 1 0 2.1 7 7 7 7 
59 3 2 1 1 1 1 1 0 1 0 1 0 0 1 1 0 1 0 0 0 1 73 6 5 4 0 62 2 3 3 0 1 1 1 0 12.4 1 1 1 1 
62 44 6 5 5 6 3 21 1 19 1 1 42 22 43 1 0 43 3 1 1 38 1186 110 853 198 623 225 416 596 184 412 18 18 29 5 0.26 218 218 276 149 
60 6 3 1 1 1 1 1 0 1 0 1 0 1 16 16 0 16 0 0 0 16 335 22 20 19 1 293 18 19 19 0 1 1 1 0 14.65 16 16 16 16 
61 17 4 5 5 7 3 21 0 20 0 3 7 10 42 35 16 42 1 8 0 33 1568 76 887 234 642 611 421 625 216 409 65 65 83 5 0.69 220 220 279 123 
63 5 3 1 1 1 1 1 0 1 0 1 0 0 4 4 0 4 0 0 0 4 123 7 8 7 0 108 5 6 6 0 1 1 1 0 13.5 4 4 4 4 
64 4 2 1 1 1 1 3 0 3 0 1 0 0 4 4 1 4 0 0 0 4 69 9 19 9 6 41 9 14 9 5 1 1 1 0 2.16 4 4 4 4 
67 3 2 1 1 1 1 1 0 1 0 1 0 7 13 13 0 13 0 0 0 13 222 25 24 22 7 173 21 22 22 0 1 1 1 0 7.21 13 13 13 13 
68 3 2 1 1 1 1 1 0 1 0 1 0 0 3 3 0 3 0 0 0 3 82 7 8 6 0 67 5 6 6 0 1 1 1 0 8.38 3 3 3 3 
69 13 4 6 5 9 5 33 2 29 2 1 8 157 28 20 14 28 2 3 1 22 1400 105 1118 514 959 298 357 504 89 415 137 108 165 9 0.27 181 152 241 133 
70 4 2 1 1 1 1 3 0 3 0 1 0 1 22 22 0 22 0 1 0 21 139 25 77 26 30 37 28 54 26 28 4 4 4 1 0.48 25 25 25 25 
71 6 2 2 2 2 1 8 0 8 0 1 0 0 11 11 3 11 0 0 0 11 161 18 105 39 59 40 49 71 38 33 4 4 4 3 0.38 21 21 21 13 
72 3 2 1 1 1 1 3 0 3 0 1 1 0 6 5 1 6 0 0 0 6 115 9 28 10 11 78 12 21 10 11 3 3 3 1 2.79 8 8 8 6 
73 4 2 1 1 1 1 1 0 1 0 1 0 0 1 1 0 1 0 0 0 1 55 5 4 3 0 46 2 3 3 0 1 1 1 0 11.5 1 1 1 1 
99 4 2 6 4 6 1 21 0 20 0 2 2 0 26 24 13 26 11 0 0 15 696 60 548 139 385 94 288 404 147 257 27 22 28 6 0.17 146 114 152 34 
101 26 3 6 5 7 1 38 2 33 3 3 0 9 103 103 48 103 12 82 0 9 4247 401 3488 470 2798 424 1796 2265 439 1826 100 30 117 9 0.12 589 491 697 144 
104 2 1 2 2 2 1 6 0 6 0 1 0 0 11 11 2 11 10 0 0 1 130 16 80 25 40 34 46 67 31 36 2 2 3 1 0.42 20 20 23 11 
105 2 1 1 1 1 1 5 0 5 0 1 0 0 4 4 0 4 0 1 0 3 74 10 30 14 11 34 15 18 12 6 2 2 2 1 1.13 5 5 5 4 
106 2 1 2 2 2 2 6 0 6 0 1 0 0 3 3 0 3 1 0 1 1 71 7 23 9 10 41 9 16 8 8 4 4 4 2 1.78 6 6 6 5 
107 4 2 2 2 2 1 6 0 6 0 1 0 1 13 13 6 13 2 0 0 11 142 18 90 29 48 34 45 67 28 39 5 5 6 2 0.38 21 21 22 13 
108 2 1 2 2 2 1 5 0 5 0 1 0 0 12 12 6 12 0 0 0 12 128 17 77 28 39 35 38 58 28 30 4 4 4 2 0.45 19 19 20 14 
109 5 3 2 2 3 1 8 0 8 0 1 0 0 2 2 1 2 0 0 0 2 69 7 22 10 11 40 10 15 8 7 3 3 4 1 1.82 4 4 5 2 
110 3 2 1 1 1 1 2 0 2 0 1 0 0 13 13 5 13 0 0 0 13 98 16 37 22 21 47 22 36 22 14 2 2 2 0 1.27 14 14 14 13 
111 4 1 4 4 4 3 13 0 12 0 1 18 0 19 1 0 19 0 1 0 18 313 32 244 55 173 37 114 180 49 131 8 8 9 3 0.15 83 83 85 50 
112 3 2 2 2 2 2 11 0 8 1 1 0 0 10 10 1 10 3 1 3 3 191 23 92 33 49 76 42 65 30 35 5 5 6 4 0.83 22 22 24 16 
113 2 1 2 2 2 1 8 0 7 1 1 0 0 3 3 0 3 0 0 0 3 74 8 28 12 11 39 16 22 13 9 2 2 2 1 1.39 5 5 5 3 
114 3 2 13 11 18 5 64 2 56 7 1 1 3 15 14 3 15 11 2 0 2 1082 66 857 145 629 174 359 528 143 385 77 58 103 5 0.2 194 168 263 77 
115 2 1 3 3 4 3 13 0 12 0 1 0 0 3 3 3 3 0 1 0 2 94 14 46 11 24 34 18 29 11 18 5 5 6 3 0.74 10 10 12 10 
116 3 2 1 1 1 1 3 0 3 0 1 0 4 3 3 1 3 0 0 0 3 62 10 18 11 7 34 7 11 8 3 1 1 1 0 1.89 3 3 3 3 
78 19 3 9 6 10 4 38 1 33 2 5 13 62 51 38 48 51 17 15 0 19 2313 168 1889 395 1495 359 1027 1310 326 984 94 63 112 6 0.19 438 310 528 229 
79 1 1 2 2 2 1 7 0 6 0 1 10 0 16 6 0 16 1 1 0 14 190 28 113 45 68 49 59 84 41 43 4 4 5 2 0.43 30 30 34 22 
80 6 2 4 4 5 3 24 1 22 1 4 3 4 18 15 21 18 9 1 0 8 576 54 435 145 291 111 259 328 129 199 18 14 22 5 0.26 77 73 85 53 
83 2 2 1 1 1 1 4 0 4 0 1 0 1 3 3 3 3 0 0 0 3 62 8 21 9 7 33 9 13 9 4 2 2 2 0 1.57 4 4 4 3 
93 5 2 2 2 2 1 7 0 7 0 1 3 0 13 10 4 13 0 2 0 11 171 20 105 39 55 46 52 74 35 39 4 4 4 2 0.44 22 22 22 15 
117 3 2 7 7 10 5 35 1 33 1 1 6 2 6 0 0 6 1 1 0 4 294 18 212 38 150 68 109 150 44 106 24 24 40 5 0.32 42 42 59 31 
94 2 2 2 2 2 1 7 0 7 0 1 0 0 12 12 3 12 0 0 1 11 143 16 94 23 49 33 41 66 23 43 4 4 4 2 0.35 24 24 24 12 
95 3 3 2 2 2 1 6 0 6 0 1 1 0 10 9 1 10 0 1 0 9 135 19 72 26 41 44 35 56 26 30 3 3 3 1 0.61 20 20 21 12 
96 8 3 2 2 2 1 11 0 10 0 2 9 0 14 5 10 14 2 1 0 11 329 30 160 60 83 139 70 100 47 53 4 4 7 2 0.87 28 28 31 14 
97 25 5 5 5 5 3 24 1 19 3 1 13 7 13 0 1 13 0 2 0 11 432 37 272 61 195 124 144 199 58 141 21 21 23 5 0.46 63 63 68 33 
