1 6 6 4 3 5 2 12 0 12 0 1 0 4 14 14 5 14 0 1 7 6 269 29 183 38 113 57 92 142 36 106 7 6 8 4 0.31 60 48 67 28 
118 16 3 4 3 4 2 12 0 11 0 1 4 11 29 25 4 29 2 6 9 12 519 58 352 95 228 109 184 259 72 187 14 8 19 3 0.31 102 75 115 53 
2 3 6 4 4 5 2 13 0 13 0 1 0 0 2 2 6 2 2 0 0 0 75 5 35 11 19 41 21 29 11 18 5 5 7 2 1.17 7 7 9 4 
3 2 6 1 1 1 1 3 0 3 0 1 0 0 1 1 0 1 0 0 0 1 48 4 6 3 1 38 2 4 3 1 1 1 1 0 6.33 1 1 1 1 
4 4 6 2 2 2 1 5 0 5 0 3 2 2 20 18 2 20 4 0 0 16 264 31 124 44 64 109 59 84 40 44 6 6 7 2 0.88 34 34 37 20 
119 3 4 1 1 1 1 1 0 1 0 1 0 0 1 1 0 1 0 0 0 1 52 3 6 5 0 43 3 4 4 0 1 1 1 0 7.17 1 1 1 1 
180 4 3 1 1 1 1 1 0 1 0 1 0 0 1 1 0 1 0 0 0 1 55 2 6 5 0 47 3 4 4 0 1 1 1 0 7.83 1 1 1 1 
181 1 1 1 1 1 1 1 0 1 0 1 0 0 1 1 0 1 0 0 0 1 86 6 4 3 0 76 2 3 3 0 1 1 1 0 19 1 1 1 1 
5 36 6 2 2 2 1 8 0 7 0 2 33 26 115 82 28 115 18 6 1 90 2220 187 992 331 560 1041 426 648 283 365 10 10 16 4 1.05 237 234 256 143 
120 2 4 1 1 1 1 1 0 1 0 1 0 0 4 4 0 4 0 0 0 4 53 7 7 6 0 39 5 6 6 0 1 1 1 0 5.57 4 4 4 4 
85 4 7 14 13 18 6 79 4 59 17 1 13 26 13 0 0 13 12 0 0 1 1216 86 820 116 631 340 472 633 100 533 113 108 148 7 0.41 182 173 231 83 
12 4 6 2 2 2 1 7 0 7 0 1 0 0 4 4 0 4 0 1 0 3 78 6 32 11 12 40 11 18 7 11 3 3 3 1 1.25 6 6 6 4 
183 1 1 2 2 2 1 5 0 5 0 1 0 0 5 5 1 5 0 0 0 5 84 8 35 13 13 41 13 22 11 11 4 4 4 2 1.17 8 8 8 5 
127 0 0 1 1 1 1 3 0 3 0 1 0 0 22 22 1 22 0 0 0 22 250 9 89 29 35 152 29 54 26 28 3 3 4 2 1.71 25 25 27 24 
86 3 6 1 1 1 1 5 0 5 0 1 0 0 9 9 5 9 0 0 0 9 162 13 56 18 26 93 29 42 17 25 4 4 5 1 1.66 12 12 13 9 
13 2 6 1 1 1 1 1 0 1 0 1 0 0 3 3 0 3 3 0 0 0 103 7 10 9 0 86 4 5 5 0 1 1 1 0 8.6 3 3 3 3 
14 2 7 1 1 1 1 3 0 3 0 1 0 0 1 1 0 1 0 0 0 1 56 5 6 3 1 45 2 4 3 1 1 1 1 0 7.5 1 1 1 1 
17 2 6 1 1 1 1 1 0 1 0 1 0 0 2 2 0 2 0 0 0 2 86 5 8 7 0 73 3 4 4 0 1 1 1 0 9.13 2 2 2 2 
18 5 6 1 1 1 1 3 0 3 0 1 0 3 9 9 5 9 0 0 0 9 105 14 41 20 14 50 21 31 20 11 1 1 1 0 1.22 9 9 9 9 
19 12 7 5 5 7 3 21 0 19 0 1 10 8 22 12 8 22 9 5 0 8 721 46 476 117 311 201 209 299 96 203 16 16 30 4 0.42 111 111 144 58 
184 1 1 1 1 1 1 1 0 1 0 1 0 0 2 2 0 2 0 0 0 2 63 5 5 4 0 53 3 4 4 0 1 1 1 0 10.6 2 2 2 2 
26 15 7 3 2 3 2 17 1 13 2 1 1 3 48 47 2 48 0 5 0 43 1049 121 674 204 488 256 357 467 183 284 10 9 14 4 0.38 129 117 152 74 
128 2 4 2 2 2 1 7 0 7 0 1 1 3 12 11 3 12 1 1 0 10 164 19 100 30 56 45 46 68 26 42 4 4 4 2 0.45 22 22 22 12 
129 1 2 1 1 1 1 1 0 1 0 1 0 0 2 2 0 2 0 0 0 2 54 4 8 7 0 42 3 4 4 0 1 1 1 0 5.25 2 2 2 2 
130 7 4 3 3 3 2 9 0 8 0 1 0 3 40 40 6 40 2 7 21 10 581 59 368 101 198 154 147 247 89 158 8 8 10 5 0.42 102 102 107 66 
87 4 7 3 3 4 2 13 0 13 0 1 2 0 7 5 0 7 0 1 0 6 177 11 96 26 61 71 48 73 28 45 7 7 8 3 0.74 23 23 25 13 
22 16 7 1 1 1 1 6 0 6 0 1 0 1 3 3 2 3 1 0 1 1 70 9 27 12 10 34 12 16 9 7 1 1 1 0 1.26 3 3 3 3 
23 12 7 1 1 1 1 6 0 6 0 1 0 0 4 4 1 4 1 0 1 2 73 9 30 11 10 34 11 16 8 8 1 1 1 0 1.13 4 4 4 4 
24 72 7 13 7 13 4 54 2 49 2 2 25 8 51 26 14 51 3 44 0 4 2902 190 2549 464 2068 170 1452 1780 420 1360 223 131 245 6 0.07 652 356 686 213 
25 18 7 1 1 1 1 3 0 3 0 1 0 4 6 6 22 6 1 0 0 5 110 22 52 36 13 36 38 45 36 9 1 1 1 0 0.69 6 6 6 6 
132 2 4 1 1 1 1 2 0 2 0 1 0 0 2 2 0 2 0 0 0 2 54 6 8 5 1 40 4 6 5 1 1 1 1 0 5 2 2 2 2 
27 16 7 5 4 5 2 34 1 29 3 2 19 2 24 5 3 24 1 11 0 12 937 72 718 141 550 172 361 462 126 336 27 27 32 5 0.24 122 98 131 56 
28 9 7 5 5 6 2 21 1 18 1 3 1 1 24 23 11 24 21 0 0 3 610 59 462 138 321 91 235 330 135 195 20 20 34 8 0.2 111 111 135 52 
29 4 6 2 2 2 1 7 0 7 0 1 1 0 3 2 1 3 1 0 0 2 101 8 26 10 13 67 11 18 8 10 3 3 3 1 2.58 6 6 7 3 
31 5 6 3 3 4 1 11 0 11 0 1 0 2 6 6 4 6 0 0 0 6 125 11 76 23 47 38 42 60 24 36 4 4 6 2 0.5 17 17 21 6 
88 1 4 5 5 5 2 25 2 21 2 1 0 2 3 3 4 3 0 0 0 3 133 14 74 15 42 45 33 46 14 32 12 12 12 3 0.61 16 16 16 5 
32 4 7 4 4 6 3 18 1 13 3 1 2 3 13 11 12 13 9 4 0 0 343 43 193 45 137 108 106 153 45 108 11 9 13 5 0.56 56 53 74 36 
133 1 2 4 4 4 3 15 0 15 0 1 2 0 2 0 0 2 0 0 0 2 131 10 34 8 21 87 18 26 9 17 5 5 5 4 2.56 7 7 7 5 
34 15 6 5 4 5 3 20 1 17 2 1 26 18 48 22 3 48 2 27 5 14 1180 133 844 219 559 208 460 647 184 463 20 14 22 5 0.25 237 194 262 125 
35 4 6 3 3 4 2 8 0 7 0 1 1 4 9 8 2 9 1 2 2 4 146 17 80 26 44 49 40 70 19 51 7 7 8 3 0.61 30 30 32 22 
36 3 6 2 2 2 2 7 0 6 0 1 2 2 14 12 6 14 3 2 2 7 177 25 106 36 51 46 49 77 30 47 7 7 7 2 0.43 31 31 31 22 
38 5 8 8 6 10 6 26 2 22 1 1 39 75 54 15 2 54 1 46 3 4 1707 222 1341 301 1054 170 811 1108 221 887 72 54 85 7 0.13 456 303 517 306 
90 7 7 3 3 3 2 7 0 6 0 1 3 6 16 13 3 16 3 2 7 4 204 30 125 44 73 49 73 118 34 84 8 8 13 2 0.39 46 46 52 35 
39 15 7 2 2 2 1 7 0 7 0 1 0 0 6 6 4 6 0 0 1 5 138 13 50 19 27 75 23 35 18 17 3 3 4 1 1.5 13 13 14 8 
40 13 7 7 5 9 3 25 1 23 0 1 15 13 29 14 1 29 2 21 0 6 905 91 692 162 508 124 346 476 130 346 28 24 31 5 0.18 208 144 255 89 
41 5 7 2 2 2 1 6 0 6 0 1 1 0 16 15 4 16 0 0 0 16 183 23 114 33 63 46 53 82 31 51 4 4 5 1 0.4 28 28 34 19 
42 9 7 3 3 3 2 13 0 10 1 1 2 0 16 14 1 16 0 1 1 14 297 31 182 59 116 84 79 117 51 66 6 6 7 4 0.46 43 43 47 33 
91 2 6 1 1 1 1 5 0 5 0 1 0 0 4 4 1 4 1 0 0 3 86 11 25 10 8 50 9 15 8 7 2 2 2 1 2 5 5 5 4 
43 11 7 6 6 6 3 23 1 20 1 1 11 6 20 9 1 20 8 3 0 9 586 60 432 105 298 96 201 302 90 212 35 35 37 5 0.22 111 111 115 56 
44 13 8 5 5 6 3 21 1 19 1 1 11 12 36 25 6 36 10 0 1 25 955 100 726 101 472 138 256 416 94 322 39 31 53 4 0.19 182 166 218 114 
45 9 6 2 2 3 1 10 0 9 0 2 3 1 19 16 2 19 2 2 0 15 291 33 195 78 119 64 86 125 54 71 7 7 9 3 0.33 44 44 48 25 
46 5 7 7 4 8 3 12 0 10 0 1 1 36 27 26 0 27 1 19 4 3 452 55 340 81 271 59 232 315 45 270 45 22 56 4 0.17 185 96 209 78 
47 4 7 3 2 3 2 9 0 8 0 1 2 10 19 17 2 19 1 11 3 4 277 36 183 52 115 58 92 129 35 94 12 8 14 2 0.32 60 38 63 43 
48 6 7 5 3 5 3 14 0 13 0 1 9 8 15 6 1 15 0 8 2 5 287 30 210 48 134 48 104 150 33 117 11 8 13 4 0.23 70 47 75 51 
49 7 7 2 2 3 2 7 0 7 0 1 4 5 19 15 2 19 1 8 2 8 268 33 155 51 79 80 67 101 36 65 6 3 8 2 0.52 47 35 49 36 
50 9 7 7 4 8 5 20 1 16 1 1 20 37 36 16 2 36 2 23 5 6 940 120 650 140 501 171 404 537 98 439 47 21 52 4 0.26 257 135 284 195 
51 4 6 2 2 2 1 5 0 5 0 1 2 1 22 20 4 22 2 1 0 19 195 33 122 39 59 40 50 85 34 51 3 3 3 2 0.33 35 35 35 24 
52 12 6 3 2 3 2 8 0 8 0 3 4 34 46 42 8 46 2 2 0 42 560 64 431 110 291 76 208 299 79 220 33 9 33 4 0.18 129 88 129 80 
53 12 7 9 7 11 4 50 3 41 5 1 0 0 13 13 4 13 0 1 9 3 726 57 543 133 414 127 287 374 128 246 76 53 94 5 0.23 115 92 146 56 
54 2 6 1 1 1 1 2 0 2 0 1 0 0 2 2 0 2 0 0 0 2 52 6 8 4 1 38 2 5 4 1 1 1 1 0 4.75 2 2 2 2 
185 4 1 4 3 4 3 10 0 10 0 1 2 2 26 24 8 26 0 7 0 19 355 36 280 61 188 40 200 274 66 208 15 10 16 3 0.14 106 74 114 68 
186 6 1 3 3 4 2 11 0 10 0 2 1 4 30 29 10 30 3 7 0 20 695 86 346 107 217 264 200 286 109 177 14 14 22 5 0.76 90 90 113 47 
55 13 9 8 5 9 4 49 6 37 4 1 5 6 42 37 7 42 1 39 0 2 2283 347 1612 247 1265 344 932 1126 207 919 136 46 144 5 0.21 332 207 374 162 
56 7 6 2 2 3 2 11 0 9 1 1 0 0 7 7 5 7 0 1 0 6 141 12 75 19 43 54 40 55 19 36 6 6 6 4 0.72 16 16 18 12 
57 2 6 1 1 1 1 3 0 3 0 1 3 0 4 1 0 4 3 0 0 1 65 8 18 7 5 39 5 10 6 4 1 1 1 0 2.17 4 4 4 4 
58 2 8 1 1 1 1 1 0 1 0 1 0 0 6 6 0 6 0 0 0 6 68 8 18 17 0 42 7 8 8 0 1 1 1 0 2.33 6 6 6 6 
59 2 6 1 1 1 1 1 0 1 0 1 0 0 1 1 0 1 0 0 0 1 73 6 5 4 0 62 2 3 3 0 1 1 1 0 12.4 1 1 1 1 
62 30 9 4 4 5 3 14 0 13 0 2 109 24 114 5 5 114 12 8 2 92 2123 188 1585 357 1060 363 712 1098 316 782 19 18 30 5 0.23 450 442 524 291 
60 3 6 1 1 1 1 1 0 1 0 1 0 1 16 16 0 16 0 0 0 16 339 22 20 19 1 297 18 19 19 0 1 1 1 0 14.85 16 16 16 16 
61 17 7 4 4 5 2 17 0 16 0 3 21 12 63 42 15 63 2 17 0 44 1933 112 1081 274 746 748 510 762 248 514 67 67 89 4 0.69 271 271 335 150 
192 4 1 1 1 1 1 1 0 1 0 1 0 0 3 3 0 3 0 0 0 3 99 6 9 8 0 84 4 5 5 0 1 1 1 0 9.33 3 3 3 3 
63 3 6 1 1 1 1 1 0 1 0 1 0 0 1 1 0 1 0 0 0 1 48 3 4 3 0 41 2 3 3 0 1 1 1 0 10.25 1 1 1 1 
135 1 4 1 1 1 1 5 0 5 0 1 0 0 2 2 0 2 0 0 0 2 78 6 14 6 3 58 3 7 4 3 1 1 1 0 4.14 2 2 2 2 
69 12 8 14 6 15 12 34 1 30 2 1 7 156 31 24 13 31 2 6 1 22 1377 106 1113 304 951 216 679 860 91 769 150 96 151 7 0.19 421 187 480 372 
178 7 3 5 5 5 2 16 0 15 0 1 1 5 20 19 6 20 0 7 0 13 657 65 328 94 220 265 195 289 100 189 13 13 17 5 0.81 96 96 109 38 
70 3 6 1 1 1 1 3 0 3 0 1 0 1 23 23 0 23 0 1 0 22 144 26 81 27 30 37 29 56 27 29 4 4 4 1 0.46 26 26 26 26 
203 1 1 2 2 2 2 5 0 5 0 1 0 4 3 3 1 3 0 1 0 2 84 12 26 12 13 46 18 26 12 14 3 3 3 1 1.77 7 7 7 5 
71 6 6 2 2 2 1 6 0 5 0 1 0 0 10 10 3 10 0 0 0 10 123 17 66 25 36 41 34 52 25 27 4 4 4 3 0.62 17 17 17 10 
204 6 2 4 4 5 4 10 0 10 0 1 0 0 4 4 1 4 0 0 0 4 142 9 47 11 30 86 19 35 10 25 10 10 13 2 1.83 15 15 18 15 
179 4 4 1 1 1 1 1 0 1 0 1 0 0 1 1 0 1 0 0 0 1 52 5 4 3 0 43 2 3 3 0 1 1 1 0 10.75 1 1 1 1 
72 2 6 1 1 1 1 3 0 3 0 1 1 0 6 5 1 6 0 0 0 6 115 9 28 10 11 78 12 21 10 11 3 3 3 1 2.79 8 8 8 6 
73 2 6 1 1 1 1 1 0 1 0 1 0 0 1 1 0 1 0 0 0 1 55 5 4 3 0 46 2 3 3 0 1 1 1 0 11.5 1 1 1 1 
121 5 4 1 1 1 1 1 0 1 0 1 0 0 4 4 0 4 0 0 0 4 83 9 10 9 0 64 7 8 8 0 1 1 1 0 6.4 4 4 4 4 
125 4 4 1 1 1 1 3 0 3 0 1 0 0 11 11 2 11 0 0 0 11 97 15 49 19 21 33 22 37 19 18 2 2 2 1 0.67 14 14 14 11 
182 2 2 1 1 1 1 1 0 1 0 1 0 0 1 1 0 1 0 0 0 1 60 5 5 4 0 50 3 4 4 0 1 1 1 0 10 1 1 1 1 
123 6 4 1 1 1 1 1 0 1 0 1 0 0 5 5 0 5 0 0 0 5 80 11 10 9 0 59 8 9 9 0 1 1 1 0 5.9 5 5 5 5 
124 4 4 1 1 1 1 1 0 1 0 1 0 0 2 2 0 2 2 0 0 0 66 8 7 6 0 51 4 5 5 0 1 1 1 0 7.29 2 2 2 2 
99 6 5 6 4 6 1 21 0 20 0 2 2 0 26 24 13 26 11 0 0 15 699 60 551 139 387 94 288 404 147 257 27 22 28 6 0.17 146 114 152 34 
101 31 5 6 5 6 1 35 2 30 2 1 2 3 99 97 39 99 9 84 0 6 3765 342 3112 446 2472 351 1609 2039 419 1620 102 30 103 8 0.11 553 451 614 134 
104 1 4 2 2 2 1 6 0 6 0 1 0 0 11 11 2 11 10 0 0 1 130 16 80 25 40 34 46 67 31 36 2 2 3 1 0.42 20 20 23 11 
105 2 4 1 1 1 1 4 0 4 0 1 0 0 7 7 3 7 1 1 0 5 88 15 37 17 19 36 22 32 17 15 3 3 3 2 0.97 9 9 9 7 
134 6 3 21 21 21 2 122 10 105 7 1 0 0 2 2 3 2 0 0 0 2 303 28 224 33 189 53 122 160 31 129 41 41 41 3 0.24 42 42 42 4 
107 4 4 2 2 2 1 6 0 6 0 2 0 2 14 14 9 14 0 0 0 14 164 22 103 36 50 39 50 75 35 40 9 9 10 3 0.38 24 24 25 14 
108 4 4 2 2 2 1 5 0 5 0 1 0 0 12 12 6 12 0 0 0 12 122 17 71 28 34 35 36 55 28 27 4 4 4 2 0.49 18 18 19 14 
109 1 5 2 2 2 1 7 0 7 0 1 0 0 2 2 1 2 0 0 0 2 66 7 19 9 8 40 8 12 7 5 2 2 2 1 2.11 3 3 3 2 
110 2 5 1 1 1 1 3 0 3 0 1 4 0 22 18 8 22 16 0 0 6 156 28 83 37 38 47 42 67 38 29 2 2 2 1 0.57 26 26 26 22 
111 7 4 4 4 4 3 12 0 12 0 1 19 0 20 1 0 20 0 1 0 19 312 30 244 56 171 38 107 175 49 126 8 8 9 3 0.16 82 82 84 51 
112 5 5 2 2 2 2 10 0 8 1 1 0 0 10 10 1 10 3 1 3 3 188 23 90 31 49 75 40 63 28 35 5 5 6 4 0.83 22 22 24 16 
114 9 5 13 11 15 4 62 2 53 7 1 1 5 15 14 3 15 11 2 0 2 1047 71 818 150 571 170 362 532 151 381 77 58 82 6 0.21 195 169 220 59 
115 3 4 3 3 4 3 15 0 14 0 1 0 0 3 3 3 3 0 1 0 2 97 12 51 13 29 34 22 33 13 20 5 5 6 3 0.67 10 10 12 9 
116 1 4 1 1 1 1 3 0 3 0 1 0 4 3 3 1 3 0 0 0 3 62 10 18 11 7 34 7 11 8 3 1 1 1 0 1.89 3 3 3 3 
78 21 8 7 5 8 4 35 1 31 2 8 9 77 71 62 70 71 19 36 5 11 2999 225 2435 405 1881 442 1526 1873 361 1512 98 54 116 7 0.18 520 354 603 302 
79 3 5 8 4 9 6 14 1 13 0 1 2 23 11 9 1 11 1 1 5 4 269 38 178 53 132 68 126 167 30 137 41 23 43 3 0.38 88 42 96 68 
80 6 7 5 5 5 3 27 1 24 2 4 2 4 16 14 21 16 8 1 0 7 574 52 435 142 294 111 253 322 121 201 21 17 25 5 0.26 78 74 86 53 
83 3 6 2 2 2 1 5 0 5 0 1 0 1 4 4 3 4 0 0 0 4 72 9 29 10 12 34 15 21 11 10 2 2 2 1 1.17 6 6 6 4 
193 4 3 3 3 3 1 12 0 12 0 1 0 0 2 2 1 2 0 0 1 1 85 9 30 10 14 46 13 20 8 12 5 5 5 2 1.53 6 6 6 2 
194 3 3 2 2 2 1 7 0 7 0 2 1 0 9 8 3 9 3 0 1 5 162 15 75 39 39 73 35 50 26 24 3 3 4 2 0.97 14 14 15 11 
