1 2 8 4 4 5 2 14 0 13 0 1 0 7 20 20 7 20 1 6 6 7 410 47 301 82 178 64 148 222 69 153 13 13 16 5 0.21 84 72 92 33 
118 9 6 4 3 4 1 14 0 12 1 1 4 15 31 27 2 31 5 4 9 13 606 57 420 113 263 129 224 306 87 219 14 7 16 3 0.31 117 84 122 39 
291 3 2 2 2 2 1 8 0 8 0 1 0 0 6 6 4 6 0 1 0 5 113 11 59 21 30 43 31 41 16 25 2 2 2 1 0.73 10 10 10 6 
205 0 0 1 1 1 1 1 0 1 0 1 0 0 1 1 0 1 0 0 0 1 59 3 6 4 0 50 2 3 3 0 1 1 1 0 8.33 1 1 1 1 
206 1 4 2 2 2 1 6 0 6 0 1 1 2 13 12 6 13 5 0 0 8 229 16 96 28 40 117 36 59 27 32 3 3 3 2 1.22 23 23 23 13 
181 0 0 1 1 1 1 1 0 1 0 1 0 0 1 1 0 1 0 0 0 1 89 6 4 3 0 79 2 3 3 0 1 1 1 0 19.75 1 1 1 1 
292 1 2 8 4 8 2 36 2 32 1 1 0 3 38 38 17 38 0 37 0 1 1503 134 1253 200 955 117 712 874 196 678 112 29 116 4 0.09 289 168 298 65 
207 1 3 1 1 1 1 4 0 4 0 1 1 0 39 38 19 39 0 0 0 39 337 47 205 63 80 85 97 138 63 75 2 2 2 1 0.41 40 40 41 39 
255 0 0 1 1 1 1 1 0 1 0 1 0 0 3 3 0 3 0 0 0 3 109 5 6 5 0 98 4 5 5 0 1 1 1 0 16.33 3 3 3 3 
5 7 10 2 2 2 1 8 0 8 0 4 43 31 130 87 39 130 18 4 2 106 2678 189 1188 372 595 1301 475 741 309 432 17 17 19 5 1.1 275 266 296 147 
222 0 0 1 1 1 1 1 0 1 0 1 0 0 1 1 0 1 0 0 0 1 58 4 5 3 0 49 2 3 3 0 1 1 1 0 9.8 1 1 1 1 
223 4 6 2 2 2 1 7 0 6 0 5 4 2 33 29 5 33 1 1 9 22 617 52 237 55 119 328 91 145 55 90 14 4 17 2 1.38 64 52 67 41 
120 0 0 1 1 1 1 1 0 1 0 1 0 0 2 2 0 2 0 0 0 2 60 5 6 4 0 49 3 4 4 0 1 1 1 0 8.17 2 2 2 2 
278 0 0 1 1 1 1 3 0 3 0 1 0 1 5 5 2 5 2 0 0 3 99 7 21 10 6 71 9 15 10 5 1 1 1 0 3.38 5 5 5 5 
85 0 0 14 13 17 6 77 3 58 16 1 14 30 14 0 0 14 8 6 0 0 1271 90 862 128 664 347 495 663 111 552 111 106 146 7 0.4 191 182 242 86 
208 1 5 9 4 10 6 40 5 31 3 1 5 7 19 14 2 19 10 8 0 1 924 142 618 67 510 167 354 430 64 366 136 39 138 5 0.27 176 79 182 116 
12 0 0 2 2 2 1 11 0 10 0 1 1 1 5 4 2 5 1 1 0 3 113 8 59 19 31 46 20 31 15 16 4 4 4 2 0.78 10 10 10 5 
183 0 0 2 2 2 1 6 0 5 0 1 0 0 5 5 1 5 0 0 0 5 89 7 36 12 14 46 11 20 9 11 4 4 4 2 1.28 8 8 8 5 
127 0 0 1 1 1 1 4 0 4 0 1 0 0 23 23 1 23 0 0 1 22 266 10 96 29 38 160 31 58 28 30 3 3 4 2 1.67 27 27 29 23 
86 0 0 1 1 1 1 4 0 4 0 1 0 1 10 10 2 10 1 0 0 9 161 14 52 19 14 95 16 27 15 12 1 1 1 0 1.83 10 10 10 10 
13 0 0 1 1 1 1 1 0 1 0 1 0 0 3 3 0 3 3 0 0 0 106 7 10 9 0 89 4 5 5 0 1 1 1 0 8.9 3 3 3 3 
279 0 0 1 1 1 1 1 0 1 0 1 0 0 8 8 0 8 0 0 0 8 120 12 19 18 0 89 11 12 12 0 1 1 1 0 4.68 8 8 8 8 
14 0 0 1 1 1 1 4 0 4 0 1 0 1 7 7 0 7 0 0 0 7 123 11 36 12 9 76 10 18 10 8 1 1 1 0 2.11 7 7 7 7 
17 0 0 1 1 1 1 1 0 1 0 1 0 0 2 2 0 2 0 0 0 2 84 5 7 5 0 72 3 4 4 0 1 1 1 0 10.29 2 2 2 2 
19 0 0 5 5 6 2 20 0 19 0 1 5 11 17 12 7 17 5 1 0 11 572 39 353 81 234 181 156 232 77 155 22 22 22 6 0.51 87 82 102 33 
184 0 0 1 1 1 1 1 0 1 0 1 0 0 2 2 0 2 0 0 0 2 66 5 5 4 0 56 3 4 4 0 1 1 1 0 11.2 2 2 2 2 
26 7 10 5 4 5 2 24 1 20 2 1 1 5 83 82 1 83 7 71 0 5 2242 197 1733 375 1322 316 976 1297 373 924 46 25 46 4 0.18 383 311 412 202 
293 0 0 18 2 19 18 24 1 23 0 1 4 65 4 0 0 4 4 0 0 0 279 41 161 72 141 77 73 82 7 75 68 5 68 1 0.48 71 8 74 70 
225 0 0 1 1 1 1 1 0 1 0 1 0 0 1 1 0 1 0 0 0 1 55 4 6 4 0 45 2 3 3 0 1 1 1 0 7.5 1 1 1 1 
226 0 0 2 2 2 1 7 0 6 0 1 0 1 16 16 6 16 1 0 0 15 196 24 127 38 59 45 57 84 29 55 4 4 4 1 0.35 28 28 28 16 
227 5 4 3 3 3 2 12 0 12 0 2 2 4 49 47 9 49 13 6 14 16 815 73 640 170 371 105 269 424 151 273 11 11 13 5 0.16 149 149 158 91 
87 1 10 3 2 3 1 10 0 9 0 1 1 6 19 18 2 19 0 7 2 10 323 29 201 58 111 93 101 149 52 97 6 6 8 3 0.46 50 46 55 26 
228 0 0 3 3 3 2 19 0 18 0 2 1 0 5 4 1 5 2 1 0 2 156 10 96 33 55 50 43 60 28 32 9 9 9 4 0.52 17 17 17 10 
22 0 0 1 1 1 1 7 0 6 0 1 3 1 19 16 4 19 4 3 5 7 235 27 146 54 53 62 54 82 37 45 3 3 3 2 0.42 28 28 28 19 
24 7 11 13 8 14 5 64 3 55 5 4 33 9 45 12 34 45 7 26 0 12 3110 209 2584 477 2014 333 1450 1806 440 1366 314 159 320 7 0.13 606 379 634 244 
25 1 8 1 1 1 1 4 0 4 0 1 0 4 16 16 30 16 2 1 0 13 191 37 114 55 30 42 62 79 54 25 2 2 2 0 0.37 17 17 17 16 
27 5 9 5 4 5 2 27 1 23 2 4 31 2 37 6 3 37 8 14 0 15 1160 104 890 212 641 193 437 578 179 399 18 18 20 4 0.22 168 144 175 78 
28 3 10 6 6 7 3 28 1 24 2 4 8 1 29 21 14 29 14 12 0 3 949 68 743 209 484 140 357 517 203 314 43 43 48 9 0.19 170 170 195 82 
29 4 9 2 2 2 2 8 0 8 0 1 0 1 6 6 1 6 0 0 0 6 135 10 56 12 26 69 18 32 11 21 5 5 5 2 1.23 13 13 14 10 
211 0 0 4 4 4 3 14 0 13 0 2 15 1 18 3 5 18 4 0 0 14 470 28 274 67 169 168 124 190 59 131 11 11 11 3 0.61 76 76 77 51 
88 0 0 3 3 3 2 12 0 11 0 2 0 4 8 8 7 8 3 3 0 2 169 15 107 31 56 47 43 63 28 35 10 10 10 4 0.44 21 21 21 16 
212 0 0 3 3 3 2 10 0 10 0 1 5 2 23 18 4 23 13 9 0 1 372 31 273 73 157 68 115 170 61 109 13 13 15 6 0.25 60 60 63 49 
34 16 9 5 4 5 3 19 0 17 1 4 22 53 90 68 4 90 5 26 9 50 1986 177 1558 364 1072 256 826 1164 326 838 49 21 50 5 0.16 430 345 492 232 
35 1 8 4 3 5 2 13 1 11 1 1 1 7 7 6 1 7 2 0 2 3 175 21 101 33 57 53 57 79 23 56 12 10 13 2 0.52 29 24 32 13 
36 0 0 3 3 3 1 11 0 10 0 1 1 4 7 6 3 7 3 0 2 2 158 19 89 33 45 50 41 60 27 33 10 10 10 4 0.56 21 21 21 9 
280 0 0 2 2 2 1 6 0 6 0 1 2 4 10 8 1 10 0 0 2 8 139 17 81 31 30 41 33 50 22 28 3 3 5 1 0.51 16 16 19 10 
38 4 10 10 6 11 5 31 2 27 2 1 37 75 46 9 1 46 2 38 3 3 1690 175 1349 257 1030 203 906 1186 191 995 86 55 96 5 0.15 456 284 515 225 
90 5 10 3 3 4 1 14 0 13 0 1 5 6 13 8 1 13 2 3 2 6 272 26 189 55 115 57 97 135 43 92 8 8 11 4 0.3 43 39 50 17 
39 0 0 1 1 1 1 4 0 4 0 1 0 0 13 13 0 13 1 0 5 7 172 18 65 25 22 89 24 37 21 16 3 3 3 1 1.37 16 16 16 15 
281 0 0 4 3 4 2 16 1 13 2 4 1 12 12 11 7 12 2 2 3 5 288 32 189 62 120 67 102 142 45 97 11 9 12 2 0.35 47 39 50 20 
40 6 9 10 7 12 4 39 2 35 1 1 11 18 17 6 0 17 1 12 0 4 811 69 635 144 473 109 323 435 112 323 34 24 37 5 0.17 164 125 212 66 
282 1 3 2 2 3 1 10 0 8 1 3 3 9 15 12 3 15 2 4 2 7 270 38 162 62 93 70 83 117 47 70 7 7 10 2 0.43 36 33 41 22 
294 2 1 6 5 6 2 24 1 22 0 2 11 8 17 6 8 17 2 9 2 4 524 60 416 107 282 49 220 305 96 209 16 16 19 5 0.12 96 81 104 36 
41 1 10 2 2 2 1 6 0 6 0 1 1 1 14 13 3 14 0 0 0 14 179 19 110 40 55 50 41 68 28 40 4 4 5 1 0.45 26 26 32 17 
42 1 10 3 3 3 2 14 0 11 1 1 2 2 16 14 1 16 1 1 1 13 332 37 200 71 125 95 90 133 60 73 8 8 11 4 0.47 43 43 51 32 
91 0 0 1 1 1 1 4 0 4 0 1 0 1 4 4 1 4 0 0 0 4 88 9 27 13 6 52 8 13 9 4 1 1 1 0 1.93 4 4 4 4 
43 2 9 9 9 10 4 41 2 36 3 1 4 6 11 7 2 11 5 2 0 4 556 44 415 95 298 101 204 295 88 207 42 42 44 7 0.24 97 97 105 39 
44 3 11 6 5 7 5 23 1 21 1 1 11 16 34 23 9 34 4 6 1 23 1002 90 766 105 495 155 273 445 98 347 46 38 57 4 0.2 192 176 226 154 
45 1 9 2 2 2 1 7 0 6 0 1 0 1 16 16 3 16 3 0 0 13 219 22 131 51 65 66 51 79 36 43 11 11 13 3 0.5 30 30 34 18 
214 1 4 4 4 4 2 17 0 15 1 1 1 4 6 5 0 6 1 1 0 4 188 17 110 43 70 62 55 75 33 42 6 6 7 3 0.56 22 22 23 12 
46 0 0 20 10 23 10 42 2 38 2 1 1 31 7 6 0 7 1 2 2 2 403 34 309 61 251 61 271 329 29 300 46 22 57 4 0.2 139 72 162 69 
47 1 10 6 4 6 3 21 1 18 1 1 2 12 9 7 1 9 2 1 3 3 281 29 192 52 124 60 108 141 30 111 21 15 22 3 0.31 51 34 55 25 
48 8 10 4 3 5 2 17 1 16 0 8 1 28 38 37 9 38 1 0 3 34 721 76 588 159 409 58 313 419 147 272 86 62 98 4 0.1 167 126 184 84 
49 0 0 3 2 3 1 9 0 9 0 1 3 7 13 10 1 13 2 3 2 6 230 25 145 52 73 60 76 100 35 65 8 5 8 2 0.41 33 24 35 19 
50 7 11 10 4 10 5 26 1 23 0 1 9 60 23 14 1 23 3 8 7 5 802 80 626 150 490 96 440 538 81 457 72 23 75 4 0.15 219 101 231 105 
51 1 9 1 1 1 1 5 0 5 0 1 3 3 23 20 2 23 3 1 2 17 206 32 126 38 55 48 48 80 35 45 3 3 3 2 0.38 32 32 33 23 
52 3 8 4 2 4 2 12 0 10 0 3 8 44 72 64 14 72 0 15 0 57 1280 134 872 197 597 299 394 561 159 402 73 26 78 4 0.34 273 164 286 120 
53 1 8 12 10 14 4 57 2 50 5 1 2 0 9 7 3 9 0 4 3 2 591 38 465 95 344 93 241 322 90 232 75 52 88 5 0.2 111 88 126 39 
185 0 0 4 3 4 2 10 0 10 0 1 3 2 28 25 8 28 0 8 0 20 388 38 308 64 185 43 194 273 69 204 14 10 15 3 0.14 105 79 113 64 
186 0 0 3 3 4 2 11 0 10 0 2 1 4 30 29 10 30 3 7 0 20 697 84 347 107 217 267 200 286 109 177 14 14 22 5 0.77 90 90 113 47 
55 23 13 5 4 5 2 23 1 21 1 4 1 5 138 137 39 138 27 95 10 6 3776 371 2972 676 2169 467 1587 2084 584 1500 27 18 29 5 0.16 630 525 705 264 
256 0 0 1 1 1 1 11 0 11 0 6 1 2 12 11 1 12 1 1 0 10 222 17 151 55 72 54 60 81 43 38 5 5 5 1 0.36 17 17 17 12 
229 0 0 1 1 1 1 2 0 2 0 1 0 0 4 4 0 4 0 0 0 4 64 8 15 7 2 41 6 9 7 2 1 1 1 0 2.73 4 4 4 4 
257 0 0 1 1 1 1 1 0 1 0 1 0 0 1 1 0 1 0 0 0 1 59 3 5 3 0 51 2 3 3 0 1 1 1 0 10.2 1 1 1 1 
58 1 10 1 1 1 1 1 0 1 0 1 0 3 6 6 0 6 0 0 0 6 73 8 20 18 3 45 10 11 11 0 1 1 1 0 2.25 6 6 6 6 
230 4 5 2 2 3 1 8 0 8 0 1 2 1 21 19 6 21 3 1 0 17 372 30 201 62 102 141 87 141 61 80 8 8 15 3 0.7 51 51 59 21 
295 1 1 3 3 5 3 10 0 10 0 1 0 0 1 1 0 1 0 0 1 0 29 3 13 4 6 13 4 9 5 4 3 3 5 2 1 3 3 5 3 
59 0 0 1 1 1 1 1 0 1 0 1 0 0 1 1 0 1 0 0 0 1 73 6 4 3 0 63 2 3 3 0 1 1 1 0 15.75 1 1 1 1 
62 24 14 4 4 4 2 16 0 14 0 6 199 37 206 7 10 206 22 13 1 170 4079 357 3108 772 1940 634 1346 2020 620 1400 33 26 42 5 0.2 765 736 868 468 
296 3 1 2 2 2 1 7 0 7 0 1 0 0 4 4 3 4 0 0 0 4 59 8 35 11 16 16 17 26 11 15 3 3 3 1 0.46 8 8 8 4 
60 0 0 1 1 1 1 1 0 1 0 1 0 1 16 16 0 16 0 0 0 16 342 22 20 19 1 300 18 19 19 0 1 1 1 0 15 16 16 16 16 
61 27 12 4 4 4 2 14 0 13 0 3 41 14 128 87 17 128 15 24 13 76 2965 216 1754 443 1108 1002 778 1196 394 802 49 49 63 5 0.57 452 448 521 236 
258 0 0 2 2 2 1 15 0 15 0 5 3 2 9 6 0 9 3 2 0 4 196 10 138 46 61 48 56 75 42 33 5 5 5 4 0.35 17 17 17 13 
192 0 0 1 1 1 1 5 0 5 0 2 5 1 11 6 0 11 1 0 0 10 211 16 66 23 24 129 23 37 19 18 3 3 3 1 1.95 16 16 16 11 
259 1 5 1 1 1 1 8 0 8 0 4 3 0 6 3 0 6 0 0 0 6 103 5 44 11 20 54 13 21 13 8 2 2 2 0 1.23 8 8 8 6 
231 0 0 4 3 4 1 15 0 14 0 1 1 4 6 5 3 6 1 1 0 4 155 14 101 23 58 40 38 57 19 38 9 7 9 4 0.4 23 19 23 6 
135 1 7 2 2 2 1 5 0 5 0 1 0 0 3 3 1 3 0 0 0 3 97 8 20 9 6 69 7 12 7 5 3 3 3 0 3.45 5 5 5 3 
221 3 4 50 2 50 1 36 0 35 0 2 4 171 4 2 4 6 0 0 0 6 509 25 395 182 373 168 205 214 13 201 162 2 162 1 0.43 200 9 201 6 
69 6 11 8 6 9 6 29 1 26 1 1 6 2 48 42 30 48 21 22 0 5 1623 131 1303 192 993 209 807 1075 136 939 128 97 149 7 0.16 383 287 445 310 
297 2 1 3 3 3 2 6 0 5 0 2 2 1 6 6 9 8 0 0 0 8 196 13 61 30 24 122 20 35 18 17 3 3 3 2 2 17 17 17 12 
178 0 0 5 5 5 2 16 0 15 0 1 1 5 20 19 6 20 0 7 0 13 658 63 328 94 219 268 194 288 100 188 13 13 17 5 0.82 96 96 109 38 
70 0 0 1 1 1 1 3 0 3 0 1 0 2 2 2 0 2 0 1 0 1 60 6 14 7 3 40 5 8 7 1 1 1 1 0 2.86 2 2 2 2 
203 0 0 3 2 3 1 11 0 11 0 1 0 7 3 3 1 3 0 1 0 2 121 13 51 19 29 57 24 30 15 15 4 2 4 1 1.12 9 5 9 3 
260 0 0 2 2 2 1 5 0 5 0 1 1 1 10 9 0 10 0 1 8 1 183 15 59 32 24 109 26 36 23 13 4 4 4 3 1.85 15 15 15 13 
204 1 5 3 3 4 3 10 0 10 0 1 0 0 6 6 1 6 0 0 0 6 200 10 68 15 33 122 21 39 12 27 9 9 14 2 1.79 17 17 23 16 
72 0 0 2 2 2 1 8 0 7 0 1 0 1 3 3 1 3 0 0 0 3 93 7 29 10 13 57 13 19 10 9 3 3 3 1 1.97 5 5 5 3 
73 0 0 1 1 1 1 1 0 1 0 1 0 0 1 1 0 1 0 0 0 1 58 5 4 3 0 49 2 3 3 0 1 1 1 0 12.25 1 1 1 1 
298 1 1 0 0 0 0 0 0 0 0 1 0 0 0 0 0 0 0 0 0 0 14 2 7 6 0 5 2 3 3 0 0 0 0 0 0.71 0 0 0 0 
299 1 1 1 1 1 1 1 0 1 0 1 0 0 1 1 0 1 1 0 0 0 15 2 8 7 0 5 3 4 4 0 1 1 1 0 0.63 1 1 1 1 
300 1 1 1 1 1 1 1 0 1 0 1 0 0 1 1 0 1 1 0 0 0 15 2 8 7 0 5 3 4 4 0 1 1 1 0 0.63 1 1 1 1 
301 1 1 1 1 1 1 1 0 1 0 1 0 0 1 1 0 1 1 0 0 0 15 2 8 7 0 5 3 4 4 0 1 1 1 0 0.63 1 1 1 1 
302 1 1 1 1 1 1 1 0 1 0 1 0 0 1 1 0 1 1 0 0 0 15 2 8 7 0 5 3 4 4 0 1 1 1 0 0.63 1 1 1 1 
303 0 0 1 1 1 1 4 0 4 0 1 0 0 18 18 6 18 0 0 0 18 214 24 102 33 47 88 46 75 33 42 4 4 4 1 0.86 25 25 25 18 
304 0 0 1 1 1 1 4 0 4 0 1 0 0 7 7 0 7 0 0 0 7 100 10 34 12 13 56 9 18 10 8 2 2 2 1 1.65 8 8 8 7 
305 0 0 2 2 2 1 4 0 4 0 1 0 1 16 16 4 16 0 0 0 16 226 23 89 31 37 114 37 64 30 34 4 4 4 2 1.28 26 26 26 16 
306 0 0 1 1 1 1 3 0 3 0 1 0 0 6 6 0 6 0 0 0 6 70 8 21 9 5 41 6 13 8 5 1 1 1 0 1.95 6 6 6 6 
307 2 2 4 2 4 1 7 0 7 0 3 2 3 35 33 4 35 0 1 2 32 630 45 328 79 222 260 154 213 77 136 68 6 68 2 0.79 124 58 127 42 
308 1 1 2 2 2 1 6 0 6 0 2 0 0 13 13 2 13 0 0 0 13 184 18 83 25 40 83 33 59 27 32 4 4 4 2 1 22 22 22 13 
309 0 0 2 2 2 1 4 0 4 0 1 0 0 6 6 0 6 0 0 0 6 98 10 39 13 15 49 15 27 13 14 3 3 3 2 1.26 9 9 9 6 
310 0 0 1 1 1 1 4 0 4 0 1 0 0 9 9 2 9 0 0 0 9 134 14 52 17 22 68 23 36 15 21 2 2 3 1 1.31 12 12 13 9 
311 0 0 1 1 1 1 4 0 4 0 1 0 0 18 18 6 18 0 0 0 18 209 23 91 30 41 95 42 65 28 37 3 3 3 2 1.04 22 22 22 18 
312 1 1 1 1 1 1 3 0 3 0 1 0 0 6 6 2 6 0 0 0 6 134 11 34 14 12 89 16 23 12 11 1 1 1 0 2.62 6 6 6 6 
313 0 0 1 1 1 1 4 0 4 0 1 0 0 16 16 5 16 0 0 0 16 200 21 83 28 38 96 39 58 25 33 2 2 5 1 1.16 18 18 21 16 
314 0 0 1 1 1 1 4 0 4 0 1 0 0 12 12 2 12 0 0 0 12 147 17 63 20 27 67 28 44 18 26 2 2 3 1 1.06 15 15 16 12 
315 0 0 1 1 1 1 1 0 1 0 1 0 0 2 2 0 2 2 0 0 0 61 4 5 4 0 52 3 4 4 0 1 1 1 0 10.4 2 2 2 2 
316 0 0 1 1 1 1 4 0 4 0 1 0 0 9 9 2 9 0 0 0 9 121 14 48 17 20 59 22 33 15 18 2 2 2 1 1.23 10 10 10 9 
317 0 0 1 1 1 1 3 0 3 0 1 0 0 15 15 4 15 0 0 0 15 171 20 72 25 31 79 34 51 23 28 2 2 2 1 1.1 16 16 16 15 
318 0 0 1 1 1 1 2 0 2 0 1 0 0 5 5 0 5 0 0 0 5 77 9 23 10 5 45 7 13 8 5 1 1 1 0 1.96 5 5 5 5 
319 0 0 1 1 1 1 5 0 5 0 1 0 0 7 7 1 7 0 0 0 7 125 12 46 20 15 67 14 24 15 9 2 2 2 1 1.46 8 8 8 7 
320 0 0 1 1 1 1 2 0 2 0 1 0 0 7 7 1 7 0 0 0 7 93 12 30 13 7 51 10 18 11 7 1 1 1 0 1.7 7 7 7 7 
321 0 0 1 1 1 1 3 0 3 0 1 0 0 11 11 1 11 0 0 0 11 155 16 53 19 20 86 22 36 16 20 2 2 2 1 1.62 13 13 14 11 
322 0 0 1 1 1 1 4 0 4 0 1 0 0 15 15 5 15 0 0 0 15 185 20 82 26 38 83 39 58 24 34 3 3 3 1 1.01 18 18 18 15 
323 0 0 1 1 1 1 5 0 5 0 1 0 0 11 11 3 11 0 0 0 11 166 16 69 20 34 81 36 50 18 32 2 2 2 1 1.17 13 13 13 11 
324 0 0 2 2 2 1 4 0 4 0 1 0 1 15 15 4 15 0 0 0 15 196 22 91 30 41 83 40 65 29 36 4 4 4 2 0.91 23 23 23 15 
325 1 2 2 2 2 1 4 0 4 0 2 0 4 41 43 17 43 0 0 0 43 463 51 228 76 105 184 102 166 74 92 6 6 6 3 0.81 65 65 66 43 
326 0 0 1 1 1 1 1 0 1 0 1 0 0 2 2 0 2 2 0 0 0 98 6 6 5 0 86 4 5 5 0 1 1 1 0 14.33 2 2 2 2 
327 0 0 1 1 1 1 4 0 4 0 1 0 0 18 18 6 18 0 0 0 18 213 23 99 31 48 91 47 72 29 43 4 4 4 2 0.92 24 24 24 18 
328 0 0 1 1 2 1 5 0 5 0 1 0 0 18 18 3 18 0 0 0 18 214 22 101 33 51 91 47 69 27 42 4 2 8 1 0.9 23 21 27 18 
329 0 0 2 2 2 1 4 0 4 0 1 0 0 17 17 3 17 0 0 0 17 168 21 94 26 40 58 46 84 24 60 4 4 5 1 0.62 37 37 39 17 
330 0 0 2 1 2 1 6 0 6 0 1 0 0 8 8 0 8 0 0 0 8 134 11 61 15 37 62 25 36 12 24 6 2 6 1 1.02 14 10 19 8 
331 0 0 1 1 1 1 4 0 4 0 1 0 0 8 8 1 8 0 0 0 8 109 13 42 15 17 54 19 29 13 16 3 3 4 1 1.29 10 10 11 8 
332 1 1 2 2 2 1 4 0 4 0 1 0 0 12 12 2 12 0 0 0 12 162 18 72 22 31 74 29 53 24 29 3 3 3 2 1.03 19 19 19 14 
333 0 0 1 1 1 1 4 0 4 0 1 0 0 14 14 4 14 0 0 0 14 183 19 73 25 32 91 32 51 23 28 3 3 3 2 1.25 18 18 18 14 
334 0 0 1 1 1 1 3 0 3 0 1 0 0 10 10 3 10 0 0 0 10 115 13 39 16 15 63 17 28 16 12 1 1 1 0 1.62 10 10 10 10 
335 0 0 1 1 1 1 3 0 3 0 1 0 0 14 14 2 14 0 0 0 14 182 19 60 24 22 103 26 41 22 19 2 2 2 0 1.72 17 17 18 14 
336 0 0 2 2 2 1 6 0 6 0 1 0 0 7 7 1 7 0 0 0 7 131 12 53 14 25 66 22 37 13 24 4 4 4 2 1.25 13 13 13 7 
337 0 0 1 1 1 1 1 0 1 0 1 0 0 1 1 0 1 1 0 0 0 59 3 4 3 0 52 2 3 3 0 1 1 1 0 13 1 1 1 1 
338 0 0 1 1 1 1 3 0 3 0 1 0 0 12 12 2 12 0 0 0 12 130 17 51 19 17 62 21 34 17 17 2 2 2 0 1.22 13 13 13 12 
339 0 0 2 2 2 1 5 0 5 0 1 0 1 10 10 2 10 0 0 0 10 168 17 68 23 29 83 28 48 22 26 4 4 4 2 1.22 18 18 18 10 
340 0 0 1 1 2 1 4 0 4 0 1 0 0 9 9 0 9 0 0 0 9 140 13 51 14 24 76 19 33 13 20 4 4 4 1 1.49 13 13 15 9 
341 0 0 1 1 1 1 3 0 3 0 1 0 0 9 9 1 9 0 0 0 9 110 14 43 15 15 53 15 26 13 13 3 3 3 1 1.23 12 12 12 9 
342 0 0 1 1 1 1 3 0 3 0 2 0 0 12 14 7 14 0 0 0 14 116 16 57 23 22 43 28 42 21 21 2 2 2 0 0.75 15 15 15 14 
343 0 0 1 1 1 1 3 0 3 0 1 0 0 12 12 0 12 0 0 0 12 132 16 52 18 19 64 20 34 16 18 2 2 2 1 1.23 13 13 13 12 
344 0 0 1 1 1 1 3 0 3 0 1 0 0 9 9 2 9 0 0 0 9 110 14 39 16 11 57 14 24 14 10 2 2 2 0 1.46 10 10 10 9 
345 0 0 1 1 2 1 4 0 4 0 1 0 0 8 8 1 8 0 0 0 8 112 13 46 15 19 53 19 31 13 18 2 2 3 1 1.15 11 11 12 8 
346 0 0 2 2 2 1 5 0 5 0 1 2 0 22 20 4 22 0 1 0 21 290 29 148 45 73 115 73 114 48 66 4 4 5 2 0.78 38 38 40 24 
347 0 0 2 2 2 1 4 0 4 0 1 0 0 37 37 14 37 1 0 0 36 351 46 187 65 87 118 91 151 66 85 6 6 6 4 0.63 63 63 65 37 
348 1 2 1 1 1 1 3 0 3 0 1 0 0 10 10 2 10 0 0 0 10 127 15 48 18 17 64 17 29 16 13 2 2 2 1 1.33 11 11 11 10 
349 0 0 2 2 2 1 6 0 6 0 1 0 0 11 11 2 11 0 0 0 11 186 17 82 22 38 87 32 58 23 35 5 5 5 3 1.06 22 22 22 11 
350 0 0 2 2 2 1 5 0 5 0 1 0 1 15 15 4 15 0 0 0 15 211 22 94 31 45 95 44 70 31 39 4 4 4 2 1.01 23 23 23 15 
351 0 0 1 1 1 1 4 0 4 0 1 0 0 14 14 5 14 0 0 0 14 166 18 68 25 29 80 30 47 24 23 2 2 6 1 1.18 16 16 20 14 
352 0 0 1 1 1 1 4 0 4 0 1 0 0 10 10 1 10 0 0 0 10 120 15 51 17 21 54 23 35 15 20 2 2 2 1 1.06 11 11 11 10 
353 1 1 2 2 2 1 5 0 5 0 1 0 1 14 14 4 14 0 0 0 14 200 21 95 29 44 84 41 69 29 40 4 4 4 2 0.88 25 25 25 14 
354 0 0 2 2 2 1 5 0 5 0 1 0 0 14 14 2 14 0 0 0 14 187 18 78 27 36 91 32 52 22 30 4 4 5 2 1.17 21 21 22 14 
355 1 2 1 1 2 1 4 0 4 0 1 0 0 13 13 1 13 0 1 0 12 173 19 74 24 32 80 29 50 22 28 3 3 4 2 1.08 18 18 20 13 
356 0 0 2 2 2 1 5 0 4 0 1 0 0 11 11 2 11 0 0 0 11 158 17 64 19 29 77 25 43 17 26 3 3 4 2 1.2 17 17 19 11 
357 0 0 1 1 1 1 5 0 5 0 1 0 0 7 7 1 7 0 0 0 7 111 12 46 14 21 53 21 31 12 19 2 2 2 1 1.15 9 9 9 7 
358 0 0 1 1 1 1 4 0 4 0 1 0 0 14 14 4 14 0 0 0 14 165 19 71 24 31 75 33 50 22 28 2 2 2 1 1.06 16 16 16 14 
359 0 0 1 1 1 1 3 0 3 0 1 0 0 6 6 1 6 0 0 0 6 102 11 32 12 13 59 15 22 11 11 1 1 1 0 1.84 6 6 6 6 
360 0 0 1 1 1 1 4 0 4 0 1 0 0 12 12 3 12 0 0 0 12 171 17 67 21 30 87 29 46 19 27 3 3 3 2 1.3 16 16 16 12 
361 0 0 1 1 1 1 3 0 3 0 1 0 0 10 10 2 10 0 0 0 10 114 14 42 17 13 58 16 28 15 13 2 2 2 1 1.38 11 11 11 10 
362 0 0 1 1 1 1 2 0 2 0 1 0 0 3 3 0 3 0 0 0 3 63 7 15 6 3 41 5 9 6 3 1 1 1 0 2.73 3 3 3 3 
363 0 0 2 2 2 1 4 0 4 0 1 0 0 8 8 1 8 0 0 0 8 122 14 48 17 19 60 19 35 18 17 3 3 3 2 1.25 12 12 12 8 
364 0 0 1 1 1 1 3 0 3 0 1 0 0 11 11 0 11 0 0 0 11 126 15 45 16 16 66 18 30 15 15 1 1 1 0 1.47 11 11 11 11 
365 0 0 2 2 2 1 5 0 5 0 1 0 0 7 7 1 7 0 0 0 7 123 12 47 14 20 64 19 31 12 19 3 3 3 2 1.36 11 11 11 7 
366 0 0 1 1 1 1 3 0 3 0 1 0 0 10 10 3 10 0 0 0 10 136 13 37 15 13 86 14 26 15 11 2 2 2 1 2.32 11 11 11 10 
367 0 0 1 1 1 1 3 0 3 0 1 0 0 7 7 1 7 0 0 0 7 94 10 29 12 9 55 11 19 10 9 1 1 1 0 1.9 7 7 7 7 
368 0 0 1 1 2 1 3 0 3 0 1 0 0 8 8 1 8 0 0 0 8 107 13 40 14 14 54 13 24 12 12 2 2 3 1 1.35 11 11 12 8 
369 1 1 1 1 1 1 4 0 4 0 1 0 1 3 3 2 3 0 0 0 3 34 8 21 11 7 5 13 17 11 6 1 1 1 0 0.24 3 3 3 3 
370 3 2 1 1 1 1 3 0 3 0 1 0 1 5 5 3 5 0 0 0 5 70 9 30 14 10 31 15 21 14 7 1 1 3 0 1.03 5 5 7 5 
371 4 2 1 1 1 1 1 0 1 0 1 0 0 1 1 0 1 0 0 0 1 42 4 10 8 0 28 5 6 6 0 1 1 1 0 2.8 1 1 1 1 
372 4 2 3 3 4 1 21 0 17 3 1 2 2 13 11 10 13 0 5 0 8 388 27 253 73 151 108 114 159 57 102 11 11 12 4 0.43 45 45 49 19 
373 4 2 1 1 1 1 4 0 4 0 1 0 1 5 5 4 5 0 0 0 5 89 9 34 17 12 46 19 25 16 9 1 1 1 0 1.35 5 5 5 5 
374 3 2 2 2 2 1 6 0 6 0 2 3 5 10 7 6 10 2 2 4 2 168 16 102 47 48 50 51 69 40 29 6 6 6 3 0.49 17 17 17 14 
375 3 2 1 1 1 1 4 0 4 0 1 0 1 3 3 1 3 0 0 0 3 42 6 20 10 6 16 9 14 9 5 2 2 2 1 0.8 4 4 4 3 
376 3 2 1 1 1 1 3 0 3 0 1 0 1 6 6 5 6 0 0 0 6 101 9 35 18 11 57 20 27 17 10 1 1 1 0 1.63 6 6 6 6 
377 3 2 1 1 1 1 1 0 1 0 1 0 1 2 2 0 2 0 0 0 2 87 5 13 12 2 69 8 9 9 0 1 1 1 0 5.31 2 2 2 2 
378 3 2 2 2 2 2 9 0 8 0 1 1 1 8 7 0 8 0 2 4 2 167 13 85 40 36 69 34 50 27 23 6 6 6 3 0.81 18 18 18 15 
379 4 2 3 3 3 2 9 0 9 0 1 0 0 2 2 1 2 0 0 0 2 45 5 30 16 10 10 15 23 16 7 3 3 3 2 0.33 5 5 5 4 
380 3 2 3 3 3 2 11 0 11 0 1 0 1 3 3 2 3 0 0 0 3 69 6 42 15 22 21 20 31 15 16 8 8 8 6 0.5 10 10 10 7 
381 3 2 2 2 2 1 8 0 8 0 2 0 1 9 9 6 9 3 2 2 2 134 15 104 53 40 15 50 67 42 25 3 3 3 2 0.14 16 16 16 11 
382 3 2 1 1 1 1 4 0 4 0 1 0 1 3 3 1 3 0 0 2 1 42 7 23 15 5 12 9 13 10 3 1 1 1 0 0.52 3 3 3 3 
383 3 2 1 1 1 1 1 0 1 0 1 0 0 1 1 0 1 0 0 0 1 21 2 6 4 0 13 3 4 4 0 1 1 1 0 2.17 1 1 1 1 
384 3 2 1 1 1 1 1 0 1 0 1 0 0 1 1 0 1 0 0 0 1 27 3 6 5 0 18 4 5 5 0 1 1 1 0 3 1 1 1 1 
385 4 2 2 2 3 2 11 0 11 0 2 2 2 23 21 8 23 4 9 7 3 372 30 288 110 145 54 110 161 77 84 8 8 9 2 0.19 54 54 59 40 
121 0 0 1 1 1 1 1 0 1 0 1 0 0 5 5 0 5 0 0 0 5 91 9 11 10 0 71 8 9 9 0 1 1 1 0 6.45 5 5 5 5 
182 0 0 1 1 1 1 1 0 1 0 1 0 0 1 1 0 1 0 0 0 1 61 4 4 3 0 53 2 3 3 0 1 1 1 0 13.25 1 1 1 1 
123 0 0 1 1 1 1 1 0 1 0 1 0 0 12 12 0 12 0 0 0 12 119 15 16 14 0 88 13 14 14 0 1 1 1 0 5.5 12 12 12 12 
124 0 0 1 1 1 1 1 0 1 0 1 0 0 2 2 0 2 2 0 0 0 69 8 7 6 0 54 4 5 5 0 1 1 1 0 7.71 2 2 2 2 
262 0 0 2 2 2 1 11 0 9 1 2 0 0 9 9 1 9 0 0 8 1 165 15 101 43 43 49 40 56 30 26 4 4 4 1 0.49 17 17 17 11 
263 0 0 3 3 3 2 10 0 9 1 1 0 0 3 3 0 3 0 0 0 3 89 5 38 14 19 46 17 27 12 15 4 4 4 2 1.21 9 9 9 5 
386 11 3 6 3 7 3 20 0 20 0 2 0 0 14 14 5 14 2 10 0 2 372 23 302 49 223 47 139 189 50 139 19 8 19 4 0.16 79 48 96 40 
99 0 0 6 4 6 2 23 1 20 1 2 10 2 21 11 12 21 6 15 0 0 620 68 460 109 316 98 251 342 125 217 26 12 26 5 0.21 121 89 126 35 
217 0 0 2 2 2 1 9 0 8 0 1 0 0 10 10 4 10 0 0 1 9 222 21 100 43 46 101 47 64 36 28 6 6 8 2 1.01 18 18 20 10 
101 7 8 6 4 6 1 39 2 34 3 3 9 20 120 111 45 120 16 96 0 8 5107 497 4182 604 3366 467 2176 2693 593 2100 114 33 115 6 0.11 687 529 723 157 
104 0 0 2 2 2 1 7 0 7 0 1 0 0 11 11 2 11 9 1 0 1 135 16 83 27 41 36 50 71 32 39 2 2 3 1 0.43 20 20 23 11 
108 0 0 2 2 2 1 6 0 6 0 1 2 0 13 11 6 13 13 0 0 0 151 17 95 29 39 39 41 63 29 34 5 5 6 2 0.41 21 21 24 13 
111 0 0 2 2 2 1 8 0 8 0 3 23 8 25 2 6 25 2 1 0 22 311 34 214 88 99 63 88 132 64 68 6 6 6 2 0.29 42 42 43 30 
112 0 0 4 4 4 1 18 0 13 4 1 0 0 4 4 2 4 1 1 2 0 136 13 65 19 34 58 28 44 17 27 12 12 14 4 0.89 15 15 17 4 
114 1 7 13 10 15 6 59 1 54 3 1 1 3 7 6 3 7 1 6 0 0 509 34 390 62 270 89 159 231 63 168 74 51 78 4 0.23 94 71 103 39 
78 7 11 8 5 9 4 35 1 32 2 8 37 66 64 27 63 64 15 35 7 7 2800 203 2242 404 1633 442 1283 1612 358 1254 96 50 116 7 0.2 503 334 577 270 
79 2 7 10 4 10 7 19 1 17 0 1 1 24 10 9 0 10 1 1 5 3 312 41 213 62 152 73 135 176 31 145 45 24 47 3 0.34 95 41 103 69 
80 5 10 9 8 10 5 48 2 38 7 2 6 0 13 7 17 13 1 6 0 6 757 61 529 138 368 189 277 375 118 257 22 18 26 5 0.36 112 106 136 63 
83 3 8 1 1 1 1 5 0 5 0 1 0 1 4 4 3 4 0 0 0 4 76 9 28 11 10 39 12 17 10 7 2 2 2 0 1.39 5 5 5 4 
193 0 0 3 3 3 2 13 0 13 0 1 0 0 3 3 2 3 0 0 2 1 114 10 49 17 23 55 19 30 12 18 5 5 5 2 1.12 10 10 10 5 
194 0 0 2 2 2 1 8 0 8 0 2 1 1 11 10 3 11 3 0 1 7 220 21 108 48 58 94 45 70 34 36 3 3 4 2 0.87 22 22 25 13 
242 0 0 1 1 1 1 3 0 3 0 3 3 1 22 19 0 22 0 0 1 21 173 28 81 32 30 64 33 53 31 22 2 2 2 1 0.79 25 25 25 22 
243 1 4 1 1 1 1 1 0 1 0 1 0 0 13 13 0 13 0 0 0 13 138 15 32 19 3 91 14 19 16 3 2 2 2 0 2.84 14 14 14 13 
